-0.003280845
0.006652576
0.01458578
-0.01114408
-0.01732563
-0.008385688
-0.003081021
0.01299281
0.009462235
0.005927585
-0.001093423
-0.005615431
0.002986902
0.006398457
-0.004110947
-0.006472591
0.004238087
0.008440147
0.008777426
0.002549987
-0.01658249
-0.01468053
0.01226346
0.02324852
0.003311268
-0.01391788
-0.02097457
-0.002345626
0.009046425
-0.005194123
-0.00342067
-0.004163556
-0.004034341
0.000383975
-0.0006006478
-0.00178009
0.00533715
0.009029231
0.01213175
-0.0007481061
-0.005552622
-0.002757118
0.004842587
-0.001106366
-0.01865578
-0.001504789
0.01981494
0.02251865
-0.01041236
-0.0300803
-0.01429101
0.01563752
0.01564334
0.002506458
-0.01766332
-0.0115579
0.01694059
-0.003074144
8.580994e-07
-0.006453999
-0.008506534
0.01167285
0.01289554
-0.01664804
-0.008935089
-0.005605079
-0.007512768
0.0003797025
-0.002960065
0.01185515
0.009637382
0.008781317
-0.007573646
-0.01996795
0.01089187
0.01277553
-0.004635132
-0.004707831
-0.01871679
0.01201349
0.01905122
-0.01176428
-0.02173301
-0.008105064
0.004011244
0.006178473
0.007999922
0.002960853
0.002935085
0.0002063181
-0.003820908
-0.01218619
-0.01050652
-0.0003751213
0.01810396
0.004024635
-0.008192166
0.007192234
0.008761756
-0.001505822
-0.009671178
-0.01038339
0.0003141105
0.01310466
0.01223944
0.01444851
-0.00110776
-0.01840823
-0.003628679
0.006067192
0.009123886
-0.005996841
-0.005386107
0.003765088
-0.006849276
-0.001237479
-0.002720801
0.005657238
0.004326918
-0.01544806
0.0006401607
-0.002360917
-0.004761213
0.009629732
0.009002197
0.0143386
-0.00412261
-0.007156322
0.01047007
0.02362478
-0.002286513
-0.01464302
0.01590167
0.03832512
0.007213878
-0.02925237
-0.02350285
-0.001756673
0.009172405
0.007361683
0.009443283
-0.01281334
-0.01388456
0.008367547
0.000577589
-0.009157507
-0.005789682
0.007335463
0.01118065
-0.001801103
-0.002668315
-0.009213866
-0.003153236
0.01403967
0.008415186
-0.002885602
-0.009301609
0.004259085
0.01021058
0.01366614
-0.01171983
-0.02368055
0.01907357
0.02120823
0.0002919074
-0.01146889
-0.01311435
0.008936832
0.006663054
-0.009656121
-0.0163567
0.00486829
0.01246506
-0.003277816
-0.006162568
-0.008739279
0.004739831
-0.004019099
-0.001383607
0.008368426
0.006681158
0.003288452
0.006157526
0.006262402
-0.009777282
-0.001913265
0.006939133
0.01627093
0.0002955109
-0.01161215
-0.002594508
0.002439014
0.002694856
-0.02204848
-0.01410082
0.001019489
0.009830074
-0.006487039
-0.02385781
-0.003687484
0.0152109
0.009548715
0.01187822
-0.01250096
-0.01360681
0.00294048
-0.001419166
0.007880008
0.000121723
0.01920984
0.001001655
-0.02058987
-0.01146205
-0.007281231
0.004040608
-0.002702771
-0.01251941
-0.001156769
0.006686873
-0.004969843
-0.0117683
0.01039513
-0.004525589
-0.008608803
0.01897184
0.004908951
-0.00135298
-0.005348471
0.01132226
0.02423327
-0.02520424
-0.01083667
0.01320662
0.0006319184
0.01137543
-0.006260512
-0.009930618
0.00636068
0.0121521
-0.009329247
-0.01768319
-0.02104831
-0.01273545
0.009229092
0.01108229
0.01149423
-0.01277476
-0.007875839
-0.000460575
0.00575007
-0.01417066
-0.01109244
0.03244205
0.006671616
-0.01089598
0.01314325
0.02132454
0.0002226524
0.001702543
-0.000696625
0.009189087
0.03505616
0.01156441
-0.03129611
-0.0180903
0.01305834
-0.003534125
-0.04029301
-0.04187515
-0.008063293
0.02615759
0.01169795
-0.02682451
-0.008493193
0.02778809
0.01456571
-0.01401276
-0.01506756
-0.009269997
0.01473559
0.03695719
0.02247002
-0.008791054
-0.009047186
0.004877741
0.01765313
0.01215114
-0.00444539
-0.0190366
-0.02610735
-0.0186992
0.001005056
0.007002549
0.01227686
0.009734918
0.01063751
0.01878109
-0.007752275
0.002832162
0.02113902
-0.006394962
0.0003971163
0.004044536
-0.01695634
0.01025818
0.02914134
0.01046504
0.009349062
0.01977744
-0.01145403
-0.01640419
0.007481058
0.005884663
0.003986349
-0.02477876
-0.03609576
-0.006692308
0.00522426
0.01520487
0.01216212
-0.003630631
0.01290552
0.005883751
0.009610744
0.03054513
0.01737685
-0.03810716
-0.02330194
0.01222865
-0.005069613
-0.004904457
-0.0032399
0.01860944
-0.009461046
-0.003517587
-0.001021728
-0.01501315
0.001775972
0.007408332
0.004300313
0.01027437
0.0183221
-0.00376506
0.009221504
-0.02254749
-0.03996713
-0.0001035628
-0.004709957
-0.01996107
-0.0198316
0.003628323
0.0002265507
-0.01527956
-0.004826672
-0.0008538426
0.01883005
0.004325578
0.002404849
0.0050884
0.02267109
0.01379906
-0.01557496
-0.003468648
-0.01655123
0.005618402
0.02192916
-0.02378221
-0.01267345
0.003995325
0.0120655
0.0145726
-0.008983342
-0.01782374
0.005302657
-0.01260656
-0.02856044
0.0113674
-0.00393368
-0.01777616
-0.01727029
0.01431089
0.02469137
-0.000369065
-0.00145338
-0.0114933
-0.01263575
0.01203188
-0.003173317
-0.001328191
0.03515614
0.007222365
0.002904653
0.02048634
0.01907665
-0.005257538
0.005681911
0.02071054
0.001714014
-0.01754465
-0.04580992
0.001204891
0.006373184
0.01409658
0.05484859
0.03781863
0.02164648
0.0005263179
-0.01415459
-0.03343059
-0.02097337
-0.006746455
0.002672183
0.007364141
0.009286801
0.0007554798
-0.01340828
-0.0002544001
-0.0185563
-0.0232208
-0.006535676
0.0226985
0.01468739
0.007167911
-0.006606205
-0.01412976
0.01482188
-0.01174405
-0.007899707
0.01967902
0.02671494
0.02669655
0.002909098
-0.05073579
-0.04660483
-0.01371598
-0.00361903
0.01612916
-0.003416111
0.009006439
0.02097713
-0.00211672
-0.02468017
-0.02175382
0.003877735
-0.0006735328
0.00400416
0.01104519
-0.006449872
-0.009355879
-0.01807588
-0.01490269
0.02958765
0.02167956
-0.0001872215
-0.009524326
-0.01752829
0.007037369
0.02185897
0.01868267
0.005266584
0.009882064
0.0002797629
-0.02728576
-0.02318334
0.01440772
-0.003269915
-0.0003272338
0.01728305
0.00478293
-0.005244707
0.002539916
0.0182377
-0.002126617
0.01012969
0.005599851
0.005988456
0.016421
-0.009986813
-0.02677501
-0.01679432
-0.004872573
0.001969574
-0.003953578
0.004662349
0.03157096
-0.008166213
-0.02381812
0.0120471
-0.005212325
0.0008219848
0.006957275
-0.006997354
0.0154712
0.01100563
-0.006732179
-0.005790727
-0.008853795
-0.005339901
0.006883772
0.005578166
0.02631578
-0.001139566
-0.004672851
0.009560224
-0.00487992
-5.940478e-05
-0.002119809
-0.004379112
-0.009621916
-0.006200838
-0.01255646
-0.003693683
0.02193585
0.01332195
-0.008225547
0.02616681
0.01583013
-0.01490553
-0.02207307
-0.01314603
0.0004301726
-0.002104526
-0.002959285
-0.004908503
-0.02108978
0.0008973415
0.02368312
0.002446727
0.005397591
-0.02401206
-0.0208113
0.01151046
0.008963527
0.01169917
0.02054972
0.007581443
-0.00951273
0.004307255
-0.02786456
-0.04646425
-0.006786244
2.838338e-05
0.02574973
0.01412786
-0.01725957
-0.01838666
-0.01656085
0.002485614
0.0003874837
0.01463077
0.01943906
-0.01760427
-0.02284909
-0.01453098
-0.01157501
0.002403078
0.0007231504
-0.007379717
0.004700155
-0.0008241525
0.00862412
0.01068759
0.01318355
0.02214018
-0.002847765
-0.0007312504
-0.006221896
0.004790039
-0.001266706
-0.00685731
-0.009102314
-0.03306516
-0.02264788
-0.006664465
0.003421311
0.005683688
0.01305729
0.004133323
0.001354861
0.0207665
0.0267172
0.01571754
0.01827979
0.01735161
0.003310313
-0.01284341
-0.01521795
-0.008300286
-0.003149266
0.004997494
0.006897775
0.01363898
0.01370632
0.01280364
-0.001579359
-0.02145506
-0.01410797
-0.02148561
-0.02880409
-0.004240425
0.0250285
0.01902072
-0.004967615
-0.01305415
0.003407653
-0.01022462
-0.03673746
-0.001737152
0.01101389
-0.0005069815
0.006601424
-0.00182783
0.004498236
0.01606098
0.01360791
0.003887336
-0.01347712
0.00655571
-0.001731762
-0.005176275
0.01125085
0.01420174
0.01854187
0.001116218
0.001072387
-0.01165718
-0.03370853
-0.009659965
0.006685564
-0.008018727
0.009965945
0.01150617
-0.003157315
0.01557909
-0.003497934
-0.001807763
0.02263045
-0.01711586
-0.02952005
-0.005700977
0.008174116
0.01426763
0.01760408
0.01870367
0.006836005
-0.009055561
-0.01728795
-0.02292749
0.0005957784
0.009073033
-0.005337494
-0.01587304
-0.0153375
0.01369989
0.0188754
0.005248238
-0.01291487
-0.01984267
-0.0001627556
0.01241796
-0.002695344
0.007712771
0.01893995
0.02644718
0.02091882
0.003726757
-0.02262593
-0.02190373
-0.02483721
-0.004980834
0.0148735
-0.001197579
-0.001702441
0.005922096
0.01635265
-0.01152595
-0.01086087
0.00358951
-0.001007591
0.01356417
0.03527797
0.02086745
-0.0005249743
-0.01579535
-0.02111767
-0.01444071
-0.007747435
0.008953066
0.0163532
0.01032097
-0.003597913
-0.003040952
-0.001372192
-0.00114673
0.01503051
0.01161355
0.007174553
-0.01081412
-0.02030008
-0.01060596
0.004547201
0.01780214
0.01655269
0.001595448
-0.01223265
-0.004000186
-0.010266
-0.01319234
-0.0002882771
0.002186286
-0.007927989
0.006288813
0.01484972
0.01493442
0.010117
-0.01015749
-0.02164061
-0.02635296
-0.01045214
0.005082506
0.005483411
0.01165854
0.01711762
0.001631006
0.002771411
-0.01791924
-0.008766738
-0.002284593
0.009415874
0.009507719
-0.009998715
0.01116327
0.01521272
0.02247822
0.002129269
-0.001731384
0.008916441
0.004035789
-0.02118978
-0.02075726
-0.01699647
-0.003438583
0.004030924
0.01369343
0.01654438
-0.007778494
0.001543333
-0.01793658
-0.01640857
-0.001611383
-0.001684775
0.01456285
0.002076061
0.0007052291
0.01555546
0.01154997
-0.008142105
-0.01645098
-0.003241928
0.00869314
0.003904289
0.0157139
0.01580677
-0.005406123
-0.01909651
-0.0131927
0.0124124
0.01080799
-0.01368522
-0.003093487
0.006254863
-0.02538753
-0.008603377
-0.01021289
-0.01046274
0.01567685
-0.007661717
-0.002142447
0.0127139
-0.01025135
-0.02042376
-0.0001359055
8.242508e-05
0.005607816
-0.003161073
-0.01698712
-0.002350072
-0.0004181409
0.00416069
-0.00946952
-0.005122228
0.01186286
0.009590354
0.01309105
-0.009630422
-0.01988749
-0.01401632
0.004541612
0.03917678
0.01557811
-0.01447103
-0.002466601
0.00496925
-0.002344098
-0.004878746
-0.001551454
-0.002032842
-0.01309061
-0.01142592
0.004847214
0.008248968
0.01421908
0.01352247
-0.009374437
-0.001286804
0.003986649
-0.01810548
-0.01907341
-0.008861114
0.007714959
0.009828452
0.01611782
0.02241026
-0.00384143
-0.01823358
-0.01117104
-0.008843352
-0.01043246
-0.01217865
-0.002438613
0.008833461
-0.0002006266
0.004906566
0.01707012
-0.001435687
-0.008932635
-0.008084961
-0.02640411
-0.03344409
-0.02237398
-0.004606548
0.01295485
0.02344356
0.02786939
0.02313155
-0.001360641
-0.01246839
0.01046535
0.02226476
-0.0007678068
-0.02784263
-0.0289452
-0.001319466
0.02324423
0.01408468
-0.009216146
0.004896628
0.01982642
0.02062717
0.00638905
-0.01137522
-0.0008610033
0.02206355
0.02363236
0.002792798
-0.03155973
-0.009443015
0.03288908
0.002436013
-0.006252293
0.00441288
-0.005906406
-0.01040965
-0.02339726
-0.02402042
-0.01451193
0.0134963
0.0175019
0.01985917
0.02033556
0.004431778
0.01950233
0.02016947
0.00134746
-0.007737626
0.004170927
0.0194057
0.02058283
-0.01596677
-0.01035774
0.0008398758
-0.01294741
-0.0122813
-0.008411363
0.01760175
0.008007684
0.02172164
0.02425537
0.01449504
0.03123228
0.003205792
-0.004551254
0.00210022
-0.01388415
-0.01448793
-0.006501279
-0.003601366
-0.0007371527
-0.006949919
0.008731615
0.005663507
-0.00966908
0.004161154
-0.004505732
-0.0131512
0.004758014
-0.0001032522
0.007682461
-0.007790885
-0.02304697
0.02492776
0.02677299
-0.005259033
-0.009273701
-0.005411927
0.008620266
-0.01355652
-0.01875133
0.007469865
0.03391852
0.06366585
0.02145014
-0.0223843
-0.02457113
-0.0293253
-0.008263265
0.004988627
-0.00504506
-0.0001949072
-0.001702415
0.0001417979
0.01159747
0.009156663
-0.007652885
-0.03816205
-0.00834536
0.01433949
-0.02097693
-0.01594828
-0.01538417
-0.02129808
-0.007127167
0.002839305
-0.02069918
-0.03738531
-0.01870192
0.003415812
0.0002610043
0.01998072
0.02405873
0.007923399
0.005923231
-0.01779886
-0.004886626
0.006945425
-0.02189094
-0.007499712
0.02071966
-0.002160929
-0.001388738
0.004412053
-0.007022096
0.006803035
0.01126049
-0.01168334
-0.02259219
-0.01503496
-0.02378141
-0.03654156
-0.02153425
0.01456054
0.04980465
0.04058186
0.005150172
-0.01129014
-0.03403201
-0.02436236
0.006427412
0.01487816
0.02032093
0.006413282
-0.01009231
-0.01328894
0.009087871
0.02538854
0.004885571
-0.00925056
-0.02018083
-0.02102126
-0.005585552
-0.01994098
-0.03581621
-0.02233686
-0.005436435
0.007716513
0.005488882
0.009473052
0.01495866
0.02796269
-0.009785424
-0.03626865
0.004693574
0.02522928
0.02190719
-0.01983932
-0.01487187
0.02076187
0.01171554
0.0005751503
0.002043998
0.007602025
0.003852553
0.002577601
-0.003428112
0.01833772
0.03389072
-0.00201731
-0.0179976
0.01117852
0.01054107
-0.01001698
-0.01732625
-0.008110507
0.02315254
0.02674196
0.01139611
0.001296117
-0.008074577
-0.01285221
-0.01539808
-0.01714428
0.0001427277
0.01862109
0.01850384
0.0005049648
0.00171779
0.01193926
-0.006067779
-0.006144233
0.01383455
0.02151214
0.01912232
0.002580006
0.008382831
0.02954787
-0.0001626395
0.001574465
0.02595557
0.02152269
0.02313332
-0.004249558
-0.000954914
0.008913631
0.009357374
0.009885777
0.001181141
0.008242645
0.008856728
-0.01248265
-0.02420036
-0.005240562
-0.01065672
-0.02367596
-0.005226154
-0.007978071
-0.01489465
0.01305849
0.0134186
0.001694759
-0.007520899
-0.01806766
-0.01758617
-0.006229453
0.01352697
0.02526211
0.02023865
0.02880873
0.006873674
-0.01981968
-0.01447178
-0.004709322
-0.0006598813
-0.01457162
0.00334676
0.002884741
-0.01277936
-0.002339619
0.008993642
0.01220464
0.005665462
-0.006917218
-0.01426424
0.002723901
0.00623478
-0.00456902
0.0007207393
-0.001944481
0.006152317
-0.003805903
-0.0101676
-0.002605286
-0.001426127
-0.01076419
-0.01961877
-0.007839772
0.01979207
0.03363248
0.009150483
0.00390364
0.01907006
0.001083415
-0.01445013
-0.00727745
0.01370297
2.378405e-05
-0.0218307
-0.002088562
0.005795053
-0.003858189
-0.002996252
-0.007029296
-0.0043181
-0.003964124
-0.008676487
0.001104328
0.0009289238
0.005485299
0.001124835
-0.00408019
0.008477066
-0.008777219
1.929553e-05
0.01637299
-0.01209211
-0.01770208
-0.01226341
-0.003267991
-0.01192266
-0.0003099232
0.01384159
0.02470462
-0.001663362
-0.02328019
-0.01315155
0.006052018
0.02033817
0.01167432
0.006953798
-0.002116009
0.0003473232
-0.007761644
-0.004254852
0.00537908
-0.007175047
-0.01125706
-0.003807963
-0.02034927
-0.0221883
-0.02041245
-0.01646706
-0.004318826
0.01271622
0.02583855
0.01784791
0.015403
0.01645159
-0.003049762
-0.004986711
-0.008507721
-0.01013561
0.01041946
0.007633868
-0.01916864
-0.03153101
-0.02920232
-0.02941751
-0.0189788
0.01479954
0.02169885
0.002059801
-0.02779659
-0.0274416
-0.006075634
4.613883e-06
0.0135176
0.002660749
0.005911517
0.006621465
-0.001388568
0.001625559
-0.003950753
-0.01547265
-0.01897836
-0.009751414
0.0004333133
0.01263764
0.02108327
0.001359552
-0.01112828
0.01336704
-0.0005100306
-0.01455438
-0.009077979
-0.002569334
0.00705439
-0.003535224
0.01756656
0.05417744
0.06422243
0.06204679
0.02457508
-0.0547758
-0.08023599
-0.06243595
-0.03974909
-0.01333004
0.02371536
0.02668664
-0.001974313
0.009973989
0.01103073
0.02372159
0.002429117
-0.0218132
-0.03183774
-0.03853401
0.004318246
0.01449991
0.01340649
0.01043219
-0.0004542481
0.01752021
0.007530354
-0.01795126
-0.003357084
0.01932978
0.03574772
0.01994896
-0.03879078
-0.06086254
-0.04120202
-0.02261862
-0.001641284
0.03178005
0.04221569
0.02151379
0.01079055
0.02812649
0.007999869
-0.02778783
0.001325026
-0.0009332353
-0.01247248
0.02203006
0.008488558
-0.01168294
0.009497374
0.01582955
-0.02948801
-0.02732763
0.008867082
0.003219358
0.02281765
0.02340111
-0.01220707
-0.03923604
-0.0003209811
-0.004934425
0.00215357
0.02258112
0.009291562
0.0227362
-0.01313209
-0.02278637
-0.006043059
-0.001345945
-0.005353511
0.01039632
0.01096346
0.01513527
0.01143268
0.001137839
0.01185805
0.01026381
0.01183972
-0.003114488
-0.005265656
0.003979637
-0.01757295
-0.02436716
-0.03002713
-0.02413559
0.027302
0.02571081
0.01310872
0.01906247
0.01130946
0.005661735
-0.005949934
-0.0237122
-0.006268152
-0.000528602
-0.0008447917
0.02361482
0.02511525
0.03274894
0.03098435
0.006127977
-0.01625591
-0.02140996
-0.03148857
-0.02322248
0.0002018231
-0.002455268
0.00526818
0.009081969
0.0009586966
0.002077645
0.003358772
-0.008348781
0.01334867
0.01129643
-0.0001153176
-0.0007324106
-0.01440244
-0.002642857
-0.00732567
0.007102236
-0.0005120576
-0.01374145
0.01015613
0.01274592
0.009066787
0.01154233
0.004430897
0.006203662
-0.01416267
-0.03050919
-0.008798483
0.003144701
-0.003921854
-0.008446571
-0.009964327
0.011013
0.006870782
0.008283485
0.01256851
-0.008685228
-0.007727444
-0.006703361
-0.02425552
-0.006795156
0.007141106
0.006289409
0.01114665
-0.004547067
0.005304095
0.004538077
-0.01618016
-0.02062328
-0.008176219
0.01806838
0.006559723
-0.004605196
0.004344285
-0.01881787
-0.006693134
0.01390373
0.000144946
-0.005599694
-0.007622354
0.004168845
0.002685765
-0.000926056
0.005179663
-0.01508468
-0.003367939
-0.00336386
0.006596438
0.01648534
0.002153314
-0.002520327
0.00111699
-0.003793292
0.002371586
0.03026756
0.0144545
-0.001791042
-0.001170885
0.01148017
0.01150057
0.01389348
0.005980321
-5.400306e-05
0.000128573
0.001643269
0.01486654
0.00407188
0.003348695
0.01135263
0.005226506
-0.0126592
-0.0177184
0.00808759
0.01887
0.001705439
0.01342829
0.009463547
0.0006874612
-0.003308905
0.0003671686
0.009027982
0.004189095
0.004149308
-0.01317642
-0.01400671
-0.003131473
0.005677238
0.01649637
0.02242766
0.01663406
-0.01112117
-0.01208508
-0.01811023
-0.02565722
-0.008414127
0.01161968
0.0123806
0.01017535
0.002176498
-0.0003000717
-0.003135681
-0.008367272
-0.002510441
-0.01264925
-0.01401504
-0.003115331
-0.001139602
-0.01666707
-0.01103056
-0.0001869544
0.005243514
-0.01055528
-0.002252488
0.00303518
0.002872989
0.005907477
0.003583905
-0.0009224672
0.008272821
0.02340553
0.006006355
0.01136644
0.01247109
0.0104423
0.005665624
0.00410501
0.006315337
-0.01143676
-0.01744253
-0.009835384
-0.007817838
0.0008286877
-0.002945327
-0.02369724
0.003115484
0.01568085
-0.005675925
-0.01537614
-0.01484678
0.004488329
0.01332253
0.004100698
-0.001418538
0.008920166
0.01574089
0.01707605
-0.005158942
-0.005193639
-0.007000075
-0.009547033
-0.01421151
-0.007528486
0.01106406
0.004007679
-0.003277178
-0.01631382
-0.01100167
-0.008821951
0.003740351
0.008735273
-0.003243626
0.001665616
-0.004674723
-0.01321622
0.0046256
0.0006057607
-0.01543682
-0.003702758
0.0004802429
0.011791
0.02623928
0.006179944
-0.01525946
-0.001058016
0.01525482
0.001937683
-0.01388968
-0.008706059
-0.0001747987
-0.0004614396
-0.00603882
-0.008824462
-0.005350363
-0.004452784
-0.0009358462
-0.004766988
-0.00550039
0.0001840483
0.0005746861
0.001448804
-0.006208358
-0.007191661
-0.002436444
0.005482813
0.01440065
0.003828328
-0.01152474
0.005939681
0.01509008
0.0008916543
-0.003260789
-0.01382699
-0.01776116
-0.0167779
-0.01882404
-0.02472579
-0.009063714
0.000458981
-0.008905664
-0.004109648
-0.008166213
-0.008386558
0.007417296
-0.0003459491
-0.006560834
0.00329846
0.000106854
0.003367768
0.006860222
0.008845116
0.00591973
-0.006149956
-0.002283163
0.00969365
0.01322384
0.01244454
0.01138473
0.001885443
-0.005253564
0.004010048
0.003029801
0.007102633
0.004712745
-0.007615002
-0.00915829
-0.006821498
0.003709974
0.007688965
-0.002723223
-0.01189305
-0.0084669
-0.001914449
0.0006141021
0.002606133
0.006479044
0.008718935
0.01066099
0.000349776
-0.002459333
0.003785077
0.003975787
0.01582102
0.009462307
0.005399617
0.003914467
-0.003483624
0.0002801458
-0.01466594
-0.01430694
0.0003545137
0.004991403
0.003268592
-0.0002106594
0.0001656893
-0.0111849
-0.01598811
0.0001207149
0.004437323
0.01107443
-0.00392878
-0.008373972
0.004865595
0.0004877231
-0.007881409
-0.008665821
-0.009542035
-0.02638431
-0.01506234
0.008686286
0.02090075
0.01958696
0.01775705
0.02073337
0.01135444
-0.003682432
-0.01807262
-0.007507499
0.002970927
-0.01689259
-0.01154068
-0.008808135
-0.01478333
-0.01217828
0.004558862
0.005962348
5.513413e-06
0.004538359
0.002103584
-0.001405251
0.0005898341
0.0134673
0.002776644
-0.0008137913
0.003721093
0.007355318
0.01669644
0.02443413
0.01646789
0.002346975
-0.0045911
-0.003647636
-0.01475649
-0.01324999
-0.004049625
-0.01707098
-0.01413954
-0.01419057
-0.006209111
-0.0002982476
-0.006721224
-0.008020741
-0.008982639
-0.005815575
-0.002062012
-0.00105735
0.004225193
0.007944075
0.01143346
0.01095912
0.003454943
-0.005818935
-0.002526412
0.00270411
0.003969892
-0.007699966
-0.01821212
-0.009540122
-0.007975481
0.0001447007
-0.006201778
0.0007964037
0.0169144
0.01683787
0.01856367
0.009130669
0.00231907
-0.000365609
0.001939552
0.008525653
0.01371333
0.01118063
0.009574095
0.01246066
0.01387944
0.008272457
0.01120186
0.004941057
-0.0001742825
-0.0001365823
-0.008181363
-0.01047436
0.005314178
0.01399332
0.003570917
-0.001961603
-0.01313676
0.002634437
0.009712176
-0.0001145443
-0.007599345
-0.009575125
-0.005316666
-0.001890527
0.001078652
-3.608612e-06
0.00214039
0.004481249
0.01202819
0.009825967
0.01010745
0.01226266
-0.003087356
-0.0005516777
7.240904e-06
0.002367479
0.0102398
0.01107514
0.008331295
0.0007067531
0.006988891
0.009900949
0.002754788
5.88859e-05
0.004599884
0.01116354
0.00185498
-0.01423352
-0.0125679
-0.008328826
-0.002833109
0.001868029
-0.006371573
-0.002849555
0.002599242
0.0003256196
0.004646297
-0.007634545
-0.008100728
0.006282249
0.01413825
0.01309984
0.009045302
0.007102158
0.001992936
-0.005342947
-0.00323873
0.006358407
0.01063828
0.0123243
0.0100772
0.007579174
-0.002850368
-0.002769831
-0.004359035
-0.006289938
-0.001055341
-0.001613324
0.005657192
0.004160809
-0.003292375
-0.006188198
-0.003402621
0.001852375
0.002729531
0.000419188
-0.007525635
-0.0101175
-0.007730742
0.0002598936
0.01142273
0.008313727
0.007175362
0.007954599
-0.002868665
-0.005653308
-0.006441812
-0.006532637
-0.0087471
-0.003245264
0.001570112
0.002676768
-0.0001364355
0.00168422
0.006354756
-0.005086627
-0.006790071
-0.006781955
-0.01002458
0.004312497
0.007472412
0.008453609
-0.001095675
-0.02198838
-0.01916404
-0.008520387
-0.003863111
-0.006474355
-0.0025168
-0.001945644
-0.001840628
-0.007628152
-0.004413156
0.00159154
-0.001898944
-0.003967548
-0.002406992
-0.004064537
-0.002874241
-0.005999565
-0.01039581
-0.003113053
-0.004056597
8.149866e-05
0.0003650145
0.0002833705
0.0002282464
-0.004178198
-0.005809222
0.002276274
0.00339517
0.000682946
-0.001255098
0.0003278979
0.004300754
-0.00312183
-0.0006289941
-0.0008248782
0.004773858
0.0007845939
-0.00977755
-0.006402414
-0.002644778
0.001693238
0.0008312945
-0.001335229
-0.01021947
-0.01220852
-0.006749521
-0.002679765
0.006367591
0.004945668
-0.001272296
-0.0002768196
0.001695817
-0.001842607
-0.00408869
-0.005050594
-0.004316238
-0.006414422
-0.01420114
-0.002312068
0.006195708
0.003075485
0.003054021
-0.002925262
-0.0005456451
-0.003400668
-0.004971511
-0.001203675
-0.007895938
-0.006189521
0.004088976
0.007069372
0.005102769
0.005862626
0.001013504
0.0006564608
-0.001573302
-0.001851805
0.004778152
-0.00230375
-0.003293193
0.0001941443
-0.003645178
-0.003984881
0.001776037
0.0007090743
-0.0004843681
0.00820599
0.008158008
0.000312125
0.0004579428
-0.002878519
-0.004680901
-0.001979983
-0.006036565
-0.006518047
0.005507711
0.01332801
0.01395323
0.008789946
0.003753144
0.0103831
0.01227414
0.007497439
-0.001736662
-0.007270204
-0.005065004
0.001264054
0.003866033
-0.0008831276
0.003784351
0.00621599
-0.00209909
-0.002954911
-0.001069992
-0.005635551
-0.005866113
-0.0006427334
0.006063726
0.007399887
0.009234826
0.006982625
-0.003173554
0.004286685
-0.003683634
-0.001642654
0.008350246
0.001161246
0.005677766
0.0003798471
-0.002856652
-0.001128812
-0.004248011
-0.00579233
-0.007549829
-0.003598388
-0.003792227
-0.004040126
0.002628595
0.003255857
0.008459858
0.009649139
-0.001053759
-0.006842297
-0.004807435
-0.008849733
-0.001038611
0.008569751
0.009071554
0.002264036
-0.001963902
0.003739901
0.002255763
0.002905466
0.001491709
-0.004576308
-0.004642645
0.004183378
-0.002297739
-0.01335457
-0.006568551
-0.002123428
-0.002993524
-0.007154139
-0.0009342165
0.005040907
0.007407271
0.008796476
0.00393818
-0.002078835
-0.00180449
0.001473754
-0.004278061
-0.005032896
0.0006556093
0.003002595
-0.00446792
-0.002665614
-0.0001319689
-0.002155683
0.003265583
-0.002716751
-0.007151745
-0.004796599
0.002500448
0.001745614
-0.009269399
-0.002689412
0.001440535
0.0004174416
0.003475369
0.0127553
0.003892484
-0.007719228
-0.004407321
-0.003052793
0.001678955
-0.002943717
-0.002183848
0.00420642
0.003501569
-0.0007814425
-0.002220694
-0.004795204
-0.004449455
-0.0006448859
0.008397383
0.01107791
0.009416303
0.004660013
-0.002242357
-0.002006766
-0.0001208161
0.004679274
0.005079085
-0.001670284
-0.006532652
-0.001285801
0.00138963
-0.001129798
-0.01016601
-0.01256813
-0.007747642
0.001172229
0.008897683
0.006119174
0.004598327
-0.00300988
0.002395073
0.009533006
0.00941976
0.01087119
0.005814007
-0.0003753787
-0.003093704
-0.0006957102
0.002193924
0.002816099
-0.003285566
-0.004692171
-0.002131996
-0.006985179
-0.009531125
-0.004197569
0.0001384269
-0.0004858369
0.002355859
-0.001683364
-0.005820507
0.0001209697
0.0002464068
0.0008747041
-0.004883218
-0.002395461
-0.007794342
-0.009460025
-0.007508786
-0.004742568
0.004401711
0.00168339
-0.001893771
-0.001062492
0.002607448
0.006448747
0.006121307
0.005989707
0.009731048
0.001955568
0.0006020093
-0.00179603
-0.006758347
-0.006589046
-0.006206565
-0.001656363
0.001106799
-0.006951219
-0.006751316
0.004863406
0.007807108
0.004318692
-0.002279704
-0.005778321
-0.003820957
-0.001625933
-0.0002438485
0.003860616
-0.003274299
-0.004308594
-0.002403249
-0.003247823
-0.003480398
-0.002697052
0.0001283344
0.0005822208
0.001259487
-0.0004072056
0.001607281
-0.001112051
0.004814136
0.01385336
0.008701333
-0.001452779
-0.00317863
0.003020918
0.01048323
0.007229416
0.002886246
0.006713276
0.008893006
0.006623496
0.008581888
0.005955378
0.004011249
0.01008534
0.006279712
0.007283384
0.006515316
0.003265589
0.002984061
-0.0001881455
-0.004468072
-0.005270819
-0.006928325
-0.007364891
0.003590923
0.007921838
0.001120473
0.001384648
0.007010963
0.002581099
5.251506e-05
0.001422371
8.616783e-05
-8.213538e-05
9.840172e-05
-0.002119081
-0.002960583
0.006294894
0.007404653
0.001763031
-0.00397957
-0.005083211
-0.002571971
-0.001649892
-0.004320251
-0.003466511
-0.0005962308
0.00207107
0.005343231
0.003856073
0.005128014
0.008184956
0.00913866
0.002535181
-0.002379175
-0.002802472
-0.001926289
-0.005459565
-0.00444568
-0.005072976
-0.003344071
0.003010534
0.001112319
-0.0006706349
-0.0004227689
0.0007798175
-0.002351576
-0.001222429
0.001401019
0.004281506
0.001530574
-0.0007756374
0.001162371
0.0017397
0.008157549
0.002189539
-0.0001421709
0.002934159
0.00133991
0.001735681
0.005816711
0.007401803
0.002714916
-0.004233312
-0.003669239
0.0006463938
-0.001402773
0.004599941
0.006267655
-0.001222191
-0.002375796
-0.002778681
-0.003527346
-0.00165869
-0.003890434
-0.004333097
-0.00459114
-0.004933843
-0.0003540258
-0.002558228
-0.007737769
-0.004418671
-0.001780932
-9.172832e-06
-0.0006935731
-0.007501033
-0.006479992
0.001589248
0.001053769
-0.003785089
-0.006765507
-0.01475514
-0.008278122
5.020057e-05
-0.000642356
-0.002469152
-0.001360388
-0.001846904
-0.001356259
-0.001228733
-0.005252608
-0.004005122
-0.005369855
0.002405631
0.003128839
0.0009715663
0.004975094
0.002304763
-0.003021648
-0.004271119
0.0005208702
-0.00176186
-0.002751229
0.002557901
0.002644632
0.000976964
-0.002647064
-0.004273931
-0.004435059
-0.003593526
0.0004457079
-0.001590178
-0.004887804
-0.002310229
-0.001690034
-0.001525778
0.001272118
-0.002072425
-0.003606041
-0.002574122
-0.001048324
0.0005009195
0.0008775728
-0.001736847
-0.002398148
-0.001787971
-0.003465532
-0.005565097
-0.005108651
-0.005122501
-0.003402045
0.00216486
0.001309379
0.004189534
0.0007702664
-0.002870283
0.001968015
-0.002876455
-0.003725185
0.001832388
-0.001970552
-0.002796333
0.0009645926
-0.0003515551
-0.001178958
-0.002352687
-0.001564897
0.002937663
0.001189835
-0.0008840465
-0.0009108276
0.003000769
0.0002793355
-0.0006778807
0.0001416242
-0.002477482
-0.0005090662
0.0006741694
0.0003477558
-0.003128023
-0.001814866
0.001060822
0.0006370174
0.002695296
0.00471621
0.005135661
0.006667724
0.0004674522
-0.002366896
0.001852303
0.002251546
0.001553809
0.001133732
0.001724615
0.0009824669
0.0008847668
0.005782233
0.006054957
0.0007310019
-0.0008400979
0.001558863
0.0007515311
0.00207745
0.003823928
0.004437195
0.004265107
0.001039083
0.00165795
0.003356993
0.0002699716
-0.002669275
-0.001206661
0.0003341494
0.002213189
0.00428368
0.006067183
0.002982706
7.417185e-05
0.0007321474
0.00123018
0.003222776
0.00392307
0.002579433
0.003861571
0.002922578
0.001034691
0.002028173
0.0008230649
0.001480547
0.001002524
9.795116e-05
-0.002002119
-0.003181311
-0.001673399
0.0003353221
0.001692641
9.307881e-06
-0.003757446
-0.004416826
-0.001527799
0.000353714
0.0004111673
-0.001422428
-0.001375484
-0.0003756351
-0.0003508794
0.001711478
-0.0006103077
-0.0039754
-0.002040409
0.002438859
0.003648091
-0.002044455
-0.003342435
0.0009901637
0.002375383
0.001546107
0.0007286697
-0.001292664
-0.00101257
-1.617492e-05
0.000716486
-0.0009433244
-0.002735195
-0.0005792466
0.0005522768
0.0002975279
-0.0001346008
-0.001944045
-0.002973412
-0.001357375
0.001049278
-0.0002356139
-0.001583239
-0.00151846
-0.0006401312
0.001505487
0.001481407
0.0003056671
-0.0006425235
-0.001897481
-0.002120802
-0.001022813
0.0006589161
0.001103615
0.0005731349
6.370074e-05
-0.0009171086
0.0003822743
0.0009158419
0.0005044449
0.0007942023
3.515225e-06
-9.265578e-05
-0.0001678684
-0.0006404682
-0.0004451316
2.091418e-05
-0.000232367
-0.001151288
-0.0008988467
-0.0005941312
0.0006506966
0.0009401914
0.000401436
0.001001356
-0.0003421834
-0.0002698433
0.0002698912
2.828201e-05
0.0005778575
-0.0002574828
-0.0004099016
0.0007185102
0.0006842607
-3.656093e-05
-0.0004774203
-4.993924e-05
0.0004784294
0.0003282696
0.0004006248
0.0002245551
-0.0001404189
-0.0004100523
-0.0003359749
0.0002382093
8.111061e-05
7.920706e-05
-8.306108e-06
-8.600922e-05
-7.525341e-05
-1.002731e-05
0.0001774303
-0.000123749
-0.0001967871
0.0002240696
0.0002266281
-5.848332e-05
-5.64047e-05
3.488319e-05
5.84452e-05
-0.0001363705
3.852134e-05
0.0001859203
4.108608e-05
-0.0001251122
-0.0001577026
-0.0002244588
-0.0001012993
4.739806e-05
-2.143875e-05
2.467263e-05
0.0001131754
0.0001008162
4.95641e-05
5.124028e-05
0.0001350862
0.000122537
8.69852e-05
2.270149e-05
3.413532e-05
6.290807e-05
2.013286e-05
0.0001177362
6.530234e-05
5.877258e-05
8.070233e-05
1.35184e-05
-2.799518e-07
-4.446016e-05
-7.187993e-05
-4.085586e-05
-4.209229e-05
-2.941557e-05
-2.381581e-05
-4.727536e-05
-5.91355e-05
-5.982805e-05
-4.547553e-05
-4.188747e-05
-4.894885e-05
-5.36604e-05
-5.68167e-05
-5.690923e-05
-5.817677e-05
-6.140119e-05
-6.50003e-05
-6.811408e-05
