0.005406235
0.007283862
-0.00424743
-0.009408823
-0.006244973
0.004200656
-0.0001896143
0.001415676
0.01020177
-0.005825681
-0.01382267
-0.0105048
-0.009474781
0.006283011
0.01839329
-0.0005717586
-0.01065668
0.0002663133
0.00331695
-0.003935432
-0.0004839342
-8.427557e-05
0.009532104
0.0005926434
0.001844004
-0.01028499
-0.006276574
0.008550988
0.004949191
0.007593874
-0.003785422
-0.003626478
-0.005947153
-0.01532725
-0.0147909
0.004307405
0.006185052
0.01810868
0.006328528
-0.008460623
-0.007162333
-0.01711872
0.003024067
0.007743438
-0.00432741
0.003939522
-0.004159445
-0.004686952
-0.01047664
-0.009009024
0.01324925
0.006783306
0.005689702
0.001657478
-0.001430224
0.002090653
-0.003324689
0.00043589
0.002412489
-0.001783951
-0.003829211
0.00289651
0.008027972
-0.003811327
-0.01047922
-0.006031161
0.005577302
-0.004259734
0.009561111
0.009306977
0.0008806015
-0.004478632
-0.01111389
0.007704961
0.001141109
0.004436577
-0.004065274
0.003240835
0.02260334
-0.001568765
-0.01159551
-0.01132536
-0.01584819
-0.003866398
0.008643754
0.01390783
0.01851094
0.003228136
-0.001638429
0.006256226
-0.01165308
-0.01934912
-0.004662284
0.009824633
-0.0001317287
0.00366253
0.01257923
-0.008379873
-0.007220272
-0.0003629514
-0.00412383
0.01501327
0.01573631
-0.005633844
0.008453238
-0.005596378
-0.01890139
-0.00077103
0.009494115
0.00585972
-0.004755554
-0.01378065
0.003222619
0.01194961
0.003921054
0.02072542
0.007849831
-0.003637539
-0.01076441
-0.01097772
0.002579992
-0.002208017
-0.005601685
0.02359773
0.02067836
-0.02108363
-0.005418594
0.00421518
-0.01175815
-0.00919909
0.001044645
0.01957078
0.008437357
-0.005226686
-0.0007031087
-0.01329309
-0.008631812
0.008354127
0.01176284
0.007384885
-0.000771155
-0.005247034
-0.01638861
-0.01041969
-9.231004e-05
0.003983492
0.004211855
0.006906578
0.002757102
-0.003313033
-0.01226671
-0.011154
0.007879081
0.02190193
-0.003969466
-0.0183781
0.001734148
0.0001152962
0.01372606
-0.01074487
-0.006358978
0.008233033
-0.003684758
-0.001842748
-0.001274717
0.006443514
0.008189646
-0.004424801
-0.003303929
-0.004006816
0.001719358
0.01211305
0.009177387
-0.001141039
-0.01466226
-0.002107188
-0.004218692
-2.659588e-05
-0.001735199
0.002765958
0.01156438
0.005943054
0.002227093
-0.003557428
-0.01037215
0.002277791
0.005130632
-0.008152928
-0.004309666
0.01084335
0.0129618
-0.00870922
-0.01694684
0.008689745
0.01487697
0.004811513
-0.01201654
-0.0133304
0.01570891
0.01688181
0.01264362
-0.005209534
-0.01177231
0.00144476
-0.009130693
-0.006600164
-0.0009239554
0.006230233
0.0192433
0.002949733
-0.0004153372
-0.007415687
0.01587694
0.01341152
-0.02025061
0.01250558
0.01096121
-0.007963954
-0.001583942
0.00994911
0.0009720056
0.00331588
0.009084916
0.0001537101
-0.004409854
-0.002418898
0.000311558
-0.01785676
-0.002905688
0.02601123
0.01026949
-0.01366285
0.01289276
0.01006932
-0.01169246
-0.004158817
0.007721043
0.003820483
0.0002024642
-0.01480385
-0.007326313
0.004479089
-0.0003200883
-0.0002620256
-0.01516328
0.003449601
0.01405548
-0.002844971
-0.004038446
0.006430758
0.008632864
0.007085451
-0.0159962
-0.01000888
0.007723749
-0.003288243
3.586398e-05
-0.01320279
0.00864044
0.02079979
-0.02315208
-0.01490647
0.006408396
0.01087389
-0.001142803
-0.007408732
-0.01199676
-0.03745399
-0.000984978
0.02311551
0.01702809
0.02718008
-0.0001243673
0.0002519462
0.00591696
-0.02720352
-0.01767475
0.008726863
0.002472159
0.0006279345
-0.02405103
-0.02529243
-0.003634837
-0.01489366
0.006525257
0.02652943
0.01577551
0.01397209
-0.00450221
-0.01740629
0.004815368
-0.01972487
0.003661627
0.01152067
0.004644788
0.01225393
-0.02043203
0.006315372
0.005415674
-0.0004912037
0.009146719
-0.01924606
-0.02593119
-0.004966171
0.05021475
0.02367532
-0.02825396
-0.01037341
-0.02143231
-0.0004734037
0.001703222
-0.01144259
0.02182975
0.0212024
0.009465209
0.01363186
-0.01515668
0.01190999
-0.02125332
-0.04924523
0.01436702
0.0338612
0.04932231
-0.01732759
-0.03085896
0.004741025
-0.01312024
0.008777068
0.004424678
0.0004241902
0.02276724
0.006617534
0.008551407
0.006344079
-0.02214967
-0.04028837
-0.0008195201
0.02120019
-0.02060455
-0.007231377
0.026603
-0.006156387
-0.03420847
-0.000960596
0.00409856
0.003567096
-0.001319767
-0.01800905
0.000934347
0.01045498
-0.01041936
0.00271718
0.001116759
-0.01282566
-0.006500684
-0.007835904
0.04107509
0.01162153
-0.01573898
-0.009397686
-0.008941784
-0.01688864
-0.0248661
0.01553912
-0.002837239
-0.005638197
0.008557106
0.0005000874
0.01917523
0.01259619
-0.009118623
0.0014057
0.006055844
-0.004575652
0.003069212
-0.003376203
0.0169238
0.02542649
-0.004449347
-0.005663181
-0.01375488
-0.006135509
0.002326377
-0.004948296
0.006557271
0.01710098
-0.001656854
-0.0001789064
-0.006698778
0.01463653
0.03327088
0.003861187
-0.007412902
-0.004763994
0.006482495
-0.02188883
-0.0007167245
0.02151925
-0.0193481
3.186722e-05
0.001910678
0.005436789
-0.002036779
-0.01734293
0.009216825
0.004750217
-0.01012243
-0.004811317
0.006306656
-0.009494191
-0.006578037
-0.0117668
-0.01596821
0.000595545
0.02457572
0.01038239
-0.02755449
-0.005327695
0.01322812
0.003526876
-0.01747291
-0.005557292
0.004581484
0.003083081
-0.001227462
-0.0005002252
-0.004054948
0.00130513
0.02005577
-0.006683554
-0.004534436
0.01440286
0.01884494
-0.00327174
-0.02080454
-0.01036486
0.01977204
0.02691916
0.001248798
-0.0193491
-0.009697881
0.01602344
-0.00876258
-0.002931259
-0.0009269773
-0.002684456
0.007220746
-0.000870932
-0.01387391
-0.01105669
0.01221868
-0.003892242
0.0170718
0.01175044
-0.006640172
-0.006717708
-0.02718606
0.01314472
0.0162455
-0.001779951
0.01516529
-0.001958481
-0.0121177
-0.001986051
0.02177279
0.01369948
-0.03019113
0.0009229329
0.0204702
-0.01407415
-0.009366868
-0.00625894
-0.01393751
-0.01580107
0.02241322
0.03105465
0.01617794
0.01469485
-0.0301464
-0.01891214
-0.02353581
-0.02743834
0.01482127
0.0154251
0.007316088
-0.005077941
-0.02023515
0.006689778
0.01245073
-0.01760664
-0.00968635
0.003329861
0.01004451
-0.009107017
-0.02009038
0.001982406
-0.004064162
-0.00773515
-0.01390718
-0.01878482
-0.01110729
-0.00237202
0.004033572
0.01377865
0.02089008
-0.004292707
-0.04462249
-0.03017828
-0.001558106
0.01684167
0.03328712
-0.005137303
-0.01582079
0.003570426
-0.01481508
-0.01173876
0.005502292
0.01851443
0.0290398
0.001081599
-0.02803226
-0.04058133
-0.006420512
0.01643156
0.0177596
0.002064857
0.002065875
0.004073232
-0.01509665
-0.005298533
0.01037478
0.01873368
0.02213334
0.02807586
-0.005375043
0.0009265152
0.01741583
0.004829033
0.006108111
0.008467371
0.02394587
0.01990565
-0.01148587
-0.005171051
0.008010409
-0.0008217712
0.002625829
-0.01208359
0.00625703
0.02282693
0.01524833
0.02198645
-0.01550773
-0.03141258
-0.007087624
-0.002336462
0.0110592
0.001011181
-0.005857496
0.009710765
0.001462028
0.01755661
0.002314753
-0.02710408
-0.002690381
-0.001625499
0.0007092846
0.02945493
0.02615319
-0.001930465
-0.02178986
-0.0134789
0.02447633
0.01935899
-0.01292094
0.002018999
0.02293818
-0.01691219
-0.03570059
-0.001904922
0.005751203
0.008788768
-0.01970799
-0.02233652
0.009683325
0.01371233
0.0277404
0.003081902
-0.01447025
-0.0006104852
0.001344861
0.01435191
0.02448255
0.002840201
0.01641947
0.0006614949
-0.02180706
0.006836589
0.003429797
0.009739524
0.006988592
-0.005129
-0.01400809
0.002324155
0.01214982
-0.002018988
-0.00257284
-0.009061051
-0.013241
-0.003601994
0.008970535
0.001437843
-0.007732967
0.0009095017
0.01790577
0.01022722
-0.0002022702
0.01213668
0.007428369
-0.003296921
-0.02002899
-0.01689146
0.004592809
-0.0004663806
-0.01439753
-0.0001623997
0.01086585
-0.01202804
-0.008331547
0.004713243
0.008527034
0.009975446
0.0004629366
0.003774888
0.0112158
-0.02288381
-0.02086522
0.01327215
-0.01144345
-0.008050923
0.0007629102
-0.008616997
-0.001305625
0.008446607
0.0105774
0.01378225
-0.007592855
0.01364968
0.01398731
-0.004474677
0.006838156
0.0002652892
0.003725142
-0.01544064
-0.005547651
0.003619103
0.003529356
0.0007111099
-0.01797936
-0.0167482
-0.01118511
-0.01305169
0.007653299
0.01489531
0.006222268
-0.005385317
-0.006231903
-0.002050908
0.002006666
-0.004629439
-0.0107688
0.008428631
0.01617861
0.01882144
0.008527617
-0.02475089
-0.03430623
-0.008628739
-0.01245372
0.001325473
0.03698775
0.0140449
-0.02434992
-0.03353398
-0.02327175
0.01113389
0.03639726
0.01779146
0.007969896
-0.01136623
-0.02221187
-0.01529421
-0.01712
0.011184
0.008933896
-0.002996008
-0.008808972
-0.02091329
-0.0113875
-0.01555826
-0.005059383
0.02521525
0.01989699
-0.01218505
-0.01582949
0.005368164
0.009038142
-0.001374001
0.005141777
-0.003462925
-0.01286425
0.00646069
0.01191771
0.01558871
0.0002183442
-0.01167178
-0.006639079
-0.01475214
-0.01629742
0.01824999
0.01584179
-0.002187707
0.01774413
0.006976009
-0.02744693
-0.008431054
0.01000853
-0.01490597
0.01127642
0.007009782
-0.001766278
-0.0004830994
0.0047434
0.003317459
-0.01427548
0.007071097
0.02050962
0.0001249362
-0.009757824
-0.008871425
-0.007648425
0.007801534
0.004820094
-0.01432835
0.003562473
0.01035773
-0.008505107
0.007960773
-0.007017907
-0.01184351
-0.002598207
-0.01366111
-0.006209987
-0.009997227
-0.02054605
-0.01963925
-0.01396497
0.01576601
0.02908927
0.01315078
0.006355556
-0.01222882
-0.01605278
0.01045704
0.02620076
0.03186994
0.0130632
-0.0191698
-0.007178658
-0.007847757
-0.008457697
0.004302524
-0.0007546149
0.02531559
0.01414559
-0.003774772
0.01681089
-0.006777609
-0.02773655
-0.004813047
0.004544454
-0.005122064
0.01304518
0.0200016
0.00186092
-0.005651359
-0.002008917
0.003107424
-0.007720874
0.01026583
0.03350451
0.01640831
-0.01954259
-0.03168567
-0.01611432
0.01375742
0.0303355
0.02523246
-0.006110078
-0.03217105
-0.03296153
-0.01073877
0.02095265
0.02105671
0.02643009
0.01255404
-0.009803322
-0.01188512
-0.007279798
-0.005779356
-0.009247334
-0.01353743
0.00269589
0.02463407
0.006817754
0.001191457
-0.001609441
-0.01014478
-0.005004976
0.01554295
0.02289411
0.00466265
-0.007318247
0.0001338951
-0.003886922
-0.01975504
0.006263143
-0.0009339553
-0.0009298529
0.005717509
-0.004008168
0.01521987
-0.000639063
-0.01978954
-0.0172232
-0.01295652
0.006372507
0.009910909
-0.004595508
-0.007030225
0.001761177
0.00996812
0.02098822
0.03173088
0.01556595
-0.02408347
-0.02196695
-0.006039624
0.01466946
0.01653608
-0.001514836
0.02146477
0.005921009
-0.006073148
-0.004174905
0.01130668
0.00897294
-0.01115266
-0.01382605
-0.02124143
-0.007492829
0.002769413
0.0103511
0.006836199
-0.01574658
-0.0181915
-0.02158093
-0.01165733
-0.001697007
0.005007475
0.02930288
0.01824406
-0.0158841
-0.02858613
-0.004578371
0.008604131
0.005957254
0.001141857
0.00940388
-0.005845097
-0.01805141
-0.008787753
-0.005515569
-0.007914586
-0.01750664
0.001789739
0.007361001
0.01034452
0.001027867
-0.02163345
0.001472632
0.01777225
0.001579777
-0.01503702
-0.001072177
0.02258878
0.004862228
-0.001791209
-0.003860767
-0.008347724
0.01716352
0.0110823
0.003081443
-0.007352114
-0.0005140115
0.01649451
-0.01561405
-0.01213276
0.007480838
-0.003647339
-0.001151377
-0.01852195
-0.02352707
-0.004095029
0.02035745
0.01607143
-0.02410532
-0.0148845
-0.02462038
0.008217525
0.03872167
0.01504647
0.01551875
-0.007208866
-0.02178566
-0.01045752
0.0006074606
0.002970823
0.01245684
-0.002193393
-0.006816011
0.001893791
-0.01279725
-0.005692924
-0.001805682
0.0110494
0.009646922
-0.01110904
0.009077806
0.01265599
-0.01509105
-0.008740509
-0.004556447
-0.005654965
0.01862514
0.02349056
-0.008614939
-0.02671074
-0.0243484
0.001597365
0.03395893
-0.001686991
-0.02453191
0.007743972
0.005501013
-0.01890348
-0.009517423
0.02151814
0.0205359
-0.000670899
-0.01597394
-0.0100161
-0.002949515
-0.005836093
0.01291969
0.02375619
0.01271267
0.01623067
0.001801773
-0.01657045
-0.01200796
-0.01699064
0.003116637
0.03357488
0.03269362
0.00887766
-0.007826859
-0.009545538
-0.01306758
-0.01087966
0.01090144
0.01904718
-0.004164934
-0.009075193
0.002762947
0.008977828
-0.002682792
0.02075275
0.03415761
-0.0003550904
-0.00642611
-0.00205641
0.0006037707
0.007480631
-0.01361499
-0.01285813
0.002360292
-0.01417287
-0.006359648
0.003736332
0.01098243
0.008464073
0.004570752
-0.009948927
-0.01147993
0.000834552
0.01389771
0.006547611
0.0001144913
0.01311339
0.009914691
0.01841845
-0.01616973
-0.05674633
-0.01490285
0.02700693
0.02948759
0.02773219
-0.002775993
-0.02268229
-0.02217023
-0.01818916
0.0005564233
0.0204291
0.01523936
0.00540658
0.006862139
0.004246878
-0.009222203
-0.03591558
-0.02378674
0.01133901
0.01981931
0.01402573
-0.00373959
0.002013228
0.01801603
4.670505e-05
-0.02009726
-0.01450254
0.0001416201
0.006898118
-0.002448123
0.002342835
-0.004505427
-0.004825689
0.008302749
-0.008130454
0.02521438
0.01937898
0.002227701
0.005791598
0.006314876
-0.01190537
-0.02707275
-0.003720851
0.003940386
0.01131296
-0.002512098
0.002575679
0.003239716
-0.01023753
-0.01419103
-0.009313372
0.013604
0.01797166
0.004544399
-0.007231484
-0.01520277
-0.02285071
-0.02427461
-0.006764257
0.01061554
0.007672856
0.009596593
0.007866689
0.004419106
-0.0008960977
-0.006002201
-0.005630905
-0.005138229
-0.01673459
-0.003757116
0.01804438
-0.006255064
-0.006695688
-0.001789472
-0.007202596
-8.196084e-05
0.004970115
0.01015173
-0.0008469139
0.001166582
0.01305368
0.004259253
-0.01543285
-0.001479237
0.01655132
0.02072619
0.01451645
0.002899684
-0.01438726
-0.01128747
-0.004222931
-0.0172473
-0.001451561
0.002552973
-0.007618452
-0.003276297
0.002931437
0.004085071
0.007629586
0.00863532
0.003790335
0.01124859
0.001704463
-0.005666043
0.006262871
0.01424438
0.007440999
-0.01537027
-0.004316513
0.01058366
0.004077094
-0.01016413
-0.0102294
-0.006907245
0.008840548
0.01829596
0.01068575
0.008205128
0.01223516
0.007288174
-0.02543749
-0.0237045
-0.01257017
0.01680483
0.03490168
0.01901519
-0.006824455
-0.01972438
0.01111839
0.02634088
0.01551461
-0.007370093
-0.01386952
-0.01312797
-0.001474457
0.01854713
0.02967535
0.006030739
-0.01742517
-0.01223336
-0.0214062
-0.01841963
0.008319677
0.01380117
0.004247861
-0.001905788
-0.01852464
-0.01280344
-0.01496175
-0.01110512
0.01773131
0.0202956
0.01422559
0.001828521
-0.01111221
-0.015437
-0.02453845
-0.01820118
0.003546254
-0.004639236
-0.01441592
-0.003835455
-0.01360602
-0.04085021
-0.0461389
-0.01136709
0.03155145
0.03960028
0.01893203
-0.005003275
-0.03407734
-0.04520553
-0.01180155
0.03197584
0.03604463
0.003720841
0.007893671
0.01038044
-0.01713099
0.008992238
0.01097513
-0.005203083
-0.01066416
-0.02434235
-0.0187813
-0.01379961
-0.004318701
-0.01011943
0.002878436
0.03311634
0.02750227
-0.01043662
-0.005113231
0.03004414
0.01027042
0.01252871
0.03538182
0.05030035
0.03594283
-0.01851496
-0.05171494
-0.0603227
-0.04572241
-0.02105983
0.02483712
0.02476675
0.01089883
0.01604372
0.005836587
0.02993817
0.02080408
-0.002797692
-0.0243615
-0.05494722
-0.04715951
-0.03254801
-0.00859126
0.01044501
-0.001511427
0.008275479
0.01003396
-0.008916609
-0.008462703
0.01071942
0.02320117
0.01541041
-0.02280796
0.005541924
0.00960051
-0.02146052
-0.008127079
-0.002157014
0.02731589
0.009960596
-0.01270686
0.005345106
0.02866231
0.02571553
-0.00575452
-0.02832201
-0.01108911
-0.01518441
-0.01305974
0.03527704
0.02240975
-0.00363595
-0.01035265
-0.02039862
-0.02681442
-0.01611461
0.00535129
0.02001073
-0.003188143
-0.01049644
0.003970224
0.005699127
0.00888561
-0.003176906
0.01748626
0.00986584
-0.0289064
-0.02360953
0.004658748
0.01990367
-0.001925346
-0.01083198
0.00825018
0.01544934
0.01612662
0.002226066
-0.002126272
0.00729445
-0.008113667
-0.009580426
-0.02413072
0.009878118
0.00270242
-0.02707342
-0.003380857
-0.004400855
0.02094717
0.01362867
0.01574517
0.00728325
-0.02299443
-0.02344119
-0.006044067
0.007609654
0.001540655
-0.01447232
-0.01905722
-0.007792343
-0.01245884
-0.008099363
0.01530556
0.01817176
-0.006537741
-0.004297821
-0.007976961
0.02200186
0.02185804
-0.004857802
0.01243528
0.01728946
0.01165804
0.001450897
-0.02341058
-0.02257826
0.01070637
0.01118985
0.003572493
-0.01657761
-0.02446425
-0.00561567
0.009619049
-0.003734792
-0.008362535
-0.009540636
-0.007639357
0.005127981
0.009750621
0.01964972
0.02139392
-0.001458166
-0.01241807
-0.00224867
-0.007780132
0.009084547
0.01134384
0.0113826
0.006316259
-0.008087163
0.02375723
0.03350741
0.006655908
0.01441505
0.004445563
-0.00721202
-0.01116044
-0.03100251
-0.00284031
0.003087927
0.004811723
0.0200852
0.008884576
0.003683593
-0.01410827
-0.008913414
0.001018322
0.0105033
0.01309307
-0.00174691
0.01101839
0.01010446
0.01061548
0.003830433
-0.003108631
0.007115844
0.007102579
0.006111135
0.01098979
0.0127911
0.02787588
0.02560841
0.00994121
-0.003150495
-0.0154874
-0.01319852
-0.01973877
-0.01347088
0.003953778
0.02545027
0.03144787
0.006323221
-0.007748704
-0.00611467
0.0152329
0.01340098
-0.009625529
-0.003811534
-0.003436181
-0.0003302871
0.003506946
-0.00485298
-0.005961726
0.003619127
0.01514716
0.009546334
-0.001975593
0.005223559
0.01354471
-0.0003293345
0.005701918
0.01413425
0.009798224
0.007323696
-0.007049131
-0.003598478
0.001332194
0.02162713
0.016113
-0.01109041
-0.001968557
0.004866455
0.01066209
-0.005434541
-0.004369669
0.01441566
0.01381793
0.005380485
-0.009004583
-0.004136131
-0.0057814
-0.007081909
-0.007401177
-0.008531347
-0.005244915
-0.01753592
-0.01630173
0.0009209574
0.003180248
0.006622739
0.009842869
0.009590921
-0.002839829
-0.001017099
-0.01072649
-0.005100178
0.007574332
0.003512682
0.0001374922
-0.01336426
0.001920432
0.01578936
0.008058773
0.0006658016
-0.006744509
-0.01474234
-0.01195673
-0.0076044
-0.002077031
-0.001845501
-0.002186192
-0.005865344
-0.01372139
-0.01275954
-0.0141233
0.009472352
0.01436426
-0.005123869
0.007959659
0.002641368
0.004378416
0.0009756848
0.008449213
0.01055856
0.006848809
0.01308814
-0.001066414
-0.01634705
-0.0101118
0.00250763
-0.0004279421
0.009909746
0.002996173
-0.01093398
-0.01334323
-0.01726514
-0.0172723
-0.01651343
-0.01800468
0.0003287856
0.02122041
0.01439558
-0.004725353
-0.009383706
-0.0183332
-0.004190912
-0.003078105
-0.007464118
0.01209947
0.005555134
-0.001496139
-0.006475792
-0.003346446
-0.01027838
-0.02101899
-0.008349587
0.007772519
0.005585625
0.001763671
0.000427457
-0.004962237
-0.008884151
-0.007755025
-0.00583336
-0.006747294
-0.01073653
-0.0187925
-0.01418314
-0.003079432
0.003339413
0.006275978
-0.007420596
-0.01689641
-0.005650927
-0.007413501
-0.005882496
-0.003199911
-0.006737286
-0.006241581
-0.0120709
-0.009834053
-0.007490107
-0.01178636
-0.005601099
0.003628866
-0.00731779
-0.01180887
-0.01355002
-0.01347252
-0.007853353
-0.01247193
-0.006472305
0.01322286
0.003400243
-0.01249545
-0.02174279
-0.004501746
0.02110024
0.001181661
0.001161245
0.006741648
0.01346955
0.01760971
0.008873398
-0.0002270583
-0.004776275
0.002784968
0.004915731
-0.002967866
-0.002856703
-0.009356161
-0.006599117
0.003597806
-0.002077491
0.006000891
0.01303275
0.009404597
0.01058268
0.0006662215
-0.005527236
0.004463646
0.001508689
0.003517051
0.007507273
0.007095175
0.005745697
-0.00188392
-0.0113373
-0.01380572
-0.003706715
0.0003946872
0.000920989
-0.001520909
-0.002638847
0.005155974
0.01536106
0.002545757
-0.0178818
-0.00637112
0.006184041
0.001220703
-0.0002287357
0.007540585
-0.0002869132
-0.007224972
-0.01122849
-0.01134173
0.002516991
0.007608812
0.005581033
0.001884534
0.003435935
0.002647455
0.007190516
0.009406957
0.009358997
0.002498458
0.009764919
0.01148666
-0.0105627
-0.00655514
-0.0006085595
0.003889621
0.00476578
0.008071581
0.01281558
-0.0001894383
-0.006651157
-0.002678278
-0.004699938
-0.0009412582
-0.0009739182
-8.041831e-05
0.007889841
-0.002827319
-0.008358799
0.004152501
0.00480936
0.00564268
0.00233684
0.0005385593
0.007722399
0.002407158
0.001456498
-0.003481343
-0.001208803
-0.002816344
-0.006221125
0.006368714
-0.0008916664
-0.01118043
-0.01372127
-0.005557209
-0.00456579
-0.01194449
0.002787348
0.002303847
-0.01000553
-0.007001655
-0.003023676
0.0001393226
0.0069427
-0.0085042
-0.01721298
-3.518251e-05
0.01992518
0.02043005
0.001782393
0.002165892
0.00402125
0.0004196088
-0.001438853
0.01077869
0.0140804
0.001350782
0.002597201
0.002980699
0.009365878
0.003560015
-0.01007435
0.004103632
0.01005633
0.01204123
0.01569995
0.009256584
0.001270982
0.00997258
0.01738592
0.01037646
0.01774389
0.02573455
0.01768775
-0.004309592
-0.01017869
-0.0166088
-0.01061122
0.001082038
-0.004144464
-0.001135486
-0.002819528
-0.008967091
-0.01326437
-0.01346126
-0.002317778
0.007144739
-0.001307003
-0.0004206456
0.0002484518
0.002310869
-0.004124333
-0.006515236
-0.002282259
-0.001213321
0.01487512
0.002562673
-0.003176889
7.527952e-06
-0.002123275
0.002384082
0.0009060796
0.002046417
0.006961774
0.002193251
0.003399888
0.002814385
-0.002211177
0.004927779
0.005110337
0.001858554
0.001316911
0.006509708
-0.002633595
-0.007544918
0.0007292987
0.003209916
-0.006397487
-0.00900769
-0.005864073
-0.005662136
-0.0005703196
-0.0009344827
0.01377899
0.01147581
-0.002210572
-0.002870535
-0.008801858
0.0001465783
0.001724495
0.0009421319
0.01637879
0.01229061
0.003360482
0.007269099
0.01127462
0.01008935
0.004979129
-0.0008318341
0.008532762
0.003542899
-0.01032096
-0.008340147
-0.01059335
0.002755366
0.01457714
0.01086024
0.006302856
0.008287754
0.00228503
-0.002497774
0.005139963
0.00344776
0.005110336
0.001034393
-0.00193995
0.008242686
0.007135963
0.005903779
0.01408416
0.006399453
0.005725209
0.002623366
-0.004579897
-0.008412061
-0.004858404
0.004461313
0.00433685
0.002200946
-0.003807897
0.0006321397
-0.001796504
-0.007024027
-0.00397323
-0.002294333
-0.01368266
-0.0056461
0.003695036
0.001250073
-0.00177731
-0.005614573
-0.001341816
0.00611742
0.005520697
-0.003333946
0.002098551
0.005616507
0.002783944
-0.007326319
0.001045818
0.006850615
-0.004602988
0.0007938084
0.002431905
0.005209342
0.0087834
0.004627896
0.005691733
-0.00270697
-0.008799453
-0.005635436
-0.01221548
-0.01156576
-0.002986565
-0.0007497281
-0.005083731
-0.004138214
0.000756743
0.0018318
-0.002771483
0.001985774
0.003323991
-0.008018432
-0.009338335
-0.002580857
0.0009442404
-0.002227982
0.0005882149
-0.001279428
-0.00157015
0.002928027
-0.002785016
-0.009718998
-0.01129594
-0.01164786
-0.006238826
0.001223471
0.000124909
-0.005016933
-0.01276998
-0.01484774
-0.001515341
-0.002277303
-0.009270446
-0.01122377
-0.01069747
0.001803628
0.002947026
-0.0005383365
0.00566222
0.004678919
-0.004592903
0.004871655
0.004159673
-0.003267989
-0.006832911
-0.009125893
-0.008804615
-0.008545557
-0.006959478
-0.008634341
-0.008071323
-0.01067336
-0.008758845
-0.006427147
-0.0008579686
-0.00517055
-0.007288091
-0.006668973
-0.01114679
-0.0105542
-0.003835477
0.002592541
-0.00018086
-0.005814341
-0.009063063
-0.003524484
-0.002553465
-0.002272986
0.0006197131
-0.0007848479
0.004902651
0.00743937
-0.00729761
-0.005368811
0.002097568
-0.003571613
-0.008864414
0.003095066
0.009887226
-0.001032915
-0.002818956
0.003417303
0.01007584
0.005075783
-0.001546077
-0.001129938
0.003032662
0.002216642
0.008285622
0.012437
0.008423282
0.002243082
-0.001729838
0.002761202
0.01315192
0.01768682
0.01162902
0.005194843
-0.003964776
-0.002672456
0.004684785
0.006291265
0.003303666
-0.002948953
0.003374008
0.008870769
0.004053289
0.00177255
4.465156e-05
-0.003258127
-0.003421346
-0.004429125
-0.001508884
0.009627458
0.006963199
-0.001899599
-0.005371698
-0.004627116
-0.004822974
-0.003506173
0.007349668
0.008865371
0.006424493
0.005029115
-0.003366523
-0.002742301
-0.001998739
0.004542503
0.01561663
0.01655705
0.01138053
-0.001971287
-0.004599844
0.005353298
0.007413681
0.005152324
0.005151287
0.00530427
0.006007033
0.001222196
-0.00290678
-0.002075497
0.003868026
0.00238595
0.0003897933
0.01150268
0.01096002
0.002614364
-0.001616612
-0.001260648
0.0007691362
-0.0021797
-0.001433075
0.002761149
0.001434113
-0.001271962
-1.125789e-05
0.0003916267
0.003843291
0.009969396
0.004341021
-0.009376975
-0.007556289
0.003725916
-0.0008263586
-0.005220533
-0.007907227
-0.0107561
-0.01184038
-0.01308581
-0.008826306
-0.00264614
-0.003214294
-0.01055219
-0.006150901
-0.003242895
0.004129651
0.01147568
0.003822604
-0.005632809
-0.003088943
-0.002249496
-0.01099193
-0.003735662
0.007915784
0.009077552
0.002583199
-0.005159633
-0.0007879259
-0.0003064984
-0.00679371
-0.002155783
0.002393405
0.000958253
-0.006915139
-0.007216051
-0.002719902
0.0007623659
0.002407614
-0.001208297
-0.005261788
-0.009350979
-0.01049747
-0.008315702
-0.001511292
-0.005349563
-0.009424473
-0.01193572
-0.01538231
-0.01338414
-0.01108507
-0.01087598
-0.008501435
0.001053915
0.001174265
-0.002924104
-0.006710354
-0.01101068
-0.002492672
0.006690378
0.00904045
0.0007631405
-0.002386628
-0.004023737
-0.008332226
-0.005263054
-0.001646142
0.00164539
-0.002967058
-0.004196166
0.004656406
0.004920578
-0.0007220695
-0.002584597
-0.0009220043
-0.0009301713
-0.001275958
0.0004213145
0.002691828
0.002857061
0.0007232144
-0.001714592
-0.0002570183
0.002472495
0.007092069
0.001200544
-0.007603082
-0.002327648
0.003353747
0.007151201
0.002684616
0.001496311
0.001639106
0.004930641
0.005019376
0.005186652
0.01107715
0.005295783
1.42191e-05
0.009942895
0.007048131
-0.003155952
0.0003814039
0.00275188
-0.004196363
-0.001606586
0.008244572
0.007582588
0.005217205
0.004200263
0.00305174
-0.002119662
0.0009862362
0.003064994
0.002250012
-0.0005407094
0.000551709
0.006726787
0.008303706
0.01008463
0.005813884
0.005010123
0.003056823
0.003099662
0.009651123
0.01018458
0.006901202
0.005936282
0.007675382
0.01353936
0.01628214
0.01546614
0.008686205
0.001991946
0.006274928
0.00902791
0.004431791
0.004157412
0.003655574
-6.538353e-05
-0.002179841
-0.004557459
0.003594384
0.0005058264
-0.00638427
-0.003431367
0.001625796
0.002927319
-0.004061717
-0.007165573
-0.01004605
-0.007127825
-0.003936241
-0.007767357
-0.002118592
-0.0006824275
-0.004788942
-0.003608797
-0.005256092
0.0009159334
-0.000167301
-0.002401095
0.006824811
0.006930897
0.0004896034
-0.00202673
-0.002672383
-0.001716636
0.0007181107
-0.002382682
0.0007732054
-0.000867967
-0.002857979
0.004902189
4.597707e-05
-0.002635594
0.001873834
-0.001406477
0.001516852
0.001062961
-0.00350867
-0.00357292
-0.00339033
-0.0003986607
0.002115649
-0.00426954
-0.00274871
0.005383761
0.008272412
0.007212642
-0.003345366
-0.007384554
-0.005322103
0.001591469
0.001146761
-0.004696807
-0.004303074
0.0005939583
0.0008214311
0.002826764
0.006903717
0.005019791
0.0008704445
-0.003585921
-0.003121807
-0.001425533
0.001278501
0.001310136
0.003650031
0.005072946
0.001890561
6.681672e-05
-0.002700427
-0.001730392
0.002313924
0.003230921
0.001953897
0.004460054
0.003545131
0.001751988
-0.002251494
-0.002245356
-0.003007278
-0.00647832
-0.003660042
-0.003557003
-0.002361545
-7.365881e-06
0.002282553
-6.342728e-05
-0.004387188
-0.001161928
0.004690852
0.002093953
-0.001562727
0.0007761539
-0.0006844651
-0.002982504
0.001757457
-2.446081e-05
-0.002272519
-0.007865157
-0.01215831
-0.005817972
-0.005092729
-0.001521686
-0.002371323
-0.004500039
-0.001899015
0.002153469
0.001860753
-0.006177842
-0.002945438
0.002253527
0.002057712
0.0004369576
-0.002108937
-0.0001403108
0.0004441753
-0.003119678
-7.903167e-05
-0.0006063448
-0.0009898376
-0.0003400703
0.0001128373
0.003200405
-0.0007347267
-0.001167178
0.00116865
-0.002232001
-0.002995952
0.003314817
0.001821567
0.001771617
0.004603167
0.003880017
-4.593182e-05
-0.008239562
-0.00851391
-0.001297378
0.002214513
0.001031345
-0.001094303
-0.00341375
-0.002672177
-0.001999965
-0.001848737
-0.002959981
-0.005572713
-0.006097474
0.0004756636
0.002225888
-0.0003127171
-0.00097878
0.0008556591
0.001163791
0.002623595
0.007396432
0.002940134
0.002785294
0.001535242
-0.00079065
0.002356735
0.00438398
0.003694782
0.001033252
0.0004654145
0.002302392
0.004172271
0.0002580617
0.001962313
0.004601355
0.002933863
0.001756597
0.001719695
0.00280733
0.001656035
0.00181135
0.0037643
7.749608e-05
-0.0008812952
0.0004659089
0.003421766
0.005539046
0.003818748
0.00116667
-0.001000717
2.683251e-05
-0.0009525489
0.002527328
0.004031296
0.00267915
-0.001201205
7.452124e-05
1.445076e-05
-0.006501511
-0.007488941
-0.004470817
0.001039498
0.0006685444
-0.003141912
-0.003294557
-0.003800444
-0.003120453
-0.004347329
-0.002633937
-0.002230581
-0.002953239
-0.0003258694
0.001540781
0.000269378
0.0002060452
0.001094275
-0.0008228859
-0.001148769
-0.003092672
-0.001798126
-0.0008479407
-0.004452843
-0.002605087
0.001067765
-0.0002985843
0.001396352
0.002280048
0.0009161268
-0.0003475098
0.001829667
0.004303737
-0.001937262
-0.005503633
-0.001750053
-0.002402238
-0.004205077
-0.002846224
-0.002642187
-0.001729028
-0.0005013559
-0.0005716537
0.001446124
-0.0005646231
-0.001999507
0.001904897
0.003253878
0.00120991
-0.0004948966
-0.000328808
-0.001144007
-0.001041885
-0.0005202362
-0.0004617053
-0.0008649421
-0.00108407
0.0005762013
-0.001519262
-0.002753375
0.001039655
0.0007689748
-9.723936e-05
0.002455106
-0.0004997964
-0.00347803
-0.0005203641
6.184276e-05
-0.001060645
-0.002441459
-0.00122439
0.001271412
-0.00160764
-0.000104722
0.001253389
-0.001023121
-0.001053798
-0.000395358
0.001583205
0.001290517
0.0004666909
0.0001911027
0.0001977587
0.0001975037
-0.0001481828
0.001278865
0.001653508
3.880418e-05
0.0002755905
0.001377497
0.001333979
0.001030499
0.00040149
0.0001419991
0.001223431
0.002506422
0.001478407
0.001710077
0.001555795
0.0004624217
0.0003147783
0.0006831959
0.001652384
0.0006715178
0.0005374941
0.00144707
0.0006368021
0.0005371869
0.001136357
0.0001894824
0.0009445653
0.001611019
8.204189e-05
-0.0006302603
-0.0005633334
-0.0003454541
0.0007242929
0.0007956995
0.0002952139
0.0005698704
0.0001457597
-1.979832e-05
-3.48014e-05
-0.0002255048
5.614587e-05
0.0001767976
0.0001168529
9.007011e-06
-0.0002004128
3.567999e-05
-5.428917e-05
-0.000277048
-0.0001180227
-0.0001447791
-0.0003150514
3.457102e-05
0.0003447959
0.0004223225
0.0004207486
0.0006271759
0.0004352986
0.0002413021
0.0001297331
-5.983344e-05
-0.0003385996
-0.0003038713
-0.0001372318
-0.000332731
-0.0004097268
4.413655e-06
0.0003566278
-4.391322e-05
-0.0001021385
0.0001110567
0.0003002014
0.0001645095
-5.076585e-05
-2.065088e-05
-8.642273e-05
-6.624351e-05
5.63777e-05
5.854217e-05
-9.325508e-05
-0.0002028553
-0.000112649
5.203965e-06
5.420647e-05
3.518932e-05
4.938441e-06
-0.0001120414
-0.0001518026
-7.443872e-05
1.4279e-05
2.839757e-05
3.027764e-05
1.495391e-05
-7.190307e-05
-0.0001199918
-8.694652e-05
-3.047054e-05
-3.28294e-05
-3.419699e-05
-3.501739e-05
-3.296209e-05
-1.249379e-05
-2.409225e-05
-4.322809e-05
-3.249854e-05
-3.541814e-05
-3.012424e-05
-3.798625e-05
-3.453068e-05
-2.875616e-05
-2.843544e-05
-2.561948e-05
-2.473192e-05
-2.299657e-05
-2.300168e-05
-2.630266e-05
-3.196361e-05
-3.827952e-05
