-0.0009434432
-0.001422392
-0.001991122
-0.001904291
-0.001864855
-0.001825038
-0.001786673
-0.00174876
-0.001710559
-0.001673526
-0.001638426
-0.001606088
-0.001577653
-0.001553879
-0.001535266
-0.001521858
-0.001512278
-0.00150426
-0.001495613
-0.001486724
-0.001477668
-0.001468049
-0.001461055
-0.001458039
-0.001456762
-0.001454327
-0.001448203
-0.00143778
-0.001421338
-0.001396556
-0.001362556
-0.001319395
-0.001267968
-0.001205494
-0.001130017
-0.001047699
-0.0009695895
-0.0009026579
-0.0008466032
-0.000800354
-0.0007622754
-0.0007302615
-0.0007052192
-0.0006900686
-0.0006890894
-0.0007060191
-0.0007419308
-0.000798855
-0.0008796501
-0.0009798683
-0.001085594
-0.00117929
-0.001249571
-0.001295587
-0.001323763
-0.001342365
-0.001353793
-0.001355281
-0.001339671
-0.001296284
-0.001210672
-0.001065496
-0.0008590835
-0.0006110087
-0.0003519882
-0.0001178699
6.911917e-05
0.0002114786
0.0003197437
0.00039989
0.0004547509
0.000485583
0.0004856119
0.0004369181
0.0003341122
0.0001874576
6.275349e-07
-0.0002197936
-0.0004536817
-0.0006818385
-0.0009035619
-0.001133185
-0.001378929
-0.001639494
-0.001901162
-0.002150793
-0.002410094
-0.002698783
-0.00299626
-0.003262113
-0.003438013
-0.003464441
-0.003288287
-0.002846018
-0.002112122
-0.001147347
-8.610486e-05
0.0009160189
0.001778128
0.002532584
0.003230185
0.003866642
0.004398012
0.004772431
0.00495717
0.004935111
0.004706134
0.004305535
0.003765812
0.003065555
0.002134797
0.0009550969
-0.0002948665
-0.001327514
-0.001987151
-0.002326871
-0.002486758
-0.002550712
-0.002531528
-0.00241668
-0.002215463
-0.001990573
-0.001817901
-0.001717597
-0.001640123
-0.00150427
-0.00123651
-0.0007755364
-8.449894e-05
0.0008296803
0.00186506
0.002832149
0.003547659
0.003913952
0.003964333
0.003772612
0.003412987
0.002979167
0.0025087
0.001981813
0.001342325
0.0005334658
-0.0004084752
-0.001394592
-0.002330698
-0.003101666
-0.003623558
-0.003881895
-0.003866494
-0.003507952
-0.002667987
-0.001118852
0.001264291
0.004072306
0.006436618
0.007776161
0.008116934
0.007815004
0.007276552
0.006775041
0.006395794
0.006080074
0.005689514
0.005058242
0.004061878
0.002660015
0.001008575
-0.0005301643
-0.001623127
-0.002146423
-0.002186727
-0.001896145
-0.001428578
-0.0009617624
-0.0006776967
-0.0006968442
-0.001029094
-0.001595225
-0.002248519
-0.002778187
-0.00300195
-0.002784682
-0.001944967
-0.0003991635
0.001739472
0.004087296
0.006011832
0.006950145
0.006549186
0.004589961
0.00114174
-0.003043488
-0.006717546
-0.009029859
-0.01005448
-0.01048424
-0.01095118
-0.01167566
-0.01256616
-0.01341711
-0.01408458
-0.01448046
-0.01445361
-0.01338821
-0.01027486
-0.004824613
0.002052145
0.009123943
0.01577577
0.02169612
0.0262193
0.02882822
0.02963621
0.02906136
0.0275555
0.0255559
0.0234596
0.0214041
0.01910309
0.0158635
0.01098865
0.004849067
-0.0009418701
-0.00492801
-0.006950362
-0.007828547
-0.00835094
-0.00875981
-0.008921319
-0.008692887
-0.008079112
-0.007248788
-0.006398186
-0.00554389
-0.004547594
-0.003349801
-0.002110435
-0.001082298
-0.000531295
-0.0005963421
-0.001219466
-0.00227735
-0.003567891
-0.00477231
-0.005490086
-0.005371554
-0.004270709
-0.002237744
0.000779595
0.005041854
0.01057623
0.01666714
0.0217405
0.02414859
0.02270832
0.01680472
0.007515907
-0.001882574
-0.007978813
-0.009900576
-0.009316472
-0.008355323
-0.008212696
-0.008959064
-0.009946654
-0.01051742
-0.01038493
-0.009540268
-0.008059676
-0.006057412
-0.003707802
-0.001252853
0.0008602917
0.001980032
0.001516154
-0.0009792701
-0.005847442
-0.01245519
-0.01879638
-0.02308652
-0.02502898
-0.02529659
-0.02461604
-0.02340311
-0.02168091
-0.01935519
-0.01660522
-0.01377296
-0.01107025
-0.008297834
-0.004523493
0.001555021
0.009800619
0.01782846
0.02330637
0.02596369
0.02704651
0.02790651
0.02912435
0.03035884
0.03078499
0.02970647
0.02680477
0.02224289
0.01689243
0.01216614
0.00908759
0.007615915
0.006991789
0.006451406
0.005479331
0.003934176
0.002149267
0.0006259347
-0.0001657491
0.0001561421
0.001647296
0.004056639
0.007143962
0.01064994
0.01429687
0.0180311
0.02187319
0.02557875
0.02854921
0.02986973
0.02829547
0.0229627
0.01514828
0.0081356
0.004164342
0.002746861
0.002035599
0.0005006371
-0.002290044
-0.005681588
-0.008729676
-0.01108943
-0.0131963
-0.0156549
-0.01860449
-0.0216947
-0.0244142
-0.0263304
-0.02725273
-0.02708035
-0.02531517
-0.02063049
-0.01181044
0.0004938593
0.01409575
0.02683174
0.03731507
0.04500658
0.04984886
0.05127086
0.04756952
0.03769228
0.02326241
0.007810762
-0.00470838
-0.01144509
-0.01267127
-0.01123152
-0.01013665
-0.01143773
-0.01584617
-0.02228907
-0.02837802
-0.03201543
-0.03264096
-0.03112633
-0.02867442
-0.02579885
-0.02167653
-0.01411778
-0.001831253
0.01238168
0.02284944
0.02590959
0.0215326
0.01181231
0.0002788685
-0.009070049
-0.01416008
-0.0160196
-0.01710927
-0.0189591
-0.02140892
-0.02347102
-0.0243546
-0.02388518
-0.02238277
-0.0201302
-0.01716183
-0.01349157
-0.009307337
-0.005029427
-0.001049824
0.002728109
0.006874174
0.01187818
0.01758565
0.02305621
0.02723604
0.02979837
0.03122675
0.03232267
0.03363368
0.03518067
0.03654533
0.03717908
0.03665233
0.03475956
0.03157912
0.02706566
0.02087239
0.01313328
0.005117695
-0.001357548
-0.005413454
-0.007566961
-0.008705465
-0.009269616
-0.009199758
-0.008488325
-0.007567717
-0.006953312
-0.006872608
-0.00700193
-0.006766125
-0.006063669
-0.00548398
-0.005732101
-0.006899681
-0.008487754
-0.009617705
-0.009229212
-0.006647231
-0.002137344
0.002919837
0.00658306
0.007439488
0.005364023
0.001354464
-0.003348759
-0.007851912
-0.01179282
-0.01533266
-0.01865951
-0.02167211
-0.02404795
-0.0252564
-0.02438741
-0.01950241
-0.008719459
0.006072611
0.01903822
0.02576389
0.02664482
0.02487637
0.02298552
0.0215797
0.02006306
0.01739695
0.01233779
0.003683975
-0.007733855
-0.01810851
-0.02409831
-0.0258375
-0.02584137
-0.02638885
-0.02833223
-0.03148874
-0.03521894
-0.03880093
-0.04190272
-0.04437337
-0.04574052
-0.04513218
-0.04103985
-0.03221134
-0.01933
-0.004694663
0.009672622
0.02233043
0.03159989
0.03636583
0.03706249
0.03487343
0.03074203
0.02592698
0.0223534
0.02146444
0.0239682
0.03039215
0.04024516
0.050594
0.05681631
0.05507402
0.04423756
0.0269426
0.007862772
-0.008607212
-0.01889218
-0.0220243
-0.02014817
-0.01594537
-0.01090303
-0.005472756
0.0001228775
0.00527923
0.00892152
0.009891222
0.007811234
0.004058251
0.001176879
0.001036178
0.003944489
0.008728446
0.01333268
0.01624558
0.01756069
0.01842584
0.0198397
0.02170692
0.02274218
0.02085809
0.01484167
0.00660413
-0.0001603011
-0.003451946
-0.004075568
-0.003870696
-0.004119907
-0.005179254
-0.006542418
-0.007783522
-0.009205247
-0.0115135
-0.01509212
-0.01931437
-0.02284697
-0.02435544
-0.02306745
-0.01898628
-0.01241166
-0.004192117
0.00401431
0.01027762
0.01357366
0.01383844
0.01135489
0.007532682
0.004542345
0.004148096
0.006981755
0.01229643
0.01826854
0.02280844
0.02484034
0.02461683
0.02291694
0.02002605
0.01492712
0.006641934
-0.003161415
-0.0109146
-0.01461331
-0.01499741
-0.01386716
-0.0127804
-0.01254053
-0.01329011
-0.01506201
-0.01766091
-0.02072331
-0.02378979
-0.02637932
-0.02835263
-0.02964176
-0.0302043
-0.0300036
-0.02887801
-0.02689301
-0.02443541
-0.0217085
-0.01877258
-0.0156132
-0.0112345
-0.003830442
0.006920975
0.01838693
0.02695285
0.03145891
0.03349917
0.03486945
0.03591454
0.03561616
0.0331145
0.02893009
0.02509504
0.02365656
0.02477099
0.02712425
0.02864453
0.02739371
0.02325068
0.0182868
0.01553812
0.01675878
0.02137797
0.02696918
0.03068773
0.03138812
0.02990918
0.02766032
0.02546685
0.0233459
0.02054907
0.01533392
0.005922974
-0.007443785
-0.02270238
-0.03778621
-0.05144554
-0.06221676
-0.06767065
-0.06607249
-0.05780183
-0.04547642
-0.03259306
-0.02254111
-0.01745423
-0.01653938
-0.01752451
-0.01866378
-0.01953688
-0.0203103
-0.02086042
-0.02109468
-0.02024852
-0.01745313
-0.01306043
-0.008420411
-0.005219828
-0.004710121
-0.007280892
-0.01308136
-0.0218888
-0.03239666
-0.04333478
-0.05388998
-0.06321974
-0.0705641
-0.07554296
-0.07845043
-0.07974957
-0.07957121
-0.07804791
-0.07545472
-0.07212565
-0.06862305
-0.0652794
-0.06222452
-0.0598569
-0.05846712
-0.05815934
-0.05901853
-0.06085567
-0.06302199
-0.06517054
-0.06711186
-0.06817931
-0.06792926
-0.06608747
-0.06267068
-0.05806814
-0.0529719
-0.0489343
-0.0478195
-0.05100037
-0.05886571
-0.0697211
-0.08034139
-0.08805736
-0.09210058
-0.09415774
-0.0963311
-0.09910453
-0.1020375
-0.104621
-0.1063636
-0.1073781
-0.108206
-0.1092552
-0.111162
-0.1141599
-0.1176178
-0.1206376
-0.1226517
-0.1227749
-0.1193498
-0.1113369
-0.09932743
-0.08545086
-0.0718146
-0.05884513
-0.0459063
-0.03294827
-0.02102375
-0.01186844
-0.005515439
0.001407887
0.01233522
0.02767098
0.04503579
0.06184771
0.07750677
0.09256905
0.1074476
0.1209864
0.1303784
0.1342761
0.1339951
0.1313094
0.1268174
0.1201686
0.1112212
0.1009331
0.09042013
0.08049715
0.07273888
0.06772349
0.06403703
0.05990382
0.05380551
0.0452884
0.03684384
0.03275434
0.03562568
0.04488121
0.05733915
0.06981992
0.08104237
0.09158664
0.1018338
0.1107172
0.1165344
0.118417
0.1169549
0.1126177
0.1059628
0.09825092
0.0905592
0.08290852
0.07466547
0.06549024
0.05560566
0.04640836
0.0394071
0.03465317
0.03143994
0.02873239
0.02603219
0.02373605
0.02175831
0.01993729
0.0182694
0.01644557
0.01414092
0.01101101
0.006922408
0.002491587
-0.001679858
-0.005191135
-0.007494294
-0.008740734
-0.00925624
-0.009045664
-0.008370156
-0.007884709
-0.00796661
-0.00890725
-0.01116985
-0.01493176
-0.02080368
-0.02971669
-0.04122902
-0.0539121
-0.06649941
-0.07763388
-0.08594601
-0.0905187
-0.09198319
-0.09011121
-0.0803298
-0.05742146
-0.0225403
0.01744495
0.05680387
0.09391057
0.1301007
0.1673398
0.20646
0.2468669
0.2871383
0.3233785
0.3470989
0.3513287
0.3382727
0.3174947
0.297765
0.2812625
0.2656955
0.248524
0.2285066
0.2065907
0.1846225
0.1634309
0.1431058
0.1231074
0.1028298
0.08240208
0.06176198
0.04088355
0.02024468
-0.0002026708
-0.02065618
-0.0411272
-0.06171883
-0.08220927
-0.1019838
-0.1190488
-0.1312205
-0.1386334
-0.1431766
-0.1468115
-0.1504824
-0.153978
-0.156659
-0.1589024
-0.1614684
-0.1652513
-0.1716932
-0.1816009
-0.194838
-0.2098274
-0.2248653
-0.2392036
-0.2516572
-0.2603574
-0.2642669
-0.2639066
-0.2588097
-0.2467824
-0.227295
-0.2028164
-0.1769749
-0.1518722
-0.127393
-0.1026068
-0.0769449
-0.05060247
-0.02397869
0.002573858
0.02878984
0.05400168
0.07588875
0.09128044
0.09991192
0.1056116
0.1135725
0.1263519
0.1408577
0.1512124
0.1535835
0.1457855
0.1272326
0.1014365
0.07360681
0.04671641
0.0217921
0.0002973207
-0.01474051
-0.02180108
-0.02339654
-0.0236129
-0.02471896
-0.02679827
-0.02963903
-0.03304497
-0.03700121
-0.04192769
-0.04808792
-0.0550935
-0.06184793
-0.06727997
-0.07099179
-0.07274412
-0.07216464
-0.06954331
-0.06450383
-0.05591705
-0.04335396
-0.02783754
-0.01125616
0.005239886
0.0212819
0.03727582
0.05354832
0.06932423
0.08382658
0.09740112
0.1111936
0.1257791
0.1407366
0.1556485
0.1704341
0.185105
0.1995548
0.214254
0.2303006
0.2473132
0.2622626
0.271797
0.2737643
0.264964
0.2410592
0.2025782
0.1567063
0.110493
0.06650023
0.02348787
-0.01878439
-0.05419772
-0.07481657
-0.08002337
-0.0752376
-0.06443069
-0.04982216
-0.03670398
-0.0310392
-0.03464377
-0.04645456
-0.06388271
-0.08313733
-0.1004679
-0.1129976
-0.1195507
-0.1218864
-0.1228489
-0.1237393
-0.1244873
-0.1245621
-0.1236436
-0.1217999
-0.1194218
-0.116809
-0.1139645
-0.1108629
-0.1077158
-0.1041512
-0.09956639
-0.09297116
-0.08249198
-0.06768787
-0.05097956
-0.03677752
-0.02745636
-0.02118889
-0.01488094
-0.006635486
0.003370974
0.01301085
0.01963352
0.02168205
0.0190506
0.01293083
0.005962035
0.0008388622
-0.0009873999
9.185016e-05
0.002693388
0.005979344
0.009455571
0.01371809
0.02041328
0.03116243
0.04622652
0.06166652
0.07202152
0.07539814
0.07216634
0.06239205
0.04658672
0.02701564
0.006359416
-0.01401649
-0.03427715
-0.05499929
-0.07523718
-0.09206042
-0.1024375
-0.1059397
-0.1050729
-0.1022825
-0.09792115
-0.09175773
-0.08413187
-0.07516681
-0.06377642
-0.04824236
-0.02860731
-0.006821009
0.01491106
0.03589747
0.05665246
0.07737568
0.09839647
0.1181396
0.132888
0.1412334
0.1450337
0.1468428
0.1490191
0.1522663
0.1554801
0.157792
0.1583183
0.1550503
0.1447097
0.1257886
0.1009757
0.07481138
0.04988474
0.02583415
0.001593662
-0.02354672
-0.04945874
-0.07380863
-0.09315105
-0.1063226
-0.1162058
-0.1262758
-0.1369741
-0.1469102
-0.154407
-0.1589409
-0.1615866
-0.1636335
-0.1659711
-0.1690739
-0.1727603
-0.1772869
-0.183848
-0.192815
-0.204159
-0.2160742
-0.2244384
-0.2268512
-0.221439
-0.2049501
-0.1774361
-0.1438196
-0.1094872
-0.07653365
-0.04417543
-0.0111951
0.02323575
0.05892755
0.09391211
0.1235068
0.142583
0.1509138
0.1536901
0.1564367
0.1613954
0.1683265
0.1765763
0.1865397
0.1989304
0.2130841
0.2278204
0.2423712
0.2555648
0.2645192
0.2628357
0.2442382
0.2100012
0.1681577
0.1263298
0.08731847
0.0494687
0.01072444
-0.02620804
-0.05305237
-0.0623882
-0.05410423
-0.0344377
-0.01146586
0.007673025
0.01846208
0.02105767
0.01940859
0.01782243
0.01823074
0.01999513
0.02210965
0.02373125
0.02442987
0.02411264
0.02263495
0.01964325
0.01471103
0.007858439
-0.0009811203
-0.01191666
-0.02463718
-0.0383786
-0.05132838
-0.06065796
-0.06529327
-0.06623353
-0.06390406
-0.0569578
-0.04369814
-0.02519227
-0.004673126
0.01552347
0.03390504
0.04828191
0.05734855
0.0624327
0.06585997
0.0691222
0.07258234
0.07613118
0.07954809
0.08284612
0.08635877
0.08974379
0.09203463
0.09135514
0.08439099
0.06900693
0.04678659
0.02206619
-0.001499708
-0.02223239
-0.03783931
-0.0467671
-0.05101614
-0.05394968
-0.05791366
-0.06312039
-0.06832777
-0.07289583
-0.07712062
-0.08160992
-0.08743059
-0.09602586
-0.107759
-0.1215374
-0.1358519
-0.1497209
-0.1628474
-0.1746488
-0.1839516
-0.1898955
-0.1928115
-0.1935712
-0.1923728
-0.1884333
-0.1805186
-0.1682914
-0.1532695
-0.1377022
-0.1227871
-0.1086999
-0.09585877
-0.08513883
-0.07677779
-0.06966032
-0.0618797
-0.05250628
-0.04197719
-0.03133421
-0.02148778
-0.01276903
-0.005046
0.002286261
0.009470611
0.01616704
0.0224208
0.02907203
0.03741838
0.04826453
0.06093087
0.07367667
0.08494318
0.09372458
0.1002462
0.1059254
0.1118992
0.1187109
0.1268929
0.1369601
0.1485942
0.1608783
0.1730353
0.1837419
0.1916611
0.1962812
0.1979076
0.1968833
0.1915422
0.1797909
0.1623344
0.1421036
0.1219051
0.1026268
0.08353631
0.0639244
0.04355525
0.0227699
0.003073668
-0.01241907
-0.02120387
-0.024192
-0.0244153
-0.02440347
-0.02476887
-0.02494352
-0.02467983
-0.02428645
-0.02422431
-0.02453466
-0.02512028
-0.0258402
-0.02612271
-0.02549741
-0.02381025
-0.02069464
-0.01497092
-0.00472777
0.01049171
0.02794581
0.04300345
0.0523532
0.05635351
0.05800102
0.05936432
0.06008516
0.05818192
0.05043747
0.0353837
0.01554504
-0.005357865
-0.02514763
-0.04390517
-0.06275532
-0.08239375
-0.102973
-0.1238173
-0.143522
-0.1593024
-0.16837
-0.1713186
-0.1710312
-0.1700988
-0.1694305
-0.1682465
-0.16492
-0.1575626
-0.1452736
-0.1290866
-0.1116245
-0.09515769
-0.08148017
-0.07183663
-0.06577254
-0.06182336
-0.05873178
-0.05638857
-0.05515392
-0.05518244
-0.05644829
-0.05847533
-0.06079305
-0.0630067
-0.06483507
-0.0659768
-0.06619254
-0.065409
-0.06303146
-0.05793506
-0.04799866
-0.03173256
-0.01113679
0.01025759
0.03071452
0.04976657
0.06591174
0.07729359
0.08445083
0.08972623
0.0949271
0.1000255
0.1034798
0.1040831
0.1013001
0.09468738
0.08450469
0.07268413
0.06295578
0.05829797
0.05860665
0.06185994
0.06581052
0.06907147
0.07093639
0.07100816
0.06929877
0.06616146
0.06213905
0.05790919
0.05411688
0.05113283
0.04915929
0.04819589
0.04825119
0.04950183
0.05204748
0.05529059
0.05864223
0.06156753
0.06338168
0.06436354
0.06514718
0.06607445
0.06718592
0.06825214
0.06881002
0.06824481
0.06619583
0.06237697
0.05622314
0.04725815
0.03625036
0.02518429
0.01552653
0.007242394
-0.0006808784
-0.009605607
-0.02004084
-0.03063638
-0.03938303
-0.04490349
-0.04713982
-0.04731016
-0.04645677
-0.04493193
-0.04309335
-0.04115797
-0.0394394
-0.03834031
-0.03761414
-0.03726981
-0.03745234
-0.03844466
-0.04132827
-0.04732826
-0.05782879
-0.07261056
-0.08924585
-0.105927
-0.1219375
-0.1375844
-0.1535832
-0.1688995
-0.1809717
-0.1876292
-0.1886706
-0.1843104
-0.1730545
-0.1543488
-0.1308959
-0.1064224
-0.08269899
-0.05938375
-0.03577241
-0.01140574
0.01236665
0.0314957
0.04316316
0.04852694
0.0510057
0.05311419
0.05518685
0.0564471
0.05615942
0.05431532
0.05158719
0.04880675
0.04645897
0.04511677
0.04560215
0.04824954
0.05342882
0.06123976
0.07011002
0.07780116
0.08284554
0.08517351
0.08555189
0.08484818
0.08371358
0.08182396
0.07905407
0.07534922
0.07050539
0.06538443
0.06102187
0.0579484
0.05624541
0.05579697
0.05665017
0.05887902
0.06241511
0.06686222
0.07152322
0.07564424
0.07816068
0.07823237
0.0756339
0.07000986
0.06132196
0.05100717
0.04149348
0.03413524
0.02859288
0.02369418
0.01844496
0.01239752
0.0056661
-0.001566149
-0.009698871
-0.01912903
-0.02931397
-0.03858366
-0.04539034
-0.04955939
-0.05201481
-0.0535706
-0.05429188
-0.05394607
-0.05280414
-0.05145101
-0.05031702
-0.0497534
-0.04992181
-0.05073537
-0.05210695
-0.05374565
-0.05521205
-0.05651862
-0.05759923
-0.05851312
-0.05964292
-0.06107588
-0.06260435
-0.06403392
-0.06523547
-0.06593462
-0.065951
-0.06493157
-0.06268254
-0.05878453
-0.05229064
-0.04310805
-0.03199631
-0.02016836
-0.008610878
0.002573783
0.013609
0.02424777
0.0341621
0.04341243
0.05201625
0.06010151
0.06817895
0.07685302
0.08565297
0.0934949
0.0997456
0.1040117
0.1065269
0.1077143
0.1074961
0.1055833
0.1015027
0.09506122
0.0866439
0.07734856
0.06860743
0.06102611
0.05449422
0.04841486
0.04260162
0.037075
0.03144177
0.02581854
0.02052758
0.01575965
0.01146724
0.007378341
0.003313659
-0.001066347
-0.006026515
-0.0115464
-0.0178626
-0.0252538
-0.03373338
-0.04286639
-0.05130131
-0.05779845
-0.0621716
-0.06496211
-0.06676356
-0.06756574
-0.06730204
-0.0663335
-0.06505288
-0.06376244
-0.06282733
-0.06242538
-0.06225361
-0.0619032
-0.0609553
-0.05906664
-0.05637118
-0.05318683
-0.04980357
-0.04682905
-0.04485954
-0.04394416
-0.0441502
-0.04516976
-0.04620908
-0.04718762
-0.0482675
-0.04927759
-0.04997078
-0.05007484
-0.04936111
-0.04781046
-0.04550629
-0.04268315
-0.03981402
-0.03742516
-0.0358568
-0.03510008
-0.03500858
-0.03529481
-0.03571853
-0.03618662
-0.03662284
-0.03685751
-0.03677522
-0.03623765
-0.03492238
-0.03286717
-0.03024235
-0.02736829
-0.02479519
-0.02266575
-0.02099342
-0.01963129
-0.01804743
-0.01576704
-0.01247242
-0.007888064
-0.001987206
0.004532599
0.01102668
0.01733773
0.0233388
0.02905164
0.03411507
0.03788141
0.04003588
0.04041123
0.03892604
0.03614256
0.03313173
0.03062835
0.02909332
0.02882955
0.02989697
0.03223602
0.03568615
0.03990453
0.04438074
0.04843826
0.05157616
0.05373103
0.05482042
0.05478309
0.0537963
0.05173056
0.04847276
0.04379076
0.03694098
0.02800771
0.01785294
0.007456087
-0.002062279
-0.009505112
-0.01421293
-0.01668337
-0.01759644
-0.01731372
-0.01582818
-0.01254522
-0.007272182
-0.000537993
0.006919483
0.01379812
0.01948878
0.0245211
0.02902904
0.03306382
0.03650941
0.03866791
0.03907073
0.03783275
0.03520671
0.0316944
0.02835347
0.02567836
0.02336252
0.02117609
0.01899595
0.01679276
0.01462394
0.01262647
0.01099863
0.009901144
0.009302929
0.009098145
0.00924619
0.009674441
0.01019802
0.01061675
0.01081498
0.01082624
0.01068614
0.01024948
0.009535872
0.008591838
0.007571346
0.006803249
0.006306907
0.005883141
0.005283331
0.004377566
0.00312257
0.001539371
-0.0003300201
-0.002474127
-0.004664225
-0.006864807
-0.009123187
-0.01110414
-0.01263994
-0.01368414
-0.01419951
-0.01434296
-0.01424052
-0.01417234
-0.01431882
-0.01460864
-0.01493626
-0.01518065
-0.01504692
-0.01424328
-0.01284129
-0.0108991
-0.008659349
-0.006813603
-0.005868928
-0.005691258
-0.005780543
-0.005880207
-0.005818584
-0.005354413
-0.004753176
-0.004296982
-0.0038576
-0.003497482
-0.003293286
-0.002994352
-0.002363519
-0.001443071
-0.000251581
0.001226165
0.002895251
0.004764154
0.0068611
0.008906473
0.01060287
0.01177488
0.01213882
0.01167728
0.0103175
0.007890676
0.004391752
-0.0002178933
-0.005433216
-0.01037454
-0.01467607
-0.01811403
-0.02081919
-0.0233889
-0.02604598
-0.02882374
-0.03164228
-0.03427477
-0.03660214
-0.03861969
-0.04021861
-0.04138572
-0.04216485
-0.04234067
-0.0417492
-0.0405439
-0.03922086
-0.03809067
-0.0369366
-0.0355088
-0.03369487
-0.03133782
-0.02829544
-0.02433767
-0.01941173
-0.01379869
-0.00755834
-0.0007559723
0.00607537
0.01253804
0.01872691
0.02466852
0.03006443
0.03448146
0.03773805
0.03950146
0.03930001
0.03727224
0.03333505
0.0270095
0.01846562
0.008648346
-0.0008319087
-0.008227395
-0.01268267
-0.01469788
-0.01534478
-0.0150488
-0.01368645
-0.01066162
-0.00487233
0.003654011
0.01272528
0.01992698
0.02425637
0.02619225
0.02701361
0.02740814
0.02730473
0.02633437
0.02419497
0.02097639
0.01681124
0.01173283
0.005811766
-0.0008251213
-0.00739263
-0.01264063
-0.01583507
-0.01718771
-0.01721872
-0.01596268
-0.01318813
-0.008436024
-0.001286272
0.007567904
0.01601606
0.02201097
0.02525348
0.02663014
0.02700537
0.02675097
0.02556111
0.02351505
0.02112719
0.01868466
0.01641113
0.01444879
0.01264446
0.01053511
0.007698196
0.00387219
-0.0008556113
-0.005873502
-0.01012889
-0.01289425
-0.01412456
-0.01410327
-0.01323432
-0.01167852
-0.009435102
-0.006291358
-0.002002926
0.003189799
0.00877789
0.01427628
0.01952016
0.02482692
0.03034109
0.03589182
0.04123969
0.04586535
0.04941704
0.05183498
0.05311489
0.05333951
0.05229191
0.04979772
0.04605595
0.04153898
0.03716321
0.03366879
0.03136298
0.03004954
0.02914626
0.02838699
0.02750123
0.02623024
0.02465861
0.02271284
0.0204736
0.01824245
0.01596271
0.01353473
0.01070961
0.006889116
0.001708363
-0.004431162
-0.01045383
-0.01547477
-0.01941651
-0.02280258
-0.02613284
-0.02964331
-0.03306762
-0.03580534
-0.03770773
-0.03884292
-0.03923085
-0.03894315
-0.03837517
-0.03784452
-0.03747747
-0.03758421
-0.03802038
-0.03846491
-0.03893946
-0.03942006
-0.03983796
-0.04014822
-0.040221
-0.04005132
-0.03941947
-0.03823437
-0.0365723
-0.03422411
-0.03140319
-0.0282825
-0.02474605
-0.02093252
-0.0171194
-0.01358028
-0.01067545
-0.008707725
-0.007652064
-0.007478123
-0.007955424
-0.008649314
-0.009353022
-0.009947851
-0.01027238
-0.01033619
-0.01020225
-0.009781002
-0.009027616
-0.007995975
-0.006726233
-0.005090327
-0.003070108
-0.0009553026
0.001025645
0.002872351
0.004591755
0.006353757
0.008439541
0.01090886
0.01376592
0.01678052
0.01947312
0.02183491
0.02421039
0.02672552
0.02956448
0.03263903
0.03567834
0.03860873
0.04098826
0.04240023
0.04276845
0.04218583
0.0408234
0.03873802
0.03582866
0.03203993
0.02762146
0.02293293
0.01848736
0.01492397
0.01233113
0.01030192
0.00859211
0.007239883
0.006276618
0.005756178
0.005696704
0.005810292
0.006013545
0.006100014
0.005645076
0.00457295
0.002847897
0.0002534375
-0.003390007
-0.007707039
-0.0120493
-0.01592813
-0.01909665
-0.0216225
-0.02376505
-0.0259452
-0.02840677
-0.03103849
-0.03379843
-0.03647686
-0.03870368
-0.04025665
-0.04096313
-0.04077612
-0.03956499
-0.0372485
-0.03403197
-0.03028856
-0.02640525
-0.02285316
-0.02007948
-0.01815836
-0.01695849
-0.01632
-0.0159278
-0.01554197
-0.01511866
-0.01458032
-0.01396656
-0.01345815
-0.01302731
-0.01268545
-0.01249963
-0.01244415
-0.01262636
-0.01294254
-0.0131708
-0.01331443
-0.01333167
-0.01308877
-0.01252522
-0.01164882
-0.01055324
-0.009328516
-0.00786868
-0.006131849
-0.004194059
-0.002003737
0.0003875704
0.002782933
0.004922836
0.00662625
0.007817352
0.008255483
0.00777857
0.00636512
0.003977222
0.0009706818
-0.002190194
-0.005208031
-0.007776786
-0.009706786
-0.01105061
-0.01199122
-0.01258215
-0.01281675
-0.01258009
-0.01202272
-0.01135751
-0.01054255
-0.00960028
-0.008476474
-0.00722392
-0.005899335
-0.004582333
-0.003575372
-0.00303596
-0.002868066
-0.00293387
-0.003389967
-0.004370249
-0.005713165
-0.007277507
-0.008831251
-0.01014336
-0.01110264
-0.01160718
-0.0115507
-0.01078332
-0.009441969
-0.007879567
-0.006295266
-0.004921251
-0.003794255
-0.002723793
-0.00171807
-0.0008208281
6.983623e-05
0.001078713
0.002319163
0.003900176
0.005741266
0.00762846
0.009357992
0.01091001
0.01252324
0.01425804
0.01606498
0.01785014
0.01917369
0.01971938
0.01948526
0.01845139
0.01677886
0.01490226
0.01312703
0.0116515
0.01058722
0.009774456
0.009180907
0.008900014
0.00904518
0.009664596
0.01079277
0.01239303
0.0141239
0.01574095
0.01702384
0.01789007
0.01838428
0.01850648
0.01836368
0.01810317
0.01790639
0.01772756
0.01733284
0.01682495
0.01644551
0.01626369
0.01640358
0.01681484
0.01725198
0.01740937
0.0171094
0.01644389
0.01544023
0.01423309
0.01305358
0.01196109
0.01099588
0.01018808
0.009421704
0.008611247
0.007840602
0.007178936
0.006635784
0.006225579
0.006159654
0.006632225
0.007604003
0.009098319
0.01103949
0.01322569
0.01538643
0.01707443
0.01791402
0.01761311
0.01636707
0.01475863
0.01299169
0.01116027
0.009383942
0.007796983
0.00650841
0.005501056
0.004738387
0.004152849
0.003669177
0.003109144
0.002387011
0.001493584
0.0003492676
-0.001084439
-0.002759829
-0.004436671
-0.005939361
-0.007094876
-0.00781408
-0.008129462
-0.007953786
-0.007293143
-0.006081289
-0.004417536
-0.00263456
-0.0009737262
0.0003972382
0.001385024
0.001812996
0.001621575
0.0009344616
-2.324618e-05
-0.001013776
-0.001918999
-0.002557934
-0.002860011
-0.00288161
-0.002610613
-0.002047379
-0.001347788
-0.0007865358
-0.0005068121
-0.0005954456
-0.001116773
-0.001983455
-0.003129192
-0.004373105
-0.005570239
-0.006737287
-0.007892696
-0.009164546
-0.01060436
-0.0122298
-0.01401186
-0.01595015
-0.01818267
-0.02063043
-0.02299646
-0.02504789
-0.02667674
-0.02802192
-0.02919098
-0.03007849
-0.03056815
-0.03047742
-0.02973291
-0.02827251
-0.02622707
-0.02378848
-0.0210532
-0.01824399
-0.01531131
-0.01214555
-0.008751955
-0.005027443
-0.0008837591
0.00356653
0.008102147
0.01242172
0.01611517
0.018885
0.02057692
0.02121963
0.02091655
0.01970031
0.01769679
0.01507391
0.01204352
0.009111882
0.006779546
0.005151795
0.004271894
0.004080953
0.004345791
0.004936629
0.005692062
0.006385367
0.006898707
0.007327233
0.007722963
0.008192059
0.00878969
0.009257487
0.009491175
0.009456338
0.008989171
0.008007138
0.006496622
0.004379534
0.001776701
-0.0009543605
-0.003506131
-0.005581668
-0.006955801
-0.007618632
-0.007657509
-0.007109593
-0.006136797
-0.005071642
-0.004081726
-0.003093257
-0.001997797
-0.000682676
0.0008712927
0.002445081
0.003848935
0.005056553
0.005983275
0.006593762
0.006894682
0.006668953
0.005838554
0.004488902
0.002736308
0.0009091815
-0.000687035
-0.001873026
-0.00252799
-0.002534241
-0.001827986
-0.000519437
0.001246561
0.003343888
0.005621611
0.008037435
0.01053541
0.01288357
0.01491675
0.01655768
0.01754774
0.01769288
0.01709828
0.01583486
0.01404618
0.01198474
0.00966752
0.00708576
0.004390162
0.001775922
-0.0007228619
-0.003115427
-0.005331106
-0.007285597
-0.009027034
-0.01066473
-0.01213491
-0.01348912
-0.01479436
-0.01612099
-0.0176117
-0.01924605
-0.02106249
-0.02296715
-0.0246443
-0.02593708
-0.0267615
-0.02707829
-0.02683452
-0.02597834
-0.02455765
-0.02277562
-0.02100103
-0.01939208
-0.01792391
-0.01665247
-0.01571571
-0.01517164
-0.01476569
-0.01409413
-0.01297363
-0.011271
-0.009005425
-0.006338291
-0.003118728
0.000639782
0.004705984
0.008787517
0.01238555
0.01524129
0.017397
0.01894394
0.01994411
0.02039293
0.0202314
0.01948886
0.01820233
0.01628269
0.01376799
0.01080149
0.007562024
0.00434836
0.001385153
-0.001109409
-0.003014894
-0.004487475
-0.005752205
-0.006966226
-0.008158992
-0.009351509
-0.01051754
-0.01153242
-0.01229864
-0.01281176
-0.01301736
-0.01278162
-0.01217428
-0.01141362
-0.01074065
-0.010332
-0.01025007
-0.01053516
-0.01116554
-0.01201198
-0.01285653
-0.01353746
-0.01395703
-0.01398056
-0.01352423
-0.01257089
-0.0111459
-0.009276011
-0.006995665
-0.004553728
-0.002182609
-3.654589e-05
0.001756107
0.003086171
0.003806819
0.00395928
0.003670846
0.003007256
0.002099119
0.001137502
0.0002333228
-0.0003458969
-0.0001983044
0.0007481645
0.002423803
0.004946171
0.008230115
0.01209738
0.01628494
0.02027366
0.02367392
0.02615462
0.02754668
0.02810991
0.02819217
0.0279529
0.02736141
0.02633944
0.02485343
0.02285757
0.02030589
0.01713896
0.01349287
0.009718385
0.006170395
0.003127619
0.0006992104
-0.001081537
-0.002207433
-0.002815197
-0.003101603
-0.003228826
-0.003353991
-0.003526712
-0.003665851
-0.003868382
-0.004338857
-0.00513983
-0.006158291
-0.00710329
-0.007822844
-0.008348827
-0.008664434
-0.008811596
-0.008937644
-0.009167413
-0.009532672
-0.009874439
-0.01003323
-0.01006898
-0.01004413
-0.009984847
-0.009887598
-0.009466088
-0.008518848
-0.007283632
-0.006080839
-0.005176889
-0.004618548
-0.004229604
-0.0039829
-0.003822135
-0.003709616
-0.003663407
-0.003527204
-0.003303814
-0.003221687
-0.003445821
-0.004017828
-0.00491709
-0.006049407
-0.007244812
-0.008401608
-0.009309208
-0.009696532
-0.0096268
-0.00907312
-0.007988196
-0.006471385
-0.004672652
-0.002820361
-0.0009492851
0.000682214
0.001912733
0.002889063
0.003684736
0.004441367
0.005258064
0.006204114
0.00737071
0.008821246
0.01035419
0.01181483
0.0132792
0.0147539
0.01621229
0.01750649
0.01850216
0.01911658
0.01945918
0.01973489
0.01997756
0.02012703
0.02003812
0.01961246
0.01881412
0.01769653
0.01650221
0.01543859
0.0145804
0.01408788
0.01397062
0.01395492
0.01384731
0.01350341
0.01293869
0.01228732
0.01166248
0.01119298
0.01077043
0.01030594
0.009966877
0.009757182
0.009431008
0.009081509
0.008776091
0.008431826
0.008188489
0.008004426
0.007786332
0.007550818
0.007194369
0.006743701
0.006380158
0.005712186
0.004442083
0.00277018
0.0005315021
-0.002163318
-0.004878668
-0.007499422
-0.009836425
-0.01170093
-0.01290631
-0.01311439
-0.012283
-0.01055848
-0.008018382
-0.004961629
-0.00178396
0.001404513
0.004320842
0.006543578
0.007956289
0.008455834
0.008211889
0.007410309
0.006001136
0.003940621
0.001242795
-0.001810853
-0.004793122
-0.007314452
-0.009392104
-0.0110913
-0.01219867
-0.01274411
-0.01280535
-0.01242011
-0.01176356
-0.01093792
-0.009967562
-0.008921558
-0.007930204
-0.007018921
-0.006229323
-0.005647114
-0.005336535
-0.005213734
-0.005193076
-0.005269158
-0.005286677
-0.005232872
-0.005020011
-0.00441411
-0.003345018
-0.001733452
0.0003963564
0.00273288
0.005101607
0.00739749
0.009470794
0.01129667
0.01288805
0.01428123
0.01540385
0.01619972
0.0168358
0.01740698
0.01775192
0.01796948
0.01809585
0.01809136
0.01810199
0.01812026
0.01799395
0.01772174
0.01744222
0.01692671
0.01606582
0.01483132
0.01324538
0.01148746
0.009587185
0.007610084
0.005473862
0.003026864
0.0001564033
-0.003153824
-0.006525478
-0.009625547
-0.01236287
-0.01475782
-0.01687751
-0.01863546
-0.02010649
-0.02137747
-0.02223669
-0.02253012
-0.02219835
-0.02112332
-0.01924568
-0.01638123
-0.01231699
-0.007242301
-0.001558964
0.003832325
0.00809897
0.01123103
0.01330027
0.01456715
0.01531046
0.01570205
0.01588595
0.01586959
0.01581074
0.01595763
0.01641982
0.01697928
0.01731864
0.0174416
0.01736275
0.01683961
0.01589772
0.01470932
0.01344584
0.01215381
0.01074358
0.009418505
0.008033275
0.006438442
0.004844736
0.003326484
0.002128781
0.001239333
0.0006149048
0.0003746595
0.0002030274
-9.269899e-05
-0.0005324486
-0.001175284
-0.002078953
-0.00329857
-0.004770868
-0.006528413
-0.008490773
-0.01063418
-0.01290329
-0.01518201
-0.01740736
-0.01944586
-0.02128152
-0.02288205
-0.0241535
-0.02491709
-0.02490133
-0.02404746
-0.02248848
-0.02027436
-0.01776004
-0.01517803
-0.01264354
-0.01073492
-0.009557669
-0.009019392
-0.008959188
-0.008950957
-0.008862195
-0.008527731
-0.007969002
-0.007194529
-0.006216577
-0.005245023
-0.004190531
-0.002987366
-0.001764639
-0.000812646
-0.0002251576
9.35232e-05
0.0001963749
0.0002582986
0.0002099612
-3.346185e-05
-0.0004356869
-0.0009022505
-0.001393368
-0.001860859
-0.002234562
-0.002684262
-0.003185777
-0.003676712
-0.004118801
-0.004486849
-0.004921192
-0.005489863
-0.006149369
-0.006718057
-0.007134679
-0.007300484
-0.006890596
-0.0059065
-0.00437966
-0.00215966
0.0005562741
0.003459071
0.006261007
0.008566242
0.01025181
0.01125699
0.01151162
0.01121375
0.01051628
0.009617121
0.008603963
0.007575751
0.00665316
0.005910867
0.005752811
0.006193701
0.00718517
0.008738663
0.01060982
0.01285299
0.0153317
0.01757276
0.01928538
0.02023347
0.02020272
0.01920738
0.01732602
0.01467035
0.0115715
0.00829144
0.005054255
0.002284585
6.965972e-05
-0.001578853
-0.002559886
-0.003160151
-0.003483676
-0.003519008
-0.003323546
-0.002726752
-0.001734745
-0.0004798965
0.00086826
0.002109507
0.003031625
0.003548089
0.003778767
0.003702711
0.003415361
0.003129665
0.002808692
0.002211104
0.001438036
0.0007983294
0.0002787826
-0.000193119
-0.0007680193
-0.001473402
-0.002104816
-0.002690493
-0.003196065
-0.003553353
-0.003929265
-0.004223541
-0.004409449
-0.00451088
-0.004484766
-0.004543739
-0.004752922
-0.005254995
-0.006229732
-0.007550671
-0.009088541
-0.01070143
-0.012096
-0.01303378
-0.01345388
-0.01328617
-0.01263079
-0.01179704
-0.0107492
-0.009448233
-0.008063218
-0.006667025
-0.005384007
-0.004163193
-0.002735476
-0.00113504
0.0006765091
0.002775099
0.004877201
0.006840466
0.008539718
0.009892455
0.01084343
0.01124955
0.01118953
0.01067663
0.009707612
0.008365607
0.006537146
0.004120691
0.001231587
-0.001723423
-0.004398512
-0.006562289
-0.007998945
-0.008822931
-0.009068476
-0.008593927
-0.007426173
-0.005711987
-0.003709782
-0.001636605
0.0005172387
0.002612202
0.004343014
0.005556228
0.006066413
0.005796629
0.004766724
0.002986391
0.0006179077
-0.002111007
-0.004963465
-0.007788585
-0.01035267
-0.01241679
-0.01412946
-0.01540989
-0.01577494
-0.01513622
-0.01365721
-0.01145928
-0.008860409
-0.006188004
-0.003743757
-0.001778316
-0.0003734087
0.00034553
0.0005906301
0.0006547003
0.0005715095
0.0003539354
-4.870481e-05
-0.0005700586
-0.001222866
-0.002089548
-0.003205833
-0.004635156
-0.006229347
-0.007667584
-0.008778901
-0.009529804
-0.009759792
-0.009251405
-0.008024943
-0.006279483
-0.004026703
-0.001194336
0.002025338
0.005259789
0.008119405
0.01028412
0.01172588
0.01237584
0.01220581
0.01171342
0.0112129
0.01076907
0.01057134
0.01067166
0.01096233
0.01127487
0.01149266
0.01146584
0.01124745
0.01094522
0.0105228
0.01008188
0.009585081
0.009107534
0.008734494
0.008386157
0.008109832
0.007827859
0.007434001
0.006934927
0.006321214
0.00568778
0.00506239
0.004322042
0.003518511
0.002650191
0.001727376
0.0008254535
-0.0001465076
-0.001234101
-0.002328344
-0.003315055
-0.004197463
-0.004907003
-0.005415429
-0.005696174
-0.00556745
-0.005094709
-0.004242529
-0.00289376
-0.001256573
0.0004955309
0.001898687
0.002477815
0.002231518
0.001287418
2.231315e-05
-0.001216811
-0.002386121
-0.003486195
-0.004487332
-0.005415431
-0.006315254
-0.007026679
-0.00745212
-0.00769396
-0.007753437
-0.007695767
-0.007591293
-0.007269672
-0.006686525
-0.005927609
-0.005003905
-0.003985486
-0.002879819
-0.001782397
-0.0009590372
-0.0004103284
-6.214548e-05
-5.637074e-05
-0.0003270012
-0.0006494029
-0.0009349441
-0.001210937
-0.001458991
-0.001521926
-0.001390966
-0.001139067
-0.0006744001
8.484637e-05
0.001075839
0.002177592
0.003297908
0.004447929
0.005671035
0.006901979
0.008131942
0.009399468
0.01064444
0.01185032
0.01308969
0.01423056
0.01499405
0.01547854
0.01578882
0.01580419
0.01560542
0.01523832
0.01468481
0.01391557
0.01281012
0.0114162
0.009797992
0.008020427
0.006416313
0.005226623
0.004371683
0.003696439
0.003078877
0.002524422
0.002021771
0.001511691
0.001045567
0.0007496536
0.0006005017
0.0003921077
0.0001221689
-0.000166427
-0.00046904
-0.0006883848
-0.0008155379
-0.0009818036
-0.001229252
-0.001388165
-0.001355085
-0.001090366
-0.0005135277
0.0002670718
0.000986949
0.001577482
0.002022095
0.002228571
0.002246127
0.002192771
0.002173082
0.002085976
0.001683492
0.001000155
0.0001572441
-0.0008594845
-0.002005853
-0.003105732
-0.003987679
-0.004686861
-0.005347743
-0.005969045
-0.006534025
-0.007093869
-0.007783127
-0.008704759
-0.009837595
-0.01111856
-0.01228661
-0.01321272
-0.01406515
-0.01486281
-0.01552509
-0.01611583
-0.01661315
-0.0169268
-0.01718449
-0.0175611
-0.01809153
-0.01870762
-0.0191665
-0.01938298
-0.01952275
-0.01953194
-0.01938294
-0.01918179
-0.01900731
-0.01897725
-0.01914582
-0.01958097
-0.0203139
-0.02105404
-0.02148486
-0.02167256
-0.02163443
-0.02124511
-0.02056452
-0.0196119
-0.01836762
-0.01693403
-0.01543716
-0.0138813
-0.01227873
-0.01059994
-0.008599538
-0.006224651
-0.003639591
-0.001113882
0.001133877
0.003012356
0.004535197
0.005892902
0.007023324
0.007888084
0.008552958
0.00896654
0.009295705
0.009687696
0.0101727
0.01065571
0.01102481
0.01134918
0.01163133
0.01183925
0.01199381
0.01200641
0.01170741
0.01111897
0.01020112
0.008919247
0.007561902
0.006344225
0.005375422
0.004711523
0.004294161
0.004073539
0.004120516
0.004475053
0.005006307
0.005594361
0.006041303
0.006140963
0.005950258
0.005607341
0.00512937
0.004640649
0.004250996
0.003979737
0.004063299
0.00463025
0.005628891
0.00698552
0.008635822
0.01048981
0.01242858
0.01438294
0.01620542
0.01775837
0.01894932
0.01969282
0.0198659
0.01955745
0.01897653
0.01815004
0.01711218
0.01577389
0.0141853
0.01257165
0.01097701
0.009390217
0.007758065
0.006221733
0.004903773
0.003594791
0.002203535
0.0007830767
-0.0007123606
-0.00227549
-0.003827062
-0.005546927
-0.007589996
-0.009671845
-0.01158157
-0.0131796
-0.01434271
-0.01510748
-0.01546056
-0.01551566
-0.01525976
-0.01458921
-0.01364751
-0.01244857
-0.0111364
-0.009865886
-0.008620344
-0.007510508
-0.006468815
-0.005520669
-0.004764723
-0.004090283
-0.003269886
-0.002221893
-0.001062069
0.0002930759
0.001727967
0.002962337
0.00405234
0.004979065
0.005791581
0.006707674
0.007658403
0.008561588
0.009407302
0.01006921
0.01054477
0.01097023
0.01118853
0.01115998
0.0110375
0.01062467
0.009870145
0.008808086
0.007396938
0.00573208
0.003880111
0.001825672
-0.0003329325
-0.002390212
-0.004303218
-0.006046986
-0.00758343
-0.008938751
-0.01007376
-0.01091866
-0.01138824
-0.0114144
-0.01091732
-0.009826056
-0.008305882
-0.006527443
-0.004611713
-0.002844028
-0.001502773
-0.000677008
-0.0003073936
-0.0003044411
-0.0005407232
-0.0007923835
-0.0007750372
-0.0005039001
-0.000126656
0.0003693397
0.0008772017
0.0013668
0.001824873
0.001994947
0.001897225
0.001649919
0.001174138
0.0005076936
-0.0002390164
-0.0009088359
-0.001357355
-0.001485928
-0.001447368
-0.001340887
-0.001036887
-0.0006976875
-0.0005842897
-0.0007767575
-0.001182849
-0.001781733
-0.002535736
-0.003215903
-0.003723157
-0.004096183
-0.004353382
-0.004469265
-0.004413028
-0.004199697
-0.003793508
-0.00316325
-0.002342547
-0.001282456
-7.100278e-07
0.001399245
0.002860922
0.004276542
0.005596715
0.006785077
0.007581274
0.007872461
0.007795922
0.007493628
0.00705996
0.006590606
0.006232197
0.005951529
0.00572072
0.005570135
0.005341475
0.004879091
0.004210429
0.003392533
0.00242501
0.00137359
0.0002967079
-0.0007700359
-0.001735307
-0.002622876
-0.003517211
-0.004364065
-0.005078757
-0.005723955
-0.006324221
-0.006727068
-0.007005872
-0.007251607
-0.007435053
-0.007642324
-0.007876131
-0.008046916
-0.008089074
-0.008005908
-0.007682886
-0.00716733
-0.006636871
-0.00610636
-0.005612087
-0.005250048
-0.005072447
-0.005015891
-0.005014085
-0.005011453
-0.005022172
-0.00491981
-0.004641433
-0.004264593
-0.003788142
-0.003200519
-0.002262113
-0.0008221065
0.0009651735
0.002996464
0.005277459
0.007759112
0.01027322
0.01262098
0.01459683
0.01601034
0.01683366
0.0170366
0.01663589
0.01568771
0.01429501
0.01262424
0.01079873
0.008912734
0.006941921
0.005160908
0.003755941
0.002636921
0.001832792
0.001328672
0.001093786
0.0009722547
0.0008076018
0.0005382162
0.0001692305
-0.0001620705
-0.0002594835
-0.0001111675
0.0001327569
0.0003364375
0.0002837422
-9.310376e-05
-0.0006979835
-0.001482928
-0.002310301
-0.003160791
-0.004096318
-0.004913056
-0.00558353
-0.006166517
-0.006484761
-0.006403744
-0.005924126
-0.00513797
-0.00422084
-0.003162932
-0.001865627
-0.000526295
0.0005590012
0.001236227
0.001516423
0.001436422
0.001075146
0.0004998517
-0.0002613916
-0.001126427
-0.002035052
-0.002959469
-0.003867783
-0.004631557
-0.005274152
-0.005910233
-0.006472123
-0.007056021
-0.007716136
-0.008280418
-0.008775064
-0.009103098
-0.009180466
-0.009126526
-0.008659999
-0.007700918
-0.006472033
-0.005063368
-0.003607581
-0.002147845
-0.0008425398
0.0001229884
0.0008741384
0.001557406
0.002124963
0.002625955
0.003154085
0.003684814
0.004383542
0.005419719
0.006665279
0.007855582
0.008839709
0.009647837
0.01029651
0.01071098
0.010953
0.01116991
0.01127513
0.01123364
0.01119729
0.01117271
0.01107503
0.01085484
0.01035739
0.009566715
0.0085843
0.007321832
0.005890651
0.004497305
0.003139578
0.001794916
0.0004831551
-0.000839812
-0.002188327
-0.003576293
-0.005121435
-0.00681155
-0.008512669
-0.01012363
-0.01151278
-0.01247166
-0.01281935
-0.01257662
-0.01186246
-0.01088326
-0.009875878
-0.008818128
-0.007754581
-0.006875532
-0.006268815
-0.005945039
-0.005959049
-0.006365227
-0.007015654
-0.007754652
-0.008620201
-0.0096286
-0.01067527
-0.01158362
-0.012323
-0.01275962
-0.01267189
-0.01204645
-0.01094826
-0.009556306
-0.007837769
-0.005855305
-0.003938963
-0.002193795
-0.0008543005
-9.086095e-05
0.0001471808
-0.0002335782
-0.001158933
-0.002368451
-0.003516022
-0.004329179
-0.004720168
-0.004902311
-0.005047157
-0.005063158
-0.004933098
-0.004600444
-0.004228975
-0.004040043
-0.003868904
-0.00350132
-0.002888197
-0.00213633
-0.001457316
-0.0009914357
-0.0007503549
-0.0008433519
-0.00132733
-0.002047356
-0.002992474
-0.004197565
-0.005564309
-0.006970835
-0.008332517
-0.009456611
-0.01021707
-0.01052687
-0.01024984
-0.009557472
-0.008608212
-0.007551528
-0.006617203
-0.00570926
-0.004619923
-0.003216694
-0.001700497
-0.0002744729
0.0009099957
0.001549437
0.001793001
0.001822227
0.001806181
0.001877055
0.001978082
0.002099464
0.002180566
0.002214426
0.002113874
0.001826099
0.00147774
0.001074333
0.0006445307
0.0002897694
2.508346e-05
-0.0001247617
-0.0001643879
-7.592197e-05
0.0001634331
0.000474496
0.000686224
0.0007337161
0.0007069992
0.0006975337
0.0006013145
0.0003380908
-9.66537e-05
-0.0008629159
-0.001839366
-0.00287738
-0.004026131
-0.005124881
-0.006032747
-0.006752063
-0.00728545
-0.007771146
-0.008091597
-0.00800698
-0.007668907
-0.007053988
-0.005987857
-0.004294134
-0.001870915
0.001049946
0.004125361
0.006975175
0.009206595
0.01050309
0.01079273
0.01031271
0.009081858
0.007176206
0.00506167
0.002860599
0.0006265817
-0.001549078
-0.003538031
-0.005189261
-0.006375343
-0.006853461
-0.006624175
-0.00571549
-0.004227598
-0.002345585
-0.0003559432
0.001422099
0.002848205
0.003840358
0.004568171
0.005231422
0.005892171
0.006592092
0.007328603
0.00793221
0.008304952
0.008432286
0.008090703
0.007405058
0.006592351
0.005729395
0.00501834
0.004589439
0.004495515
0.004664678
0.005001868
0.005368367
0.005609364
0.005691639
0.005595613
0.005499774
0.005642586
0.005941599
0.006260699
0.006477975
0.006470158
0.006208384
0.005817397
0.005426761
0.005013149
0.004615982
0.004251928
0.003960114
0.003725006
0.003519767
0.00360753
0.004048386
0.004750709
0.005727625
0.006887009
0.008243437
0.009567973
0.01056298
0.01123651
0.01142771
0.01114008
0.01050416
0.009511393
0.008251663
0.006822978
0.005322911
0.00388465
0.002573165
0.001493652
0.0007388456
0.0002236647
-3.426585e-05
4.22561e-05
0.0004126059
0.001016795
0.001902703
0.002972897
0.004027335
0.004987808
0.005795068
0.006487398
0.007122877
0.007670807
0.008098935
0.008431802
0.008638746
0.008768048
0.008845736
0.008837265
0.008707979
0.008440177
0.008105718
0.007749803
0.007539826
0.007435624
0.007317275
0.007173777
0.00706345
0.007112899
0.007291682
0.007672059
0.008148047
0.008466472
0.008604917
0.008515012
0.008227766
0.007868999
0.007277149
0.006345526
0.005131943
0.003624083
0.001958783
0.0001513497
-0.00190675
-0.0039822
-0.005872583
-0.007526389
-0.008905231
-0.01004614
-0.01105511
-0.01210766
-0.01309384
-0.01389814
-0.01457149
-0.0149346
-0.01495765
-0.01490888
-0.01493448
-0.01507717
-0.01528828
-0.01553293
-0.01593242
-0.01635055
-0.01652375
-0.01662489
-0.01665768
-0.01646761
-0.01608277
-0.01536214
-0.01433228
-0.01299948
-0.01145228
-0.009811748
-0.007960629
-0.005976499
-0.003928978
-0.001955439
-0.0001506764
0.001494621
0.002817072
0.003725469
0.004072405
0.003981485
0.003797637
0.003499451
0.003128066
0.0027215
0.002202221
0.001623978
0.001091853
0.000692822
0.000524082
0.0005696175
0.0006660768
0.0006679235
0.000516913
0.0002792778
-3.761297e-05
-0.0003916452
-0.0009291255
-0.001734058
-0.002567336
-0.003378882
-0.004062673
-0.004549989
-0.004980444
-0.005383591
-0.005838252
-0.006497451
-0.007256808
-0.008045366
-0.00900517
-0.009987194
-0.01073832
-0.01120845
-0.0114307
-0.01141384
-0.01118429
-0.01089258
-0.01057213
-0.01023142
-0.009797833
-0.009124476
-0.008361545
-0.007649792
-0.007031949
-0.006551423
-0.006082374
-0.005514616
-0.004812514
-0.004097391
-0.003556089
-0.00318411
-0.003061704
-0.003291457
-0.003698349
-0.003973008
-0.003861644
-0.003383347
-0.002750443
-0.002015792
-0.001090352
2.452123e-05
0.001244555
0.002433139
0.003387374
0.004013543
0.004381484
0.004636303
0.004831339
0.005031817
0.00530145
0.00552174
0.005690961
0.005941655
0.006316599
0.006843455
0.007399325
0.007794761
0.007990959
0.008026431
0.00802161
0.007913635
0.007513018
0.00679216
0.005866292
0.004982146
0.004190417
0.003341876
0.002422425
0.00154642
0.0008771335
0.0004975568
0.0003742135
0.0005611931
0.001026756
0.00165117
0.002436246
0.003169851
0.00366297
0.003825247
0.003551224
0.002945234
0.002105679
0.001164849
0.0001674119
-0.0009098387
-0.002064277
-0.003326083
-0.004676678
-0.006274007
-0.007887027
-0.009015197
-0.009629521
-0.009816308
-0.009517592
-0.008670126
-0.007442647
-0.006006313
-0.004556923
-0.00320541
-0.001897609
-0.0008854902
-0.0004976422
-0.00070836
-0.001321222
-0.002249758
-0.003235492
-0.004204148
-0.005183869
-0.006026166
-0.006553539
-0.006443827
-0.005660247
-0.004362913
-0.002794092
-0.001182466
0.0004429447
0.002083598
0.003704853
0.005242204
0.006597901
0.007642439
0.008427067
0.009048942
0.00959715
0.01020486
0.01079762
0.01132116
0.01191871
0.0125649
0.0132354
0.01392321
0.01449724
0.01496156
0.01530824
0.01537154
0.01506268
0.0144445
0.01350482
0.01232772
0.01105555
0.009709519
0.008333966
0.006975252
0.005754477
0.004708102
0.003735871
0.002692932
0.001479606
0.0002081107
-0.001135831
-0.002510202
-0.003765123
-0.004840189
-0.005646928
-0.006164604
-0.006383094
-0.006296294
-0.005939759
-0.005296937
-0.004381865
-0.003385898
-0.002353888
-0.001303157
-0.0003556388
0.0004931416
0.001182721
0.001578868
0.00160064
0.001256698
0.0006884974
1.680298e-05
-0.0005550906
-0.0008402856
-0.000848722
-0.0006474488
-0.0002698904
0.0003855197
0.00125439
0.002135309
0.002824217
0.003167663
0.003067545
0.002515961
0.001687254
0.0006922333
-0.0005246235
-0.001936851
-0.003370223
-0.004867776
-0.006537703
-0.008434659
-0.01040565
-0.01212177
-0.01352057
-0.01456554
-0.01520397
-0.01547907
-0.01527877
-0.01456942
-0.01343014
-0.01198072
-0.01026079
-0.008229263
-0.006187242
-0.004216539
-0.002199844
-0.0002356469
0.001414056
0.002493797
0.003221518
0.003825684
0.004249793
0.004618281
0.005073307
0.005422288
0.00548743
0.005325964
0.005025866
0.004658814
0.004329547
0.004194356
0.004280298
0.004498061
0.004867309
0.005358416
0.005862095
0.006374906
0.006805709
0.007031673
0.007060957
0.006822806
0.006204253
0.005109022
0.003419113
0.001237598
-0.001169915
-0.003517647
-0.005449246
-0.00678413
-0.007576863
-0.007969785
-0.007992682
-0.007689846
-0.007211043
-0.006578386
-0.005778204
-0.004851863
-0.003844193
-0.002618684
-0.001147642
0.0003427323
0.00166496
0.002484816
0.002683317
0.002545336
0.002155885
0.001570322
0.000942811
0.0003560479
-3.474681e-05
-0.0002302801
-0.0003322242
-0.0003480534
-0.0004651549
-0.0009943963
-0.001966979
-0.003256071
-0.004590597
-0.005519403
-0.005888419
-0.005688466
-0.004930486
-0.003821716
-0.002588607
-0.001335165
-8.873892e-05
0.001007521
0.001896358
0.002747613
0.003534178
0.004060407
0.004312475
0.004395818
0.004344879
0.004208826
0.004047226
0.003709552
0.003228053
0.002739581
0.002205815
0.001637831
0.001030591
0.0005324891
0.0001678086
-0.0003032924
-0.0009101869
-0.001538358
-0.002066175
-0.002322642
-0.002103621
-0.001408664
-0.0005212223
0.0004313264
0.001533185
0.002690194
0.003704109
0.004510965
0.005169121
0.005788203
0.006440028
0.007212716
0.008067545
0.008938412
0.009643178
0.009945177
0.009979157
0.009798548
0.009396266
0.009012389
0.008698974
0.008387531
0.008153231
0.008033302
0.008042837
0.008088891
0.008058647
0.007967522
0.007787539
0.007406645
0.006807559
0.006025117
0.004965594
0.003740707
0.002591077
0.001573225
0.0006203209
-0.0002712875
-0.0009426445
-0.001220921
-0.0009570256
-0.0002224155
0.0006951125
0.001503846
0.002057917
0.002302016
0.002094557
0.00134904
8.5285e-05
-0.001583449
-0.003341412
-0.004816257
-0.005823643
-0.00645893
-0.006765445
-0.00659041
-0.005899529
-0.004731574
-0.003194606
-0.001431886
0.0005181579
0.002433148
0.003912545
0.00484344
0.005324381
0.005495568
0.005549085
0.005559142
0.005437385
0.005221808
0.005013268
0.004712088
0.004254369
0.00368055
0.002994979
0.002178715
0.001322349
0.0004793287
-0.0003540508
-0.001005724
-0.001356506
-0.001481267
-0.00143268
-0.001334469
-0.001330118
-0.001280807
-0.001178462
-0.001131962
-0.001186917
-0.001330766
-0.001374754
-0.001231208
-0.0009374726
-0.0006412918
-0.0003710517
5.6657e-05
0.0007476221
0.001675781
0.002711856
0.003706553
0.00470624
0.00572562
0.006519845
0.006981526
0.007108645
0.006969676
0.006600594
0.005969948
0.005194897
0.004423126
0.003881824
0.003550362
0.003272492
0.00302304
0.00290662
0.003136693
0.003659201
0.004389486
0.005351152
0.006394956
0.007335475
0.00798986
0.008166668
0.007926353
0.007358285
0.00649007
0.005393104
0.004041353
0.002527055
0.001065253
-0.0003132381
-0.001579399
-0.002552869
-0.003188377
-0.003559466
-0.00373564
-0.003827328
-0.003920211
-0.003889741
-0.003588647
-0.003063883
-0.002353886
-0.001552341
-0.0008233601
-0.0002720367
6.474313e-06
-3.207575e-05
-0.0003523251
-0.0009354811
-0.001785203
-0.002894817
-0.004117236
-0.005231928
-0.006121979
-0.006862574
-0.00747904
-0.007762516
-0.007657681
-0.007217896
-0.006503169
-0.005669902
-0.004908737
-0.004272555
-0.003770963
-0.003474475
-0.003317733
-0.00333436
-0.00357843
-0.003966612
-0.004510794
-0.005170587
-0.00583035
-0.006401187
-0.006842279
-0.007037196
-0.006867059
-0.006411348
-0.005665077
-0.00460404
-0.003182246
-0.001482664
0.000264243
0.002043047
0.003549043
0.004585779
0.005230954
0.005195913
0.004530922
0.00361486
0.002522899
0.001163209
-0.0004088649
-0.002052971
-0.00363789
-0.005036752
-0.006205692
-0.007043036
-0.007550274
-0.007772097
-0.007782952
-0.007689097
-0.007403615
-0.006983281
-0.006556704
-0.006074886
-0.005776661
-0.005757254
-0.005843889
-0.005986285
-0.006036107
-0.005947335
-0.005727778
-0.00524042
-0.004358742
-0.003142956
-0.001636448
-6.575822e-06
0.001482477
0.002727297
0.00347581
0.00358038
0.00322467
0.002571951
0.001668054
0.0005913679
-0.0004959676
-0.001441718
-0.002062443
-0.002303775
-0.002336076
-0.002190526
-0.001749995
-0.001014069
-7.167824e-05
0.0008995734
0.001649136
0.002027053
0.002037836
0.00166636
0.0009718518
0.0001117195
-0.0009189917
-0.002030548
-0.003099369
-0.003983612
-0.004527733
-0.004689675
-0.00449759
-0.004074218
-0.003342092
-0.002313695
-0.001148846
0.0001623356
0.001560417
0.002901742
0.004163098
0.005433901
0.006655246
0.007529955
0.007872666
0.007700195
0.007161381
0.006571242
0.005914196
0.005030602
0.0039791
0.002808492
0.001522034
0.0001283882
-0.001201628
-0.002439984
-0.003627
-0.004673406
-0.005558717
-0.006179861
-0.006484742
-0.006586548
-0.006523088
-0.006231898
-0.005634843
-0.004803897
-0.003816243
-0.002621773
-0.001413596
-0.000389501
0.0004702222
0.001134208
0.001689764
0.002164436
0.002465779
0.002731105
0.003107848
0.003622086
0.004239767
0.004941334
0.005688751
0.006347982
0.006816928
0.007101685
0.007233865
0.00724269
0.007161713
0.006905375
0.006399317
0.005650259
0.004835511
0.004145574
0.003517982
0.002959031
0.002531725
0.002246628
0.002049413
0.001740772
0.001257113
0.0006484561
-1.869654e-06
-0.000523842
-0.0009321961
-0.00132951
-0.001555349
-0.001508668
-0.001249633
-0.0006750221
0.0002447505
0.001517618
0.003078214
0.004635299
0.006133902
0.007533285
0.008585699
0.009258149
0.009520153
0.009465855
0.009329706
0.009056692
0.00866503
0.008309404
0.007897467
0.007218509
0.006370834
0.005443857
0.004589003
0.004019604
0.003558101
0.003196685
0.003017051
0.002963061
0.003110524
0.003361318
0.003515109
0.003583999
0.003479485
0.003205166
0.002930497
0.002584826
0.002188983
0.00182991
0.001506701
0.00118201
0.000737447
0.0001879578
-0.0002955166
-0.0006466516
-0.0008738952
-0.001036983
-0.001257613
-0.00147536
-0.001626582
-0.001654622
-0.001489629
-0.001326441
-0.001336771
-0.001425564
-0.001500387
-0.001537636
-0.001533098
-0.001589199
-0.001806138
-0.002127152
-0.00243107
-0.002546243
-0.002415982
-0.002171537
-0.001666624
-0.0009059214
-0.0001506267
0.0007009894
0.001657301
0.002505054
0.003148873
0.003574967
0.003842818
0.003983428
0.004099092
0.004243703
0.004321017
0.004363406
0.004269265
0.00387199
0.003274703
0.002586947
0.001861834
0.001059635
6.599854e-05
-0.0009989685
-0.002075782
-0.00322417
-0.004322824
-0.005227708
-0.005821645
-0.006047495
-0.005925821
-0.005471344
-0.004808984
-0.003981565
-0.002923072
-0.001830742
-0.0008361286
0.0001192924
0.001002877
0.00173298
0.002375796
0.003067017
0.003654514
0.004039603
0.004336045
0.004564653
0.004766506
0.00501084
0.005285902
0.005500287
0.00558804
0.005601144
0.005630105
0.005733466
0.005838434
0.005881873
0.005863824
0.005739448
0.00556734
0.005386852
0.005020055
0.004361135
0.003528999
0.002670562
0.001799973
0.0008546883
2.165778e-05
-0.0005180946
-0.0008388067
-0.0009648384
-0.0009565782
-0.0008124367
-0.0004465307
-4.937413e-05
0.0001181334
0.0001796709
0.0003963082
0.0008155709
0.00130767
0.001734092
0.002133844
0.002566008
0.002991906
0.003281227
0.003559266
0.00391706
0.004134096
0.004209046
0.004144638
0.003914198
0.003659517
0.003403246
0.003037451
0.002467627
0.001714629
0.0008408675
-0.0001677404
-0.001250428
-0.002261769
-0.003013184
-0.003552109
-0.00406122
-0.004409934
-0.004580886
-0.004752219
-0.004954478
-0.00506215
-0.00494277
-0.00472177
-0.004544473
-0.00451254
-0.004589155
-0.004711526
-0.0049956
-0.005375539
-0.005848107
-0.006419281
-0.007034233
-0.007624934
-0.008044689
-0.008307637
-0.00831127
-0.008031899
-0.007653584
-0.007203577
-0.006708113
-0.006143307
-0.005407694
-0.004557372
-0.003674867
-0.002830348
-0.002210968
-0.001878148
-0.001744729
-0.001849539
-0.002226725
-0.002867567
-0.003714659
-0.004558791
-0.005266997
-0.005825146
-0.006181388
-0.006233569
-0.006012681
-0.005572748
-0.004917601
-0.004146569
-0.003444332
-0.002898631
-0.002499906
-0.002433752
-0.002747895
-0.003171643
-0.003475202
-0.00368829
-0.003914906
-0.004098115
-0.004194494
-0.00407199
-0.003689583
-0.003303759
-0.003072464
-0.002980028
-0.002881026
-0.002613772
-0.002315054
-0.002265721
-0.002485526
-0.002817437
-0.003121849
-0.003476557
-0.003937538
-0.004356612
-0.004717543
-0.004885826
-0.004782848
-0.00456242
-0.004253615
-0.003902001
-0.003598013
-0.00344824
-0.003448118
-0.003477224
-0.003456412
-0.003373148
-0.003268879
-0.003116823
-0.002962438
-0.002818378
-0.002677525
-0.002552863
-0.002395024
-0.002265547
-0.002235316
-0.002247445
-0.002166104
-0.001983766
-0.00181864
-0.001768787
-0.001919526
-0.002177596
-0.002281253
-0.002228168
-0.00216118
-0.002157911
-0.00239483
-0.00283845
-0.003255744
-0.00348077
-0.003446683
-0.003364141
-0.003388599
-0.003452698
-0.003548823
-0.003618919
-0.003658139
-0.003833318
-0.004190763
-0.004511696
-0.004630478
-0.004569717
-0.004267665
-0.003734585
-0.003000565
-0.002067661
-0.0009943215
0.0002434462
0.00153922
0.002770975
0.003988554
0.005153156
0.00612439
0.006861832
0.007329617
0.007471102
0.007425493
0.007303523
0.007012909
0.006604918
0.006109827
0.005561064
0.005138438
0.00477332
0.004337388
0.003875612
0.003379321
0.002889392
0.002463791
0.002126818
0.001988259
0.002029409
0.002162436
0.002334311
0.002438813
0.002474663
0.002439299
0.002241697
0.00189107
0.001393011
0.0008059252
0.0001721734
-0.0004733652
-0.001064654
-0.001495707
-0.001629809
-0.001528936
-0.001229783
-0.0008902235
-0.0006399605
-0.0003465907
1.872481e-05
0.0004938866
0.001016112
0.001485779
0.002033971
0.002748477
0.003661126
0.004649498
0.005495383
0.00609811
0.006281203
0.006065999
0.005659237
0.005041507
0.004222962
0.00337624
0.002564343
0.001839939
0.001362184
0.001088109
0.0009855087
0.001198313
0.001658253
0.002159425
0.002600083
0.002898302
0.00287391
0.002482758
0.001890562
0.001368505
0.0009593925
0.0005103689
0.0001084577
-0.0001328665
-0.0001055133
0.0002537994
0.0008584987
0.001684735
0.002652775
0.003637704
0.004611507
0.005460461
0.006075024
0.006431794
0.00642969
0.006010128
0.005186567
0.00403348
0.002697305
0.001252139
-0.0002616213
-0.001797053
-0.003166931
-0.004192261
-0.004866305
-0.005241767
-0.005438553
-0.005445438
-0.005116984
-0.004440504
-0.003460543
-0.002325884
-0.001182967
-4.945513e-05
0.0008681726
0.00131089
0.001171282
0.0005823771
-0.0001545604
-0.0008304058
-0.001274469
-0.001469286
-0.001563249
-0.001546201
-0.001401386
-0.001067882
-0.0004916519
0.0001565323
0.0007259818
0.001151207
0.001397328
0.001388854
0.001103124
0.0006338046
8.608083e-05
-0.0004223057
-0.0008441578
-0.001217159
-0.001537175
-0.001695443
-0.001775274
-0.001975345
-0.002194292
-0.002299962
-0.002167779
-0.001652222
-0.0007741593
0.0003674282
0.001715396
0.003151434
0.004548167
0.005895707
0.007082977
0.00798636
0.008563828
0.008794211
0.008689382
0.00828443
0.007682998
0.006985365
0.00618037
0.005246735
0.004268123
0.003278215
0.002308735
0.001439648
0.0006158969
-0.0002888771
-0.001272789
-0.002099003
-0.00267746
-0.003062234
-0.003230166
-0.003189005
-0.00284731
-0.002268637
-0.001637302
-0.001048477
-0.0006809758
-0.0006069014
-0.0007874471
-0.001218928
-0.001849644
-0.002662957
-0.0035823
-0.004447678
-0.00514506
-0.005534094
-0.005644827
-0.005690287
-0.005746241
-0.005839927
-0.005971418
-0.006044878
-0.006060265
-0.005989906
-0.005731062
-0.005232604
-0.004517623
-0.003701435
-0.002840003
-0.002009166
-0.001380508
-0.000978043
-0.0007089821
-0.0006182283
-0.0007179117
-0.0009261596
-0.001164007
-0.001381891
-0.001636857
-0.001922763
-0.002240634
-0.002592021
-0.002927963
-0.003196242
-0.003334279
-0.003403447
-0.003460292
-0.003469073
-0.003364364
-0.003063347
-0.002492141
-0.001580368
-0.0004604766
0.0006723968
0.00180537
0.002857115
0.003704916
0.00434454
0.004818686
0.005149819
0.005314549
0.005317817
0.005184458
0.004926519
0.004690267
0.004614399
0.004648708
0.004673808
0.004652117
0.004568781
0.004337122
0.003979984
0.003524195
0.002941162
0.002318197
0.001715111
0.001064361
0.0003371281
-0.000386135
-0.001049501
-0.001573617
-0.00181733
-0.001802853
-0.001590453
-0.001135654
-0.0004660648
0.0004147576
0.001414507
0.002364843
0.003246507
0.003957515
0.004332429
0.004365303
0.004149956
0.003700338
0.003015954
0.002246595
0.001553174
0.0009134704
0.0002423283
-0.0003359125
-0.0006335295
-0.0006087255
-0.0003173325
9.774418e-05
0.0005262668
0.0009658274
0.00132102
0.001449067
0.001234742
0.0006340318
-0.0001493286
-0.0009351995
-0.001628604
-0.002194772
-0.00264581
-0.002929029
-0.003090884
-0.003167739
-0.003140409
-0.002965914
-0.002569954
-0.002058616
-0.001546881
-0.001039566
-0.0006801312
-0.0004663468
-0.0002014841
0.0001565723
0.0005693864
0.001010396
0.00148373
0.002004685
0.002620293
0.003407511
0.004388401
0.005555094
0.006792437
0.007903909
0.008836093
0.00948762
0.009630073
0.009254318
0.008458873
0.00726485
0.005845592
0.004453079
0.003277028
0.002431286
0.001812806
0.001403224
0.001370568
0.001675705
0.002135116
0.002677537
0.003307437
0.003908626
0.004252541
0.004232456
0.003918534
0.003453322
0.002849878
0.002058873
0.001128536
9.823971e-05
-0.0009801521
-0.002066346
-0.003064986
-0.003817
-0.004368236
-0.004871872
-0.005343442
-0.005631303
-0.00552996
-0.005095281
-0.004652748
-0.004361198
-0.004189994
-0.004124935
-0.004190512
-0.004385735
-0.004564861
-0.00467513
-0.004799702
-0.004916034
-0.004990941
-0.005028351
-0.004996568
-0.004911686
-0.004878357
-0.004851737
-0.004626446
-0.004136983
-0.003447417
-0.002581777
-0.001630317
-0.000767495
-5.982826e-05
0.0004595451
0.0007460959
0.0007394534
0.000431222
2.594178e-05
-0.0002838282
-0.0004928482
-0.0005967533
-0.000592078
-0.0005901921
-0.0006403083
-0.0006334805
-0.0004533527
-9.13047e-05
0.000367449
0.0008371156
0.001281973
0.001683212
0.002076423
0.002452555
0.002684372
0.002756816
0.002741618
0.002685095
0.002661929
0.002572429
0.00222234
0.001676884
0.001033333
0.0002443511
-0.0006932176
-0.001675566
-0.002610127
-0.003451517
-0.004180644
-0.004863496
-0.005461635
-0.005843419
-0.005983165
-0.005890725
-0.005583049
-0.005077502
-0.004453462
-0.003923947
-0.003554533
-0.003205607
-0.002810351
-0.002443418
-0.002144466
-0.001788367
-0.001215308
-0.000442081
0.0003620484
0.001087714
0.001640707
0.001975438
0.002118728
0.002099641
0.002015017
0.001972569
0.001961245
0.001882409
0.001673026
0.001323732
0.0009414877
0.0005614574
0.0001000438
-0.0004343842
-0.0009348863
-0.001387388
-0.00189574
-0.002368042
-0.002736341
-0.002969014
-0.002895665
-0.002520527
-0.002005342
-0.001462055
-0.0008416869
-0.0001737596
0.0004304396
0.0009816258
0.001497267
0.00200972
0.002483944
0.00285601
0.003112835
0.003325898
0.003559854
0.00366554
0.003554655
0.003367367
0.003243571
0.003180463
0.003142133
0.003080788
0.002851254
0.002416657
0.001834196
0.001137445
0.0004257175
-0.0001746356
-0.0005734112
-0.0007374974
-0.0006385962
-0.0002763858
0.0002523349
0.000829649
0.001285257
0.001390793
0.001137801
0.0006615849
-0.0001136023
-0.001186013
-0.00234123
-0.003411805
-0.004316015
-0.005087135
-0.005652581
-0.005935398
-0.005944426
-0.005577661
-0.004914968
-0.004195307
-0.003549522
-0.003050151
-0.002699536
-0.002502255
-0.002452027
-0.002417275
-0.002360803
-0.002362794
-0.00240973
-0.002614049
-0.00303543
-0.003402769
-0.003603814
-0.003753347
-0.003971572
-0.004247117
-0.004461089
-0.004535535
-0.004431586
-0.004173578
-0.003874137
-0.003620267
-0.003290565
-0.002786227
-0.002163094
-0.001471691
-0.0008083309
-0.0002495018
0.0001495481
0.0002557786
0.0001536359
-5.201638e-05
-0.0004079106
-0.0008410733
-0.001249542
-0.001583362
-0.001779715
-0.001844896
-0.001788306
-0.001490076
-0.001076022
-0.0007918066
-0.0005589946
-0.0002428283
0.0001033667
0.0003675497
0.0004538929
0.0004215579
0.0003611856
0.0001849373
-0.000132378
-0.0005201064
-0.0009130773
-0.0012868
-0.001635675
-0.001965965
-0.002370198
-0.002930279
-0.003582241
-0.004182809
-0.004717389
-0.005211396
-0.005587946
-0.005745405
-0.005543025
-0.004806468
-0.003523797
-0.001857241
4.917987e-05
0.002037887
0.003935909
0.005691668
0.007322924
0.008762814
0.009785355
0.0101677
0.01001786
0.009570095
0.008844563
0.007879787
0.006764797
0.005476351
0.004120294
0.002889477
0.001883854
0.001139236
0.0006379669
0.0004388047
0.0006078498
0.001128901
0.001869142
0.002675677
0.003422601
0.003886421
0.003925983
0.003532805
0.002818
0.002132985
0.001771621
0.001738668
0.001934212
0.002247358
0.00245631
0.002216085
0.001362312
-0.0001002009
-0.002069427
-0.004330322
-0.006615106
-0.008538799
-0.009835591
-0.01032925
-0.01001757
-0.009169288
-0.008053322
-0.007000894
-0.006279924
-0.005894802
-0.00567973
-0.005469841
-0.005188441
-0.004842562
-0.004502529
-0.004279527
-0.004331668
-0.004708899
-0.005315926
-0.006004594
-0.00655211
-0.006665129
-0.006150919
-0.005048605
-0.003499038
-0.001778597
-0.0001891785
0.001107609
0.00208113
0.002877607
0.003622088
0.004337104
0.005018982
0.005609862
0.005981086
0.006045257
0.005838652
0.005273059
0.004323893
0.003268704
0.00237046
0.001844133
0.001705756
0.001773395
0.001924694
0.00204497
0.00189381
0.001299324
0.000255949
-0.001181137
-0.002743829
-0.004123357
-0.005169985
-0.005826128
-0.006031378
-0.005827059
-0.005260524
-0.004357407
-0.003381481
-0.002504657
-0.00181267
-0.001435368
-0.001302445
-0.001205213
-0.000928975
-0.0004344406
0.0002083519
0.0009444138
0.001738386
0.002600705
0.003500801
0.004285408
0.004868323
0.005188006
0.005213634
0.005085009
0.004787926
0.004389194
0.003965465
0.003439954
0.002906391
0.002346341
0.001796868
0.001410582
0.001104749
0.0008559252
0.0007845865
0.0009831292
0.001370307
0.001806912
0.002333029
0.002984225
0.003621438
0.004061657
0.004129768
0.003780373
0.00322798
0.002538125
0.001742376
0.001046664
0.0004550027
-1.650334e-05
-0.0001615131
0.0001367175
0.0007661398
0.00147052
0.002069521
0.002484698
0.002739166
0.002925907
0.003112848
0.003253693
0.003163669
0.002690564
0.001852976
0.000766196
-0.0004702708
-0.001656262
-0.002647161
-0.003382145
-0.003708172
-0.003652417
-0.003349057
-0.002891336
-0.002434968
-0.001954334
-0.001437733
-0.0009901272
-0.0005327643
-0.0001311878
2.057902e-05
-0.0001506081
-0.0006122665
-0.001199342
-0.001817364
-0.00250732
-0.00325517
-0.003996386
-0.004678928
-0.005141855
-0.0052372
-0.005049106
-0.004769517
-0.004562098
-0.004403836
-0.004122719
-0.003770571
-0.003539375
-0.003475456
-0.003511509
-0.003555496
-0.003549004
-0.003517585
-0.003431222
-0.003170895
-0.002759324
-0.002340792
-0.001965102
-0.001629079
-0.001397442
-0.001258175
-0.001109537
-0.0008991086
-0.0007015085
-0.0006408796
-0.0007509725
-0.0009728105
-0.001142445
-0.001122561
-0.0008606986
-0.0004244275
-9.466937e-05
-3.194726e-05
-0.0001490751
-0.0003373719
-0.0004528541
-0.000436872
-0.0003791614
-0.0002936385
-0.0001632105
6.004521e-05
0.0004599062
0.0009767813
0.001557901
0.002264639
0.003085556
0.003905026
0.004602154
0.004946012
0.004771511
0.004228993
0.003462566
0.002523742
0.001539334
0.0005800011
-0.0002966837
-0.0009568435
-0.001304691
-0.001326175
-0.001151373
-0.0009208556
-0.0006453002
-0.0002724241
0.0001997058
0.0006946924
0.001176181
0.001518452
0.001712469
0.001953691
0.002239744
0.002480337
0.002663939
0.002836868
0.003052417
0.0033618
0.00378709
0.004222322
0.004610003
0.004966066
0.005242139
0.005414719
0.005389571
0.005101077
0.004696464
0.004276566
0.003843281
0.003394871
0.002899047
0.002410675
0.001988187
0.001660269
0.001529788
0.001514754
0.001499811
0.001488767
0.001476405
0.001448699
0.001427257
0.001464075
0.001507458
0.001544841
0.001678386
0.001957063
0.002251333
0.002349688
0.002176864
0.001858879
0.001591811
0.001430184
0.001370728
0.001430263
0.001556927
0.001606608
0.00145043
0.001129436
0.0006028503
-0.0002290422
-0.001309251
-0.002494169
-0.003547997
-0.004308905
-0.004735116
-0.00482821
-0.004677268
-0.004400226
-0.00405356
-0.003615113
-0.003101803
-0.002637738
-0.002370811
-0.002263255
-0.002020597
-0.001559144
-0.0011292
-0.0007640105
-0.0003644444
4.781985e-05
0.0004768837
0.0008411357
0.001069555
0.001100285
0.0009038496
0.00063898
0.0004130999
0.0002091285
-4.708599e-05
-0.0003937796
-0.0007493715
-0.0009965162
-0.001108209
-0.001101205
-0.001052863
-0.001048588
-0.001040541
-0.0009448678
-0.0006052401
8.137976e-05
0.0009746007
0.00188061
0.0027199
0.003436639
0.003991973
0.004489707
0.004951964
0.005212277
0.005191741
0.0048556
0.004168071
0.003293623
0.00238173
0.001441486
0.0004717056
-0.0005493232
-0.001518934
-0.002231969
-0.002573307
-0.002498138
-0.002016814
-0.001179603
-6.928509e-05
0.001134563
0.002214395
0.002954551
0.003232258
0.003184334
0.002931605
0.002321679
0.001275353
-3.891199e-05
-0.001295981
-0.002306922
-0.003122339
-0.003733351
-0.004192167
-0.004613876
-0.004961197
-0.005195858
-0.005287512
-0.005213083
-0.005070917
-0.004859618
-0.004497681
-0.004015629
-0.003453993
-0.002798176
-0.002109742
-0.001457306
-0.0007626434
4.424589e-06
0.0007687457
0.001475889
0.002038003
0.002413466
0.002693302
0.003044212
0.003503879
0.003872335
0.004032749
0.004041917
0.004027402
0.004002164
0.003863581
0.003552349
0.003041461
0.002467678
0.001994925
0.001721317
0.001668088
0.001735635
0.001838999
0.001928162
0.002009644
0.002055516
0.001987123
0.001785848
0.001476444
0.001113309
0.0006416911
-2.05042e-05
-0.0007142099
-0.001305431
-0.001839374
-0.002333221
-0.002764628
-0.003100314
-0.003327125
-0.003457485
-0.003502236
-0.003514061
-0.003470076
-0.003224289
-0.002796593
-0.002405901
-0.002094563
-0.001726091
-0.001351024
-0.001137398
-0.001080824
-0.001094094
-0.001182774
-0.001341823
-0.001544164
-0.001792474
-0.00203965
-0.002222628
-0.00227878
-0.002238505
-0.002170997
-0.00197031
-0.001620146
-0.001298237
-0.00111189
-0.001062474
-0.001066074
-0.001070926
-0.001042371
-0.0008623066
-0.0004797661
-4.693026e-05
0.0002556948
0.000341804
0.0001380235
-0.0002366606
-0.0006095958
-0.0008999888
-0.001017352
-0.0009609756
-0.0006516891
-5.374233e-06
0.0008013351
0.001552226
0.002150857
0.00267252
0.00324946
0.003841143
0.00441031
0.005048831
0.005733881
0.006330279
0.006859385
0.007363381
0.007767118
0.008043597
0.008158468
0.008015836
0.007628253
0.007136446
0.006652555
0.006181639
0.005733908
0.005359747
0.005069656
0.004944949
0.004999364
0.005020497
0.004875809
0.004503916
0.003968991
0.003487171
0.003087604
0.002684723
0.002265241
0.001882056
0.001583759
0.001328935
0.001017533
0.0006242004
0.0001994613
-0.0002151007
-0.0006004062
-0.000873989
-0.0009625512
-0.0009614593
-0.001007826
-0.001154428
-0.001382797
-0.001693176
-0.002125139
-0.002654336
-0.003150538
-0.003491677
-0.003648033
-0.003616535
-0.003458573
-0.003193823
-0.002821653
-0.002495771
-0.00235185
-0.002308667
-0.002208271
-0.002003418
-0.00174838
-0.001547911
-0.001446635
-0.001417288
-0.001383862
-0.001262605
-0.001094017
-0.0009582662
-0.0008882719
-0.0008180839
-0.0006294314
-0.0003878661
-0.0002307717
-0.0001893974
-0.0002225899
-0.0002612368
-0.0002631515
-0.0002454841
-0.0002197685
-0.0001914229
-0.0001441646
-1.493918e-05
0.0001638957
0.0003233422
0.0005128907
0.000806281
0.001164411
0.001481065
0.00163594
0.001628752
0.001587068
0.001561302
0.001568721
0.001595096
0.001538798
0.001335067
0.001062468
0.0008098427
0.0005979971
0.0004992253
0.0006556298
0.001096081
0.00161501
0.002100457
0.002634809
0.003273205
0.003969881
0.004612414
0.005094513
0.005314224
0.005260094
0.00500607
0.004595724
0.004100297
0.003627111
0.003164199
0.002616064
0.001967208
0.001286853
0.0004963877
-0.0005121767
-0.001574501
-0.002522909
-0.003335667
-0.003992375
-0.004400855
-0.00455367
-0.004581065
-0.004615485
-0.004709301
-0.004771323
-0.004761604
-0.004682576
-0.004460783
-0.004079598
-0.003675556
-0.003455012
-0.003526482
-0.003834366
-0.004224633
-0.00456794
-0.004790891
-0.004850429
-0.00478807
-0.004609237
-0.004237099
-0.003721858
-0.003143902
-0.0025579
-0.002011066
-0.001519151
-0.001130127
-0.0008060704
-0.0004365175
-8.38632e-05
9.020737e-05
3.874652e-05
-0.0001696319
-0.0004387316
-0.0007921673
-0.001210172
-0.001592943
-0.002002367
-0.002461394
-0.002906121
-0.003260412
-0.003358809
-0.003118355
-0.002655016
-0.002172172
-0.001728173
-0.001324794
-0.001066864
-0.0009674899
-0.0008139881
-0.0004004427
0.0002320951
0.0009769834
0.001775056
0.00257972
0.003368301
0.004052901
0.004513485
0.004641695
0.004396269
0.003853763
0.003038383
0.001930952
0.0006291371
-0.0006648411
-0.001773134
-0.002637845
-0.003301019
-0.003794358
-0.004182774
-0.004509336
-0.00468591
-0.004632343
-0.004243689
-0.003466202
-0.002449294
-0.001382673
-0.0003242694
0.0006481306
0.00133554
0.001614099
0.001498677
0.001077405
0.0003840556
-0.0005827705
-0.001759583
-0.002959836
-0.003901155
-0.004438017
-0.004674261
-0.004770969
-0.004681716
-0.004285572
-0.003616606
-0.002793339
-0.001915747
-0.001063895
-0.0002522693
0.0005421564
0.001182926
0.001525471
0.001627236
0.001632159
0.001647725
0.001697146
0.001775271
0.001830848
0.001754256
0.001507084
0.001196951
0.0009887154
0.001008771
0.001233478
0.001499777
0.001688197
0.001776378
0.00186281
0.00203513
0.002255601
0.002515029
0.002837399
0.00317182
0.003471515
0.003716026
0.003843151
0.003761985
0.003495481
0.003196017
0.00290547
0.002518316
0.001975117
0.001335393
0.0006295225
-0.000151874
-0.0009711812
-0.001789845
-0.002548394
-0.003154703
-0.003621737
-0.00404727
-0.004415667
-0.004659348
-0.004778812
-0.004791357
-0.004733764
-0.004604168
-0.00431576
-0.003834521
-0.003267589
-0.002790154
-0.002469722
-0.002286336
-0.002159953
-0.001915377
-0.00145498
-0.0008597057
-0.000254593
0.0003440083
0.0009356764
0.001444998
0.001804363
0.001995315
0.00203584
0.00198167
0.001887505
0.001770788
0.00168297
0.001652325
0.001653333
0.001685978
0.001736572
0.001841474
0.002028689
0.002313005
0.002694759
0.003013505
0.003161781
0.00322575
0.003244204
0.003109539
0.002795226
0.002408508
0.001993125
0.00154687
0.001083505
0.0006151762
0.0001882073
-0.0001717555
-0.0004321682
-0.00056377
-0.0005977053
-0.000552403
-0.0003499246
6.203578e-05
0.0005749003
0.001098626
0.001590801
0.002060075
0.002532209
0.002884681
0.003012546
0.00290264
0.002531802
0.001921894
0.001128303
0.0001694002
-0.0008943593
-0.001898628
-0.002664184
-0.003083723
-0.00320802
-0.00319612
-0.003204032
-0.003227972
-0.003060387
-0.002635411
-0.002073205
-0.001480184
-0.000957532
-0.0005511855
-0.0002856173
-0.0002166401
-0.0003982445
-0.0008367673
-0.001397645
-0.001920318
-0.002353718
-0.002722482
-0.003018415
-0.00316502
-0.003068308
-0.002717755
-0.002297651
-0.002036936
-0.001925585
-0.001762083
-0.001464194
-0.001096624
-0.0007558692
-0.0004605097
1.192392e-05
0.0007799712
0.001576209
0.002195651
0.00264102
0.002878035
0.002875216
0.002690657
0.002379245
0.001966255
0.001559402
0.001258527
0.001039397
0.0008977349
0.0009194762
0.001146112
0.001483998
0.001847002
0.002285671
0.002755599
0.003036518
0.003067261
0.002988112
0.002888268
0.002726029
0.002433457
0.002041529
0.001630416
0.001188298
0.0006462381
1.782635e-05
-0.0005736152
-0.001044011
-0.001369455
-0.001438701
-0.001168898
-0.0006753592
-0.0001320997
0.0004549149
0.001099617
0.001673284
0.002125841
0.002483174
0.002698153
0.002742475
0.002652974
0.002412564
0.002000971
0.001542461
0.001144993
0.000763328
0.0002998233
-0.0002147729
-0.0005681237
-0.00066673
-0.0006413319
-0.0006057983
-0.0006171462
-0.0006696446
-0.0006886868
-0.0005998887
-0.0003598945
-4.31596e-05
0.0002276034
0.0003756336
0.0003412244
0.0001440989
-0.0001333771
-0.0003761797
-0.0004064419
-0.0001775339
0.0001326891
0.0002937642
0.000231832
7.639202e-05
-6.401554e-05
-0.000207252
-0.0004048501
-0.0006801003
-0.0010007
-0.001299212
-0.001554663
-0.001735547
-0.001761705
-0.001520576
-0.001048029
-0.0005639056
-0.0001226069
0.0003191013
0.0007999904
0.001293229
0.001659166
0.001853681
0.001927031
0.001935503
0.001896886
0.001803685
0.001659396
0.001469771
0.001194637
0.0007984666
0.0003511612
-4.556845e-05
-0.00033202
-0.0004545366
-0.0003882503
-0.0001542098
0.0002085959
0.000609171
0.0009782594
0.001277035
0.001416574
0.001377786
0.001222348
0.0009227915
0.0004413753
-0.000153324
-0.000718985
-0.001134899
-0.001429189
-0.001666637
-0.001877803
-0.002118395
-0.002416316
-0.002772629
-0.003163698
-0.003504442
-0.003705571
-0.003770035
-0.003765532
-0.003704201
-0.003558136
-0.003371789
-0.00316428
-0.002826564
-0.00238831
-0.002076159
-0.001984613
-0.002019072
-0.002060062
-0.002046189
-0.001986349
-0.001923151
-0.00189166
-0.001878702
-0.001810579
-0.001581211
-0.001173378
-0.0007725315
-0.0005650387
-0.0005205602
-0.0005009213
-0.0004520947
-0.0003952033
-0.0003628557
-0.0004018989
-0.0004887944
-0.0005311949
-0.0004654879
-0.0002791814
3.062316e-05
0.0004052828
0.0006783955
0.0007623259
0.0007178523
0.0006337554
0.0005257842
0.0003314489
1.685187e-05
-0.0003146585
-0.000526284
-0.0006985233
-0.001009098
-0.001415658
-0.00173348
-0.001886197
-0.001925457
-0.001927933
-0.001898363
-0.001822731
-0.001643919
-0.001270249
-0.0008180958
-0.0004936168
-0.0003092012
-0.0001643849
-1.339994e-05
0.0001157219
0.0001489259
8.710981e-05
-5.453395e-06
-0.0001154595
-0.0002440872
-0.0003552746
-0.0003928128
-0.0003679631
-0.0002986484
-0.0001862383
-0.0001389213
-0.0002363168
-0.0004085077
-0.000569093
-0.0006937177
-0.0007566329
-0.0006876893
-0.0004749334
-0.000133737
0.0003895808
0.001081348
0.00180105
0.002427778
0.002956857
0.003407727
0.003751815
0.003900051
0.0037278
0.003199405
0.002377944
0.001353244
0.0002289539
-0.0009058957
-0.001954549
-0.00280818
-0.003429408
-0.003820747
-0.003970919
-0.003831237
-0.00336808
-0.002682869
-0.00189857
-0.00104272
-0.0001288642
0.0008199031
0.001709964
0.002422089
0.002912338
0.003140236
0.003116518
0.002898005
0.002515217
0.002006009
0.001419249
0.0007698567
0.000137362
-0.0002809647
-0.0004187661
-0.000398885
-0.0003374132
-0.0001951381
0.0001233093
0.000513453
0.0008176675
0.001035772
0.001169776
0.001117386
0.0008085095
0.0003166334
-0.0002125885
-0.0006979491
-0.001143055
-0.001478023
-0.001636445
-0.001650397
-0.001566166
-0.001426282
-0.001215128
-0.0009097227
-0.0005123605
-1.165666e-05
0.0005796176
0.00122752
0.001842945
0.002358409
0.002811966
0.003187152
0.00351055
0.003900052
0.004331651
0.004689622
0.004951131
0.005103501
0.005097536
0.004992438
0.004848354
0.004707823
0.004660735
0.004703967
0.00479497
0.004894767
0.004881542
0.004653029
0.004256121
0.003740817
0.003120794
0.002461921
0.001799286
0.00119441
0.0006866424
0.0002330091
-0.0001160186
-0.0002910237
-0.0003633178
-0.0004824972
-0.0006749181
-0.0008506126
-0.0009598221
-0.001000101
-0.0009957343
-0.0009003987
-0.0006634721
-0.0003326874
5.820764e-05
0.0005129048
0.0009792283
0.001342393
0.001467395
0.001244377
0.0007600647
0.0002243251
-0.0002762653
-0.0007505326
-0.001223255
-0.001725642
-0.002240425
-0.002637616
-0.002826529
-0.002869492
-0.002813071
-0.00264535
-0.002442342
-0.002389396
-0.002638728
-0.003109852
-0.003583211
-0.003947886
-0.004136012
-0.004036654
-0.003591682
-0.002888927
-0.002038034
-0.001103293
-0.0001340971
0.0007973778
0.0015282
0.001902058
0.001884304
0.001587926
0.001197807
0.0007689797
0.0003105444
-3.231354e-05
-0.000137633
-1.841818e-05
0.0002347155
0.0005181192
0.0006454775
0.0004765424
0.0001308618
-0.0001726968
-0.0002861934
-0.0001897756
7.485595e-05
0.0004616217
0.0008183498
0.00098759
0.0009870671
0.0009265448
0.0009429802
0.001196848
0.001673022
0.00212124
0.002377885
0.002600554
0.002957299
0.003332402
0.003559922
0.003674347
0.003758844
0.003773621
0.003616167
0.003258067
0.002822349
0.00245028
0.002169793
0.001928091
0.001720196
0.001559283
0.001449388
0.001438187
0.001492373
0.001532695
0.001536782
0.001534717
0.00159122
0.001678706
0.001720802
0.001722981
0.001715765
0.001644685
0.001436828
0.001167327
0.0009072779
0.0006584774
0.0005757208
0.0007766095
0.001177464
0.001674863
0.002175001
0.002637917
0.003065091
0.003409693
0.003627635
0.003664046
0.003441671
0.002946494
0.002268257
0.001538038
0.0007465574
-0.00016586
-0.001173891
-0.002222399
-0.003151038
-0.003764998
-0.004031288
-0.004097044
-0.004097565
-0.00408222
-0.004039427
-0.00378823
-0.003189415
-0.002338018
-0.001429902
-0.000678298
-0.0001027585
0.0003755507
0.0007239145
0.0009086855
0.0008968523
0.0007214286
0.0004646382
0.000188457
-3.440141e-05
-0.0001140679
1.451016e-05
0.0002699497
0.0006005877
0.001101974
0.001763121
0.00243473
0.003010964
0.003397561
0.003492277
0.003256782
0.002759396
0.002128555
0.001412747
0.0006787424
7.667054e-05
-0.0003327646
-0.0006351282
-0.0009208909
-0.001169358
-0.001266375
-0.001200791
-0.001137205
-0.001215149
-0.001397556
-0.001547209
-0.001590772
-0.001563392
-0.001570329
-0.001637093
-0.001679501
-0.001655316
-0.001535029
-0.001278166
-0.000967897
-0.0007347808
-0.0006630242
-0.000748388
-0.0008836963
-0.0009270503
-0.0007521834
-0.0004174154
-4.349783e-05
0.000382627
0.0008021115
0.00110695
0.001336367
0.001572766
0.001721318
0.001641817
0.00140778
0.001174795
0.001061727
0.001032982
0.0008849038
0.0005516847
0.0001831165
-6.132396e-05
-9.378765e-05
9.032136e-05
0.0003542627
0.0005838555
0.0007684323
0.0009090476
0.0009600132
0.0008735896
0.0006628588
0.0003565825
5.326355e-05
-0.0002097832
-0.0005499297
-0.0009606639
-0.001265114
-0.001313809
-0.001069297
-0.0006792362
-0.000350361
-0.0001891919
-0.0002085227
-0.0001756803
0.0001013049
0.0005777381
0.001005054
0.001235091
0.001395228
0.001665566
0.002002194
0.002276099
0.002407649
0.002419782
0.002393764
0.002378342
0.00240478
0.002448147
0.002475951
0.002469722
0.002419622
0.002289305
0.002062076
0.001809858
0.001495395
0.001018946
0.000379592
-0.0003472398
-0.0009860568
-0.001364407
-0.001528127
-0.001624798
-0.001681177
-0.001672577
-0.001612248
-0.001570577
-0.00155899
-0.001489714
-0.001337772
-0.001137085
-0.001003894
-0.001097983
-0.001405111
-0.001813924
-0.00226405
-0.002690486
-0.003057751
-0.003435937
-0.003816939
-0.00406902
-0.004213433
-0.004347114
-0.004480994
-0.004559513
-0.004490912
-0.004298729
-0.004144828
-0.004140471
-0.004241966
-0.004371274
-0.004486593
-0.004562067
-0.004576803
-0.004553069
-0.004474753
-0.004268186
-0.004042343
-0.003932176
-0.003897392
-0.00382694
-0.003612574
-0.003270287
-0.00291755
-0.002610672
-0.002279606
-0.001853239
-0.00138152
-0.0009077758
-0.0004529846
-7.255581e-05
0.000253428
0.000543243
0.0007712044
0.0009644381
0.001197493
0.001542461
0.002004432
0.002530613
0.003058149
0.003520312
0.00385219
0.004021094
0.003972675
0.003662151
0.003195077
0.002692284
0.002149895
0.001542812
0.0008707938
0.0002165774
-0.0002745135
-0.0006035218
-0.0008868659
-0.00115395
-0.001365521
-0.001508954
-0.001621164
-0.00181792
-0.002149885
-0.002461964
-0.002606857
-0.002579846
-0.002427347
-0.002154036
-0.001753825
-0.001306412
-0.0008721374
-0.0005158419
-0.0003153757
-0.0002384033
-0.0002266666
-0.0002188845
-0.0001740976
-0.0001179587
-8.078549e-05
-6.868542e-05
-7.036236e-05
-7.705654e-05
-0.0001090415
-0.0002375887
-0.0004836446
-0.0008359089
-0.00130594
-0.001808796
-0.002198975
-0.002384794
-0.002404112
-0.002462228
-0.002727903
-0.003134545
-0.003543798
-0.003864741
-0.004126776
-0.004361804
-0.004485957
-0.004455424
-0.004226809
-0.003772692
-0.003183091
-0.002550116
-0.001881541
-0.001173576
-0.0004570169
0.000208871
0.0007477538
0.001046302
0.001147068
0.001221163
0.001356323
0.001564728
0.001759888
0.001853814
0.001873669
0.001942985
0.002125067
0.002395465
0.002728898
0.003027704
0.00318746
0.00321433
0.003115603
0.002922992
0.00269618
0.002389551
0.001928931
0.001300268
0.0006028593
2.14267e-05
-0.0003849495
-0.0006828012
-0.0008453291
-0.0007858336
-0.0005173059
-0.0001832662
0.0001050222
0.0003873813
0.0006632367
0.0007996452
0.000730247
0.0005695348
0.0004121868
0.0002589557
9.41536e-05
-8.603988e-05
-0.0001866555
-0.0001465711
-4.343313e-05
5.851298e-05
0.0002196676
0.0005171855
0.0008535597
0.001052037
0.001061213
0.0009090494
0.0006783951
0.0004590171
0.0002063678
-0.0001222795
-0.000471908
-0.0008591245
-0.001341834
-0.001794628
-0.002039266
-0.002071637
-0.001954335
-0.001705195
-0.001378844
-0.001084466
-0.0008168423
-0.0005012105
-0.000199106
3.222298e-05
0.0003144751
0.0006849598
0.001038365
0.001382076
0.001712315
0.001925557
0.001982108
0.001941365
0.00190157
0.001906334
0.001918573
0.001871818
0.001735194
0.00156032
0.00136471
0.00113618
0.0008836681
0.0005679314
0.0002391013
5.596201e-06
-0.0001495105
-0.0002918703
-0.0004379021
-0.0006017352
-0.000751926
-0.0008450162
-0.0009153543
-0.000967747
-0.0009893507
-0.0009943365
-0.0009942018
-0.0009947513
-0.001011375
-0.001067366
-0.001126053
-0.001160217
-0.00116052
-0.001086134
-0.0009671001
-0.0008217096
-0.0005977254
-0.0003269834
-0.0001172446
-3.897167e-05
-8.204666e-05
-0.000193486
-0.0003256068
-0.0004774147
-0.0007131486
-0.001021553
-0.001347954
-0.001649211
-0.001860832
-0.001987903
-0.002084061
-0.002205632
-0.002394912
-0.002607581
-0.002764803
-0.002833291
-0.00279855
-0.00267191
-0.002469531
-0.002183085
-0.001794921
-0.001332273
-0.0008662503
-0.0004363719
-1.583862e-05
0.0004100963
0.0007859118
0.001016553
0.00108123
0.00106579
0.001037277
0.001020645
0.000944923
0.0007517453
0.0005156896
0.0003448006
0.0003364095
0.0005243959
0.0008244276
0.001058355
0.001151228
0.001199474
0.001288169
0.001403997
0.001479369
0.001461836
0.00130272
0.0009945941
0.0005886369
0.0001746258
-0.0002032568
-0.0006118171
-0.001061411
-0.001525145
-0.001950135
-0.00225047
-0.002405839
-0.002379676
-0.002156163
-0.001788957
-0.0013682
-0.0009737075
-0.0006091375
-0.0002606637
6.838838e-05
0.0003205194
0.0004385802
0.0004488991
0.0004315676
0.0004453524
0.000474149
0.000494655
0.0005008048
0.0005031171
0.0005504304
0.00068711
0.0008654622
0.001009967
0.001085377
0.00108612
0.001053847
0.001017985
0.000984791
0.000980427
0.001010624
0.001007535
0.0009091543
0.0007173499
0.000558975
0.0005818492
0.0007667386
0.0009716293
0.0010374
0.0009255279
0.0006982868
0.0004195073
0.0001455262
-9.589785e-05
-0.0003276878
-0.0005684936
-0.000776691
-0.0009116277
-0.0009730709
-0.0009844144
-0.000964502
-0.0009092224
-0.0008360489
-0.0007684649
-0.0006508073
-0.0004259417
-0.0001322537
0.0001640046
0.0004015926
0.0005701931
0.0007259546
0.0008672741
0.000936854
0.0009178703
0.0008401408
0.0007611476
0.0007181809
0.0007366985
0.0008455749
0.001047316
0.001317265
0.001608243
0.001926137
0.002271926
0.002583075
0.002843246
0.003032527
0.003125484
0.003132678
0.003008692
0.002730648
0.002371156
0.002000228
0.001637559
0.001276677
0.0009146914
0.0005524029
0.000199443
-9.499724e-05
-0.0002703721
-0.0003198392
-0.0002642273
-0.000121463
3.934542e-05
0.0001241426
0.0001196648
7.892542e-05
3.986997e-05
-2.02926e-05
-0.0001356211
-0.0002614203
-0.0003304563
-0.0003460766
-0.0003313743
-0.000259907
-0.0001008789
0.0001418183
0.0004487041
0.0008037764
0.001146805
0.001407031
0.001575206
0.001632419
0.001563726
0.001422346
0.001263087
0.001092157
0.0009346606
0.0008283284
0.0007427891
0.0006236067
0.0004851073
0.00038571
0.0003443111
0.0003398896
0.0003426186
0.0003334201
0.0003091986
0.0002609221
0.0001745463
5.583832e-05
-7.002064e-05
-0.0001935347
-0.0003282114
-0.0004797029
-0.0006177285
-0.0006991592
-0.0007151979
-0.0006924185
-0.0006603385
-0.0006080189
-0.0005127569
-0.0003833617
-0.0002421299
-0.0001133282
-2.894014e-06
0.0001010577
0.0001898686
0.0002401266
0.0002548416
0.0002697665
0.0003117393
0.0003729294
0.0004308663
0.0004625833
0.000462468
0.0004450271
0.0004206936
0.0003886816
0.0003527011
0.0003201819
0.0002833418
0.0002344629
0.0001848324
0.0001426463
8.72426e-05
8.819702e-06
-6.980576e-05
-0.0001260325
-0.0001414131
-0.0001046485
-3.259065e-05
3.704218e-05
7.119364e-05
6.339465e-05
5.916785e-05
9.455366e-05
0.0001463111
0.0001861162
0.0002015667
0.0002018039
0.0001965712
0.0001862489
0.0001802602
0.0001760604
0.0001678841
0.0001583907
0.000143051
0.0001153412
8.176482e-05
4.219993e-05
-5.361252e-06
-4.520457e-05
-6.61986e-05
-7.6574e-05
-9.960322e-05
-0.0001495387
-0.0002136214
-0.0002729985
-0.0003237347
-0.000368923
-0.000415325
-0.0004638948
-0.0004968897
-0.0005029492
-0.0004830109
-0.0004368895
-0.0003789984
-0.0003305046
-0.0002930116
-0.0002627338
-0.0002438459
-0.0002447451
-0.0002671252
-0.0002911505
-0.0003003144
-0.0002977299
-0.0002906504
-0.000284319
-0.000279304
-0.0002752341
-0.0002714915
-0.0002677986
-0.0002652613
-0.0002604706
-0.0002530474
-0.0002422059
-0.0002196859
-0.0001850678
-0.0001549213
-0.0001419298
-0.0001407748
-0.0001444535
-0.0001439259
-0.0001262932
-9.757565e-05
-7.724014e-05
-7.371312e-05
-8.261255e-05
-9.494877e-05
-0.0001029775
-0.0001043235
-9.875261e-05
-8.925571e-05
-8.284373e-05
-8.296712e-05
-9.116456e-05
-0.0001060622
-0.0001253361
-0.0001472276
-0.0001688337
-0.000189966
-0.0002094388
-0.0002214099
-0.0002227775
-0.0002173442
-0.0002092616
-0.000200672
-0.0001953456
-0.0001931635
-0.000192623
-0.0001958269
-0.0001978803
-0.000193806
-0.0001842842
-0.0001694497
-0.0001542275
-0.0001419655
-0.0001309446
-0.0001217245
-0.0001158109
-0.0001157012
-0.0001190281
-0.0001201948
-0.000119311
-0.0001166832
-0.0001122127
-0.0001060563
-9.683329e-05
-8.567975e-05
-7.32188e-05
-5.859068e-05
-4.274388e-05
-2.856133e-05
-1.745655e-05
-7.513492e-06
2.858335e-06
1.351612e-05
2.320874e-05
3.135755e-05
3.795452e-05
4.16737e-05
4.181885e-05
3.988079e-05
3.702763e-05
3.334557e-05
2.899647e-05
2.431851e-05
1.847635e-05
1.142384e-05
5.745836e-06
2.365717e-06
5.932188e-07
-1.788623e-06
-5.658394e-06
-9.842744e-06
-1.381981e-05
-1.535488e-05
-1.47918e-05
-1.464973e-05
-1.526988e-05
-1.63646e-05
-1.756817e-05
-1.83385e-05
-1.825091e-05
-1.742549e-05
-1.636126e-05
-1.548712e-05
-1.573073e-05
-1.690534e-05
-1.766369e-05
-1.793001e-05
-1.806278e-05
-1.798761e-05
-1.781321e-05
-1.823649e-05
-1.931779e-05
-1.973146e-05
-1.97071e-05
-1.965931e-05
-1.923264e-05
-1.883438e-05
-1.714377e-05
-1.403291e-05
-1.133649e-05
-9.197724e-06
-6.99186e-06
-4.579189e-06
-2.401443e-06
-7.24849e-07
4.503187e-07
1.331073e-06
2.104474e-06
2.677242e-06
2.786683e-06
2.580617e-06
2.551505e-06
2.669463e-06
2.90311e-06
3.117364e-06
3.203778e-06
3.426477e-06
3.970641e-06
4.666669e-06
5.092885e-06
5.184597e-06
5.401669e-06
5.933312e-06
6.322128e-06
6.48458e-06
6.567828e-06
6.684516e-06
7.059751e-06
7.440112e-06
7.895609e-06
8.647259e-06
9.367225e-06
9.841613e-06
1.020679e-05
1.066882e-05
1.11929e-05
1.165099e-05
1.202451e-05
1.23741e-05
1.27053e-05
1.299649e-05
1.333512e-05
1.370842e-05
1.40538e-05
1.434734e-05
1.463478e-05
1.495333e-05
1.525444e-05
1.554387e-05
1.582162e-05
1.607558e-05
1.62968e-05
1.652522e-05
1.675368e-05
1.695923e-05
1.718945e-05
1.741327e-05
1.76269e-05
1.784454e-05
1.805576e-05
1.827202e-05
1.847398e-05
1.866481e-05
1.88574e-05
1.905129e-05
1.924691e-05
1.943674e-05
1.962471e-05
1.981799e-05
2.001557e-05
2.021704e-05
2.042302e-05
2.063278e-05
