0.0007656597
0.001190143
0.001763231
0.00178499
0.001765261
0.001748107
0.001730791
0.001713841
0.001698099
0.001684154
0.001671124
0.001658183
0.001645319
0.001633034
0.001620758
0.001606725
0.001589045
0.001568231
0.001546342
0.001523683
0.001502433
0.001483582
0.001465954
0.001451208
0.001440566
0.001432309
0.001426264
0.001424404
0.001423868
0.001421492
0.001417885
0.001411389
0.001398469
0.001378508
0.001353167
0.001325051
0.001297248
0.001271923
0.001252161
0.001239956
0.001230837
0.001216881
0.001194535
0.001162478
0.001120203
0.001070437
0.001021285
0.0009821375
0.0009530399
0.0009270133
0.0008964688
0.0008584275
0.0008163392
0.0007724142
0.0007315599
0.0007063346
0.0007034889
0.0007123845
0.0007221732
0.0007343614
0.0007488725
0.0007609908
0.0007671212
0.0007718634
0.0007819573
0.0007979571
0.0008155193
0.0008312673
0.00085165
0.0008766541
0.0008979721
0.0009175941
0.0009340844
0.0009357089
0.0009052906
0.000832383
0.0007229296
0.0005858984
0.0004258086
0.0002417519
4.765114e-05
-0.0001301879
-0.0002789868
-0.0003945832
-0.0004742144
-0.0005160692
-0.0005119546
-0.0004551306
-0.0003623505
-0.0002641065
-0.0001825292
-0.0001387984
-0.0001612508
-0.0002570035
-0.0003971599
-0.0005462536
-0.0006858976
-0.0008181398
-0.0009474002
-0.001059452
-0.001135974
-0.001172856
-0.001155205
-0.001065924
-0.0009172574
-0.0007313285
-0.0005501946
-0.0004297308
-0.0003880583
-0.000392592
-0.0003960109
-0.0003830966
-0.0003594873
-0.0003542369
-0.0004052828
-0.0005329413
-0.0007395714
-0.0009795751
-0.001176344
-0.001265331
-0.001211497
-0.001012933
-0.0007262508
-0.0004137616
-7.349488e-05
0.0002948865
0.0006645774
0.001013409
0.001295299
0.001440502
0.001399038
0.001180919
0.0008314692
0.0003932737
-6.459939e-05
-0.0004556193
-0.0006952813
-0.0007361285
-0.0005870834
-0.0002896074
0.0001034518
0.0005620111
0.001076047
0.001621972
0.002185517
0.002752765
0.003236464
0.003508103
0.003500486
0.003275887
0.002970204
0.002691467
0.002500471
0.002379165
0.002223638
0.001929224
0.001463716
0.0008723669
0.0002801709
-0.0001688332
-0.000394334
-0.0003880804
-0.0002374604
-8.566667e-05
-6.709024e-05
-0.0002703492
-0.0006991479
-0.001266712
-0.00186877
-0.002421188
-0.002737274
-0.002578066
-0.00179165
-0.0002472983
0.002172545
0.005311217
0.008536439
0.01112267
0.01276335
0.01355965
0.01372722
0.01334374
0.01235918
0.0107957
0.008817972
0.006628318
0.004414579
0.002376081
0.0006311759
-0.0008886179
-0.002373232
-0.003942385
-0.005514916
-0.00691108
-0.008003969
-0.008707775
-0.008924285
-0.008586223
-0.007758169
-0.00661788
-0.005371894
-0.004233734
-0.003481613
-0.003282942
-0.003557298
-0.004111686
-0.004668408
-0.005004905
-0.004973181
-0.004482529
-0.003635357
-0.002629247
-0.001655621
-0.0009154611
-0.0006096076
-0.0008706708
-0.001650879
-0.002788094
-0.004126597
-0.005530953
-0.006828446
-0.007894958
-0.00871982
-0.009262706
-0.009550164
-0.009671485
-0.009625533
-0.009333233
-0.008734827
-0.00782568
-0.006632419
-0.005274996
-0.003979626
-0.00294319
-0.002140337
-0.001366861
-0.0004256738
0.0007412771
0.001969602
0.002962881
0.003467728
0.00349202
0.003317704
0.003269903
0.003650378
0.004544857
0.005724068
0.006803728
0.007344117
0.007136918
0.006366203
0.005369023
0.004388452
0.003526107
0.002790302
0.002198632
0.001854879
0.001848156
0.002314276
0.003432389
0.00511384
0.007021836
0.008771336
0.01001137
0.01048059
0.010111
0.009110876
0.007864078
0.006799295
0.006213591
0.006106206
0.006278687
0.006557664
0.006830581
0.006972105
0.00689515
0.00651706
0.005779918
0.004754366
0.003545347
0.002312313
0.001187348
0.0002181029
-0.0004958159
-0.0009334917
-0.001151748
-0.001056182
-0.0005403005
0.0002039354
0.0008782419
0.001346135
0.001692783
0.002255163
0.003265594
0.004529802
0.005550998
0.00568015
0.004414239
0.001857214
-0.001294776
-0.004183533
-0.006320436
-0.007715448
-0.008708079
-0.01001359
-0.01240582
-0.01611911
-0.02060429
-0.02485033
-0.02798634
-0.02958896
-0.02962527
-0.02829257
-0.02587527
-0.02251488
-0.01835351
-0.01377908
-0.009372294
-0.005796485
-0.003407433
-0.002054171
-0.001295543
-0.0007205027
-0.000125109
0.0005774358
0.001189484
0.001208935
0.0004095031
-0.0009572186
-0.002494102
-0.003966882
-0.005347525
-0.006650087
-0.007815464
-0.008665988
-0.00910934
-0.009180209
-0.008865313
-0.008249599
-0.007587071
-0.007191379
-0.007219642
-0.007632069
-0.00819107
-0.008322728
-0.007404605
-0.005048699
-0.00149771
0.00223422
0.005019297
0.006075984
0.005278359
0.00318448
0.0006474385
-0.001542141
-0.002860814
-0.003057216
-0.002218369
-0.0006427456
0.001439653
0.003905866
0.006727052
0.009841322
0.01278194
0.01474654
0.01517079
0.01399587
0.01173018
0.00929893
0.007512091
0.006851541
0.007357718
0.008519522
0.009732175
0.01073609
0.01165436
0.01287339
0.01454205
0.0162164
0.01710002
0.0162411
0.01288333
0.007320558
0.001389045
-0.002563531
-0.003547724
-0.002447376
-0.0009366641
-0.0005689994
-0.002028109
-0.00472672
-0.007479678
-0.009096743
-0.008788133
-0.006569681
-0.003077803
0.001006172
0.005371107
0.009915332
0.01413657
0.0173867
0.01916469
0.01848651
0.0139587
0.004692082
-0.00818852
-0.02066947
-0.02832856
-0.03006981
-0.02802487
-0.02479134
-0.02181092
-0.01930386
-0.01678131
-0.01374414
-0.01033353
-0.007136289
-0.004727794
-0.00350765
-0.003549401
-0.004481797
-0.005584496
-0.006152492
-0.005877888
-0.004932819
-0.003876014
-0.003433575
-0.004102505
-0.00583875
-0.007781054
-0.008638688
-0.007615563
-0.004809253
-0.001267026
0.001444413
0.002218772
0.0008918038
-0.001822854
-0.004868243
-0.007720733
-0.01063455
-0.0144176
-0.01956203
-0.02521605
-0.02962075
-0.03101299
-0.0281909
-0.02154301
-0.01334825
-0.00610641
-0.0006230598
0.003906666
0.00838414
0.01293187
0.01696209
0.01963345
0.02013717
0.01753281
0.01120271
0.002247842
-0.006492406
-0.01264414
-0.01588419
-0.01748948
-0.01899427
-0.02104604
-0.02324515
-0.02478474
-0.02483092
-0.0227292
-0.01852474
-0.0132208
-0.00823096
-0.004597394
-0.002696357
-0.002317541
-0.002812518
-0.0033257
-0.003182232
-0.002047169
8.258081e-05
0.003140344
0.007055961
0.01136556
0.0155301
0.01942896
0.02317725
0.02674975
0.02991378
0.03235376
0.03355759
0.03252955
0.02739345
0.01736378
0.005862984
-0.002066293
-0.004740665
-0.004105338
-0.002907039
-0.002588618
-0.003315564
-0.004837478
-0.006845931
-0.009044796
-0.01109431
-0.01247776
-0.0127597
-0.01181071
-0.009737443
-0.006796431
-0.003227541
0.0007310513
0.004730301
0.008318452
0.01097669
0.01224604
0.01201283
0.01067422
0.009072131
0.008161953
0.008382149
0.009517833
0.0109823
0.01190674
0.01167347
0.01051023
0.009144327
0.008105096
0.007338375
0.006223026
0.004063266
0.0007081723
-0.003240269
-0.006791193
-0.009106234
-0.009898153
-0.009654509
-0.009360692
-0.009862929
-0.01148475
-0.01396615
-0.01667538
-0.01890572
-0.0201572
-0.02039521
-0.01985167
-0.01872746
-0.01711253
-0.01479431
-0.01180054
-0.009004437
-0.007565151
-0.008357707
-0.01180473
-0.01732021
-0.02298251
-0.0267079
-0.02768849
-0.02604311
-0.02200091
-0.01615377
-0.009700613
-0.004080229
-0.0001290366
0.002257213
0.003472664
0.003874887
0.003717454
0.003160373
0.002536946
0.002255274
0.002694236
0.003882191
0.005273466
0.006143932
0.005662329
0.002840011
-0.002610209
-0.009085708
-0.01386355
-0.01522509
-0.01328121
-0.009347687
-0.0052398
-0.002512174
-0.001560372
-0.001590053
-0.001607594
-0.001246104
-0.0007401699
-0.0007264322
-0.001660929
-0.003542603
-0.0061574
-0.008933008
-0.01109769
-0.01220237
-0.01221411
-0.01138568
-0.0101578
-0.009026966
-0.008367232
-0.008207863
-0.008289627
-0.008149431
-0.007458945
-0.006196009
-0.004549506
-0.00285738
-0.001388515
-0.0001674341
0.001022206
0.002432443
0.004458653
0.007629386
0.01206621
0.01680583
0.02033227
0.02140565
0.01905783
0.01344556
0.006312002
-0.0002750001
-0.005257983
-0.008938903
-0.0118476
-0.01396178
-0.01489125
-0.01386198
-0.01045469
-0.005268243
0.0003029722
0.004784223
0.007228415
0.007447037
0.006090702
0.00402778
0.00202201
0.0007490085
0.0004546811
0.001255957
0.003326923
0.00651934
0.01031009
0.0139894
0.01686756
0.01852016
0.01853527
0.0160037
0.009383782
-0.001266099
-0.0120075
-0.01848937
-0.02037433
-0.02011146
-0.0198204
-0.02045158
-0.02168972
-0.02256426
-0.02258353
-0.02184454
-0.02080943
-0.02012474
-0.02038479
-0.02194937
-0.02435959
-0.02643467
-0.02734718
-0.02652468
-0.02352499
-0.01845514
-0.01230684
-0.00685679
-0.003230662
-0.001265535
-8.31131e-05
0.001361641
0.003636447
0.006691301
0.01009411
0.01327626
0.01560297
0.01653402
0.01626992
0.01533194
0.01404343
0.0128884
0.01230939
0.01232444
0.01297686
0.01419372
0.01534959
0.01619618
0.01689131
0.01755356
0.01843002
0.01944477
0.02021814
0.02058036
0.02057389
0.02046567
0.02067243
0.02145906
0.02295436
0.02527834
0.02845703
0.03236584
0.03691483
0.04221034
0.04890296
0.05828279
0.07070026
0.08421491
0.09632521
0.1061462
0.1138693
0.1200965
0.1256984
0.1310571
0.1360651
0.1402647
0.1433124
0.1450918
0.1452771
0.1436518
0.1396692
0.1322129
0.1215407
0.1103276
0.1018667
0.0974726
0.09606092
0.09646721
0.09846986
0.1023153
0.1077276
0.1128099
0.1158788
0.1166432
0.1147429
0.1093663
0.09932538
0.08451798
0.06740026
0.0518698
0.04129087
0.0362468
0.03431968
0.03267507
0.03012734
0.02680304
0.0232666
0.01953061
0.01393563
0.004331092
-0.009781928
-0.02668108
-0.04419726
-0.06122739
-0.07769656
-0.09436812
-0.1111874
-0.1261637
-0.137183
-0.1439211
-0.1480034
-0.1517629
-0.1562333
-0.1613375
-0.1675049
-0.1754957
-0.1856579
-0.1977324
-0.210396
-0.2220735
-0.2323869
-0.2419345
-0.2514126
-0.2609264
-0.2701106
-0.2790139
-0.287764
-0.2958844
-0.3029085
-0.3083883
-0.3121521
-0.3143328
-0.3148085
-0.3132878
-0.3094045
-0.3033807
-0.2958082
-0.2865471
-0.274271
-0.257894
-0.2392792
-0.2223395
-0.210166
-0.2020485
-0.1920478
-0.1733174
-0.1438899
-0.1080673
-0.07182506
-0.03784044
-0.005240927
0.02767247
0.06202014
0.09779878
0.1335494
0.1661763
0.1901593
0.2020076
0.2044301
0.2031058
0.2017846
0.2014002
0.2021364
0.2041735
0.2081612
0.2142256
0.2209608
0.2266496
0.2300621
0.2316309
0.2329511
0.2350876
0.2392857
0.2472376
0.2597456
0.2753621
0.2895735
0.2979049
0.2992492
0.2952163
0.2881284
0.2790231
0.2675837
0.253205
0.2363606
0.2182784
0.1997004
0.1812438
0.1634577
0.1471922
0.1335555
0.1233273
0.1161466
0.1109668
0.1071723
0.1043395
0.1025181
0.1019997
0.1026781
0.1039528
0.1055294
0.1069824
0.1075194
0.1070448
0.1053043
0.1018609
0.09681403
0.0902211
0.08221031
0.07346546
0.06516581
0.05779072
0.05039494
0.04192402
0.03233316
0.02236208
0.01236583
0.001839699
-0.01126919
-0.0290235
-0.05025249
-0.0722648
-0.09353846
-0.1121783
-0.125484
-0.132375
-0.1330583
-0.1263545
-0.1107246
-0.08782913
-0.06325687
-0.04380975
-0.03288963
-0.02855587
-0.02686194
-0.02539172
-0.02446299
-0.0257768
-0.03040227
-0.03769384
-0.04576796
-0.05299006
-0.05830135
-0.06232195
-0.06616649
-0.07038277
-0.07538229
-0.08083375
-0.08588078
-0.08991669
-0.09272336
-0.09426198
-0.09460237
-0.09362519
-0.0912029
-0.08710124
-0.08102309
-0.07342332
-0.06577495
-0.05908401
-0.05351046
-0.04918092
-0.04593585
-0.04401612
-0.04365443
-0.04541609
-0.05086798
-0.0611118
-0.07681124
-0.09718601
-0.1195925
-0.1420305
-0.1641408
-0.1862325
-0.2087959
-0.2320681
-0.2555913
-0.2783054
-0.2966253
-0.3029066
-0.2888941
-0.2524045
-0.2008949
-0.1453729
-0.09211075
-0.0438074
-0.002788744
0.03112791
0.06141672
0.09166061
0.1221593
0.1491792
0.1674029
0.1754217
0.1774146
0.1781102
0.1797798
0.182675
0.1860513
0.1891253
0.1919048
0.1945223
0.1967933
0.1988254
0.2004587
0.2017917
0.2034065
0.2056206
0.2085841
0.2117265
0.2140057
0.2145835
0.2127925
0.2086153
0.2022066
0.1935671
0.1832184
0.1718425
0.1602332
0.1493013
0.1396557
0.1313998
0.1229089
0.1111242
0.09423852
0.07325036
0.0507638
0.0286392
0.007242029
-0.01380491
-0.03525283
-0.05715737
-0.07861364
-0.09906532
-0.118797
-0.1383162
-0.1578339
-0.1773781
-0.1970169
-0.2158161
-0.2315355
-0.24221
-0.2474612
-0.2484501
-0.2433681
-0.2258772
-0.1932462
-0.1507245
-0.1059913
-0.06400734
-0.02888952
-0.0059677
0.003811003
0.005259515
0.002842527
-0.001676887
-0.007068136
-0.01170065
-0.01481481
-0.01652805
-0.01723034
-0.01756947
-0.01824711
-0.02012301
-0.024859
-0.03343414
-0.04429961
-0.05444082
-0.06077919
-0.06240803
-0.0610904
-0.05799426
-0.05397199
-0.0501122
-0.04667728
-0.04383143
-0.04158797
-0.04038223
-0.04031113
-0.0407187
-0.04121834
-0.04112011
-0.03981089
-0.03708152
-0.03314305
-0.02881694
-0.02508748
-0.02291535
-0.02311773
-0.02603653
-0.03168112
-0.03958393
-0.04929289
-0.06044049
-0.07202562
-0.08334207
-0.09406774
-0.1041185
-0.1139812
-0.1236777
-0.1320576
-0.1382701
-0.1427245
-0.1456974
-0.147445
-0.1484268
-0.1481588
-0.1469261
-0.1453095
-0.1430662
-0.1398652
-0.1321867
-0.1146008
-0.08592441
-0.05082851
-0.01518713
0.01789797
0.0457181
0.06526161
0.07719686
0.08715089
0.1002486
0.1154646
0.1277337
0.1338462
0.1335516
0.1260128
0.1100357
0.08766184
0.06291848
0.03830214
0.01418257
-0.009912486
-0.033559
-0.05381753
-0.06698064
-0.07327699
-0.07588154
-0.07702872
-0.07614423
-0.06951242
-0.05332844
-0.02811485
0.001282571
0.03061624
0.05839587
0.08540021
0.1131636
0.1412349
0.1661082
0.1842563
0.1957525
0.2029317
0.2085592
0.2141955
0.2197094
0.225064
0.2300316
0.2348532
0.240562
0.2468521
0.2525287
0.2566316
0.2587259
0.2585009
0.2550369
0.2465235
0.2315491
0.2117297
0.1898894
0.168222
0.1472872
0.1260215
0.1043721
0.08320937
0.06475603
0.05085811
0.04043581
0.03067408
0.01949195
0.007187572
-0.004792237
-0.0146877
-0.02255245
-0.03019986
-0.03899943
-0.05012615
-0.06420557
-0.08033938
-0.09626554
-0.1097486
-0.1196731
-0.1262358
-0.1297181
-0.1292253
-0.1210296
-0.1020062
-0.07644546
-0.05434703
-0.04268866
-0.03979368
-0.0393928
-0.03748694
-0.0339389
-0.03040416
-0.02858589
-0.02919937
-0.03165601
-0.0353141
-0.03992049
-0.04494089
-0.04995073
-0.05488922
-0.05915029
-0.06265973
-0.06605418
-0.06918134
-0.07225182
-0.07586433
-0.07986303
-0.08441492
-0.08987467
-0.0954942
-0.10044
-0.1043468
-0.1070752
-0.1088653
-0.1099531
-0.1103844
-0.1102884
-0.109997
-0.1097472
-0.1098686
-0.1107574
-0.1128002
-0.1163035
-0.1213574
-0.1276502
-0.1342627
-0.1397701
-0.1434974
-0.1460722
-0.1478739
-0.1488476
-0.1493136
-0.1494451
-0.1490533
-0.1479273
-0.1459354
-0.1432472
-0.1394699
-0.1349108
-0.1302385
-0.1252026
-0.120512
-0.1163094
-0.1113901
-0.104969
-0.09636119
-0.08450409
-0.06977734
-0.05388614
-0.03802683
-0.02281648
-0.007781966
0.007805633
0.0239087
0.04006549
0.05517907
0.06788053
0.07756323
0.08472039
0.09071269
0.09656261
0.102607
0.1092174
0.1164262
0.1249406
0.1358011
0.1485397
0.1624777
0.1769034
0.1913673
0.2057504
0.2197503
0.2330884
0.24428
0.2525282
0.2581129
0.2613538
0.2628349
0.2625731
0.2596557
0.252216
0.2391259
0.2211951
0.2006421
0.1797357
0.1595682
0.1396086
0.1191404
0.09806605
0.07659594
0.05498255
0.03339396
0.01225454
-0.008931647
-0.03005451
-0.04947826
-0.06524784
-0.07696023
-0.08657411
-0.09569873
-0.1044037
-0.1122206
-0.1185937
-0.12224
-0.122266
-0.1200499
-0.1172332
-0.1148546
-0.1140124
-0.1146624
-0.1161995
-0.1183929
-0.1213502
-0.1252298
-0.1307017
-0.1383859
-0.1478848
-0.1574743
-0.164991
-0.1696049
-0.1716021
-0.1719462
-0.1716001
-0.170826
-0.1697742
-0.1690866
-0.1694803
-0.171279
-0.1748221
-0.1801823
-0.1865887
-0.1930144
-0.1980723
-0.200814
-0.2014828
-0.19935
-0.1919904
-0.1773715
-0.1563526
-0.132569
-0.1088229
-0.08599311
-0.06367696
-0.04055763
-0.01643162
0.006982008
0.02627189
0.03893153
0.04653551
0.05302536
0.06240723
0.07744379
0.09718424
0.1182129
0.1380352
0.1543713
0.1655212
0.1723312
0.1765437
0.1793834
0.1814248
0.1822438
0.1816007
0.1799367
0.1779782
0.1765684
0.1759233
0.1759161
0.1765512
0.1775382
0.1785531
0.1797449
0.1809812
0.1823333
0.1838398
0.1850542
0.1857406
0.1857153
0.184805
0.1826053
0.1790145
0.1734842
0.165571
0.1560027
0.1450952
0.1332575
0.1213773
0.1099221
0.09960559
0.09038188
0.08166887
0.07324361
0.06392473
0.05253327
0.03903033
0.02432918
0.009829591
-0.003288925
-0.01503328
-0.02714964
-0.04167639
-0.05844091
-0.0759063
-0.09333624
-0.1102163
-0.1265653
-0.1428244
-0.1580203
-0.1706747
-0.1804623
-0.1873715
-0.1916892
-0.1939761
-0.1940954
-0.191172
-0.1832017
-0.1689
-0.1493785
-0.1274752
-0.105774
-0.08453577
-0.06307607
-0.04130994
-0.01905002
0.003237653
0.02328865
0.03920503
0.05080489
0.05893828
0.06474068
0.06894056
0.07142369
0.07175683
0.06978958
0.06551715
0.05917023
0.05147582
0.04378033
0.03679616
0.03087866
0.02616794
0.02238696
0.01961421
0.01759255
0.01633773
0.016055
0.01661326
0.0180497
0.02000891
0.02191948
0.02373793
0.025777
0.02798826
0.03018665
0.03252198
0.03485983
0.03645988
0.03692859
0.03603691
0.03343167
0.02906677
0.02258378
0.01376097
0.002882895
-0.008766033
-0.01889439
-0.02613543
-0.03089649
-0.03433931
-0.03745239
-0.04034844
-0.04278633
-0.0448845
-0.04680734
-0.04869691
-0.05082756
-0.05368787
-0.05725746
-0.06125328
-0.06573933
-0.07064863
-0.07542692
-0.07954062
-0.08278345
-0.08507879
-0.08655265
-0.0871484
-0.08655408
-0.0850087
-0.08229934
-0.0780166
-0.07242868
-0.06507215
-0.05632102
-0.04751068
-0.03926131
-0.03191208
-0.0256295
-0.02026961
-0.01506874
-0.009790187
-0.004519963
0.001204455
0.006949791
0.01192418
0.01620328
0.02009148
0.02358397
0.02673641
0.02955305
0.032082
0.03425228
0.03555212
0.03588581
0.03484582
0.0316759
0.02572531
0.01606082
0.002411675
-0.01322888
-0.02759717
-0.0391633
-0.04825742
-0.05579965
-0.06239421
-0.06783236
-0.07187066
-0.07445338
-0.07538895
-0.07474893
-0.07278445
-0.06983532
-0.06651445
-0.06306258
-0.05916463
-0.05438923
-0.0484011
-0.04099262
-0.03215104
-0.02292344
-0.01512488
-0.009364906
-0.005052538
-0.001483162
0.002020642
0.005857503
0.01032814
0.01546621
0.02109718
0.02722161
0.0336006
0.03930885
0.04389274
0.04783763
0.05112367
0.05379156
0.05610569
0.05769202
0.05848266
0.05865798
0.05825268
0.05782701
0.0575715
0.05737668
0.05755072
0.05821241
0.05927721
0.06074051
0.06228441
0.06366335
0.06503001
0.06613636
0.06665348
0.06654583
0.06559673
0.0636486
0.06113912
0.05840083
0.05549685
0.05284439
0.05029611
0.04754857
0.04505169
0.04255371
0.03948801
0.03585897
0.0313329
0.02600449
0.02074922
0.01579446
0.01095781
0.006595469
0.002618648
-0.001592869
-0.006061727
-0.01089336
-0.01641826
-0.02227894
-0.02795208
-0.03327346
-0.03794013
-0.04197389
-0.04556223
-0.0487241
-0.0514086
-0.05313963
-0.0535132
-0.05244863
-0.0499485
-0.04530666
-0.03811746
-0.02917186
-0.02016123
-0.01313108
-0.008785668
-0.00659528
-0.006134113
-0.007447377
-0.01051788
-0.01517671
-0.02083523
-0.02655575
-0.03144453
-0.03486633
-0.03671099
-0.03717472
-0.03637713
-0.03422273
-0.0300599
-0.02280883
-0.01246587
-0.001330746
0.007188127
0.01209138
0.01486208
0.01706154
0.01953779
0.02194288
0.02373919
0.02458051
0.02430111
0.02312236
0.02114576
0.01870349
0.01623011
0.01396381
0.01193412
0.01004176
0.008538072
0.007764158
0.007484405
0.007355031
0.007510241
0.007869977
0.008196468
0.00840812
0.008242728
0.007796891
0.007170224
0.006639155
0.006638558
0.007180079
0.008129811
0.009490845
0.0114512
0.01362103
0.01568116
0.01761175
0.01949847
0.02153495
0.02325289
0.02429584
0.02481452
0.0248335
0.02452234
0.02386769
0.02268754
0.02112989
0.01914071
0.0168484
0.01456216
0.01206354
0.009384551
0.006991034
0.004819912
0.002705225
0.001199276
0.0004705761
0.0001850008
0.0007470217
0.002268424
0.004664426
0.008463147
0.0133934
0.0189424
0.02481287
0.0302855
0.03505819
0.03919481
0.04287626
0.04626655
0.04933921
0.05203892
0.05440969
0.0565139
0.05831478
0.0596673
0.06055012
0.06121853
0.06157889
0.06152322
0.06126107
0.06055162
0.05939025
0.05804387
0.05625696
0.05418816
0.05189691
0.04927601
0.04640842
0.04328979
0.0403521
0.03752187
0.0344444
0.03128264
0.0279242
0.02423594
0.0206042
0.01728018
0.01387985
0.01031073
0.006494759
0.002050078
-0.002643683
-0.007259527
-0.01215546
-0.01679164
-0.02054233
-0.02404155
-0.02737177
-0.03043974
-0.03373164
-0.03736172
-0.04130487
-0.04539071
-0.04910529
-0.05215456
-0.05457318
-0.05617728
-0.0570447
-0.05752857
-0.05768095
-0.05756244
-0.05705141
-0.05603497
-0.05443622
-0.05267667
-0.05098518
-0.0490696
-0.04717675
-0.04520365
-0.04269062
-0.03949667
-0.03558834
-0.03097021
-0.02607205
-0.02167859
-0.01820265
-0.01543447
-0.01311306
-0.0108406
-0.008250312
-0.005335502
-0.002070884
0.00151785
0.005498109
0.01016076
0.01555862
0.02175875
0.02935114
0.03819616
0.047169
0.05566213
0.06303036
0.06872429
0.07282767
0.07572988
0.07788296
0.07897897
0.07877966
0.07720829
0.07406332
0.06955914
0.06377145
0.05663139
0.04858467
0.04042323
0.03243094
0.02465074
0.01764846
0.0122166
0.008198072
0.005337006
0.003628127
0.002611999
0.002385536
0.002806967
0.003623965
0.004651998
0.005504778
0.00603253
0.005977683
0.005431781
0.004421656
0.002881356
0.001098172
-0.0009465904
-0.003426672
-0.006489879
-0.01019735
-0.01430197
-0.01888755
-0.02434509
-0.03013191
-0.03529712
-0.03999314
-0.04428316
-0.04808886
-0.05176316
-0.05512016
-0.05810609
-0.06096335
-0.06365001
-0.06618985
-0.06872217
-0.07143866
-0.07425985
-0.07705167
-0.08016554
-0.08312803
-0.08553341
-0.0877931
-0.08939469
-0.09021502
-0.0903522
-0.08944054
-0.08776185
-0.0852322
-0.08174432
-0.07763058
-0.07288561
-0.06779685
-0.06294036
-0.05808252
-0.05287295
-0.04770251
-0.04281365
-0.0378842
-0.0328509
-0.02832251
-0.02405447
-0.01950633
-0.01519356
-0.01108329
-0.007017755
-0.00344749
-0.0004637191
0.002111735
0.004437484
0.006616116
0.008417007
0.009818904
0.0112244
0.01246025
0.01340715
0.01446388
0.01578087
0.01772292
0.02055007
0.02413255
0.02858387
0.03355012
0.03834291
0.04247142
0.04598962
0.04918773
0.05212989
0.05495748
0.05755156
0.05973585
0.06157409
0.06313979
0.06448256
0.06575173
0.06695683
0.06816117
0.06947949
0.07079467
0.07174195
0.07203864
0.07163678
0.07041714
0.06846465
0.06596563
0.063081
0.05956365
0.05511039
0.04997688
0.0440593
0.03744685
0.03082701
0.02455356
0.01882131
0.01363794
0.008808036
0.004177257
-0.0002768908
-0.004477361
-0.008460911
-0.01215894
-0.01564222
-0.01909635
-0.02256058
-0.02614351
-0.02979549
-0.03350292
-0.03730237
-0.04103703
-0.04474543
-0.04813723
-0.05089177
-0.05327501
-0.05523294
-0.05670173
-0.05784494
-0.05864738
-0.05918177
-0.05939357
-0.05941993
-0.05927563
-0.05891099
-0.05857364
-0.05830596
-0.05805633
-0.05735819
-0.05607607
-0.05425634
-0.05176095
-0.04892412
-0.04582126
-0.04211524
-0.03764672
-0.03247913
-0.02692528
-0.02177434
-0.01743876
-0.01359138
-0.009967564
-0.006371257
-0.002878308
0.0004125386
0.003494674
0.006538103
0.009746532
0.01313019
0.01656202
0.01965325
0.02227539
0.02429009
0.02580221
0.0269392
0.02773794
0.02848343
0.02932528
0.03039823
0.03185625
0.03385195
0.03629853
0.03861953
0.04080199
0.0429944
0.04463087
0.04563152
0.04602658
0.04586333
0.04531062
0.04440768
0.0433074
0.04212255
0.04111007
0.04031763
0.03972689
0.03938644
0.03898814
0.03848445
0.03786319
0.0367161
0.03511733
0.03305205
0.03028406
0.02674886
0.02274998
0.01900134
0.01584287
0.01328856
0.01124756
0.009666151
0.008331734
0.007077745
0.005803384
0.004213369
0.002195134
-5.346354e-05
-0.002417256
-0.004977483
-0.007537977
-0.009950802
-0.01210483
-0.01386528
-0.01558785
-0.0173085
-0.01896438
-0.02095121
-0.0233259
-0.02589801
-0.02866538
-0.03144467
-0.03387332
-0.03586458
-0.03728821
-0.03810859
-0.03849361
-0.03850457
-0.03806164
-0.03738266
-0.036724
-0.03597459
-0.03524024
-0.03460181
-0.03384317
-0.0327903
-0.03156895
-0.02986367
-0.02734806
-0.02421329
-0.0203718
-0.01605535
-0.01163047
-0.007319324
-0.003617906
-0.0005869372
0.002026029
0.004242905
0.006175339
0.007877092
0.009238411
0.01025911
0.01102448
0.01154266
0.01196723
0.01245185
0.01298092
0.01377833
0.01489618
0.01618142
0.01753859
0.01880287
0.02001134
0.02110758
0.0219203
0.0222956
0.02210755
0.02150176
0.02040531
0.01871938
0.01688591
0.01509382
0.01339824
0.01207498
0.01106091
0.01033921
0.009927639
0.009677545
0.009575394
0.009564951
0.009504599
0.009658189
0.01008693
0.01058137
0.01122608
0.01191894
0.01251118
0.01304801
0.01361556
0.01415454
0.01467192
0.01535068
0.01612197
0.01670743
0.01684149
0.01648154
0.01546209
0.01357967
0.01095377
0.00753873
0.003498605
-0.000720298
-0.004579118
-0.007556058
-0.009749031
-0.01138006
-0.01246979
-0.01310073
-0.0131033
-0.01239487
-0.01130971
-0.01004452
-0.008898662
-0.008206201
-0.007811383
-0.007504564
-0.007129681
-0.006702043
-0.006241737
-0.00574729
-0.005320659
-0.005050868
-0.005135415
-0.005429383
-0.005896722
-0.00664338
-0.007463335
-0.008358255
-0.009547018
-0.01107192
-0.01288591
-0.01477465
-0.01652972
-0.01823066
-0.01981871
-0.02131131
-0.02295267
-0.02463395
-0.02608835
-0.02730151
-0.02845124
-0.0296326
-0.03069473
-0.03144697
-0.03178442
-0.03184295
-0.03169362
-0.03135104
-0.03093184
-0.03059594
-0.03035984
-0.030183
-0.02991498
-0.02930618
-0.02847729
-0.02740138
-0.02573419
-0.02331315
-0.02041578
-0.01730062
-0.01415182
-0.01133815
-0.009114861
-0.00741889
-0.006051965
-0.005073156
-0.004523247
-0.004331521
-0.004313542
-0.00397128
-0.003294729
-0.002414291
-0.001215836
0.0001488554
0.001918895
0.004172597
0.006614588
0.009217782
0.01183353
0.01411372
0.01590636
0.01745491
0.01871125
0.0195708
0.0205101
0.02155493
0.0225492
0.02377092
0.02519923
0.02679069
0.02852912
0.030282
0.03204738
0.03377774
0.03535994
0.03673565
0.03784449
0.03850829
0.03869169
0.03844576
0.03779523
0.03693247
0.03604018
0.0351136
0.03426217
0.03373617
0.03353051
0.0334966
0.03350814
0.03343887
0.03316935
0.0327688
0.03237098
0.03188004
0.03122395
0.03062877
0.03010717
0.02950635
0.02887568
0.02821757
0.02764058
0.02699303
0.02596884
0.02465925
0.0232282
0.02157411
0.01985131
0.01826795
0.01688226
0.01591254
0.01506614
0.0142039
0.01359955
0.01285687
0.01163908
0.0101694
0.008462258
0.006615666
0.004813251
0.002959774
0.001154726
-0.0004809742
-0.002117476
-0.0038283
-0.005582391
-0.007376324
-0.009176601
-0.01095805
-0.01272119
-0.01441588
-0.01607916
-0.01773885
-0.01928576
-0.02057032
-0.02156213
-0.02223142
-0.02247336
-0.02248663
-0.02258
-0.02272589
-0.02277932
-0.02291444
-0.02328744
-0.02372171
-0.02392116
-0.02394565
-0.02395322
-0.02390973
-0.02372203
-0.02333906
-0.02274405
-0.0218587
-0.02084355
-0.01981408
-0.01883036
-0.01777768
-0.01659614
-0.01545591
-0.01434276
-0.01329696
-0.01233443
-0.01148253
-0.01068971
-0.01001268
-0.009634612
-0.00950947
-0.009472114
-0.009481799
-0.009558253
-0.009565279
-0.009449478
-0.009274665
-0.008980837
-0.008516371
-0.008134135
-0.007875951
-0.007508274
-0.007121758
-0.006819137
-0.006494319
-0.006197038
-0.006022845
-0.005886003
-0.005667386
-0.005281888
-0.004793673
-0.004478331
-0.004386404
-0.004418967
-0.004731781
-0.005249086
-0.005771038
-0.006371391
-0.007239174
-0.008351581
-0.009355146
-0.01025532
-0.01116155
-0.01182366
-0.0121949
-0.01237838
-0.01233403
-0.01213766
-0.01189177
-0.01155211
-0.01118137
-0.01088232
-0.01048759
-0.009758753
-0.008788897
-0.007663308
-0.006364146
-0.005014263
-0.003700153
-0.002709352
-0.002236641
-0.002252293
-0.00265556
-0.003186265
-0.003695807
-0.004113525
-0.004339904
-0.004428918
-0.004552697
-0.004722281
-0.00514922
-0.005867124
-0.006746493
-0.007881457
-0.009194096
-0.01047337
-0.01155633
-0.01249527
-0.01314209
-0.013467
-0.01352225
-0.0131544
-0.01256711
-0.01184056
-0.01097883
-0.01003183
-0.008942978
-0.007770208
-0.006553782
-0.005246354
-0.003810186
-0.002461782
-0.001303966
-0.0002647933
0.0006902731
0.001606017
0.002441512
0.003161102
0.003605192
0.003836897
0.004080905
0.004380146
0.00480357
0.005458519
0.00645282
0.007690221
0.009030376
0.01035323
0.01145646
0.0123566
0.01290027
0.0129769
0.01289071
0.01275884
0.01277254
0.01304908
0.01349981
0.01405422
0.01467923
0.0153879
0.01579662
0.01554356
0.0145217
0.01289688
0.01086
0.008230358
0.005205489
0.002239281
-0.0002890595
-0.002262601
-0.003878236
-0.005161299
-0.006056691
-0.006424432
-0.006289186
-0.005970849
-0.005592165
-0.005121418
-0.004594348
-0.003987186
-0.003540236
-0.003411788
-0.003416723
-0.003450935
-0.003315372
-0.003020264
-0.0026095
-0.001858823
-0.0007638786
0.0005022663
0.001756766
0.002931135
0.003939763
0.004468654
0.004329322
0.003513522
0.002176477
0.0005156901
-0.001353501
-0.003128657
-0.00463169
-0.005999374
-0.007081083
-0.007572562
-0.007457225
-0.00677044
-0.005535098
-0.003933854
-0.002238937
-0.0004889091
0.001299513
0.002893368
0.004307872
0.005693683
0.00702386
0.00845944
0.0100469
0.01154756
0.01285215
0.01404722
0.01523771
0.01616384
0.01660514
0.01667526
0.01635357
0.01568416
0.01476904
0.01375751
0.01286782
0.01204653
0.01124364
0.01047195
0.009714217
0.008978626
0.00839522
0.008166732
0.008198173
0.00824273
0.008287434
0.008397981
0.00852858
0.008388969
0.007782977
0.006718578
0.005207503
0.003603072
0.002152564
0.0009335009
0.0001177782
-0.0002538516
-0.0001635441
0.0003016879
0.0008301388
0.001114334
0.001047924
0.0005302736
-0.000488442
-0.001721143
-0.002910857
-0.004072656
-0.005194656
-0.006135817
-0.006694885
-0.00679816
-0.006607715
-0.006216343
-0.005789816
-0.005547759
-0.005431795
-0.005445029
-0.005676893
-0.006182443
-0.007002978
-0.008016983
-0.009024419
-0.01004271
-0.01110854
-0.01214263
-0.01306573
-0.01375168
-0.01405872
-0.01390691
-0.01335279
-0.01236464
-0.01098717
-0.009415148
-0.007670098
-0.005824146
-0.004103372
-0.002761441
-0.001868078
-0.001251192
-0.0007270252
-0.0001199956
0.0006971631
0.001784271
0.003196142
0.004883529
0.006714502
0.008559468
0.0103902
0.01236244
0.01442211
0.01640457
0.01815818
0.01946899
0.02038051
0.02106136
0.02161689
0.02201069
0.02230607
0.02260008
0.02278924
0.02292591
0.02307425
0.02315635
0.02320178
0.02318359
0.0231005
0.02299135
0.02281165
0.02251809
0.02203214
0.0212977
0.02034535
0.01925863
0.01813362
0.01702537
0.01582792
0.01463398
0.01354824
0.01247812
0.01127572
0.009785042
0.008135086
0.006472071
0.004847162
0.003262042
0.001807278
0.0004955654
-0.0007577291
-0.001765472
-0.002653956
-0.003571934
-0.004418997
-0.005184935
-0.00593158
-0.006707369
-0.007494479
-0.008369566
-0.009312573
-0.01025437
-0.01119804
-0.01214062
-0.01295172
-0.01354166
-0.01400738
-0.01436914
-0.01432911
-0.0139461
-0.01367105
-0.0134565
-0.01328184
-0.01302766
-0.01247827
-0.01184582
-0.01106594
-0.01003394
-0.008826766
-0.007375344
-0.005649005
-0.003849428
-0.002252055
-0.0008561919
0.0004358833
0.001592802
0.002444236
0.00288662
0.003031209
0.00293398
0.002547144
0.001962395
0.001250499
0.0004810066
-0.0001459693
-0.0005045439
-0.0004248289
8.282025e-05
0.00085561
0.001943035
0.003321246
0.004754628
0.006166295
0.007613107
0.008885935
0.009883676
0.01068523
0.01129213
0.01159881
0.01178104
0.0121706
0.01262024
0.01305803
0.01346279
0.01380347
0.01436081
0.01497911
0.01508226
0.0145721
0.01366741
0.01253402
0.01129658
0.009948407
0.008577991
0.007413938
0.006473525
0.005854251
0.005592495
0.005545168
0.005814593
0.006287321
0.006657628
0.006816089
0.006767543
0.006577471
0.00623112
0.005647333
0.005004886
0.004448721
0.003924134
0.003529138
0.00328976
0.003121675
0.002986319
0.002740657
0.002212202
0.001387267
0.0002177231
-0.001285535
-0.003011416
-0.004948858
-0.007014476
-0.009068333
-0.01102902
-0.01283067
-0.01440538
-0.01568874
-0.01669417
-0.01759853
-0.01848683
-0.01925454
-0.01980973
-0.02015675
-0.02049588
-0.02086325
-0.02104289
-0.0210828
-0.02109984
-0.02109966
-0.02109757
-0.02112368
-0.021233
-0.0213783
-0.02170584
-0.02240747
-0.0232673
-0.02410121
-0.02489136
-0.02555611
-0.02608083
-0.02650031
-0.02684939
-0.02713753
-0.02716084
-0.02681422
-0.02632598
-0.02587824
-0.02540664
-0.02484421
-0.02413207
-0.02318547
-0.02193841
-0.02029044
-0.01828481
-0.01612012
-0.01394926
-0.01180897
-0.009830067
-0.008086067
-0.006573425
-0.005184848
-0.003888341
-0.002865358
-0.002075175
-0.001412947
-0.0008428085
-0.0003069303
0.0001720954
0.0003924375
0.0004202806
0.0004353197
0.0004135652
0.0003655324
0.0001406968
-0.0002654196
-0.0006750782
-0.001041309
-0.001278964
-0.001265272
-0.00104988
-0.0006508046
6.784043e-06
0.0007629056
0.00155659
0.002356439
0.0031758
0.004121861
0.005178143
0.006526733
0.008252039
0.01018551
0.01198795
0.01354177
0.01505724
0.01640684
0.01738678
0.01786941
0.01773967
0.01707205
0.01592087
0.01453088
0.01319715
0.0119507
0.01082687
0.009839818
0.009083948
0.008693984
0.008730264
0.00920691
0.009935638
0.01068137
0.01138588
0.01203964
0.01256784
0.01284675
0.01277521
0.01238047
0.01167166
0.01080858
0.009781558
0.008408402
0.006817934
0.005075726
0.003300877
0.001570528
-4.065297e-05
-0.001422818
-0.002654174
-0.003808651
-0.004961554
-0.006185999
-0.00763574
-0.009311539
-0.01104639
-0.01271305
-0.01413998
-0.01523776
-0.01608535
-0.01660712
-0.0166109
-0.01599762
-0.01468954
-0.01290751
-0.01093536
-0.008791923
-0.006587993
-0.004563709
-0.002854454
-0.001441058
-0.0002775747
0.0005360888
0.001024408
0.001320611
0.001408041
0.001312592
0.0009479678
0.0001885779
-0.0008580393
-0.002001122
-0.003139607
-0.004294168
-0.005391357
-0.006226949
-0.0067677
-0.006961611
-0.006668061
-0.00598966
-0.004936527
-0.003566661
-0.002134709
-0.0006857621
0.0008646407
0.002550056
0.00416466
0.005450146
0.006388836
0.007035148
0.007495584
0.007877196
0.008229319
0.008621485
0.009207216
0.01006457
0.01102923
0.01206564
0.01317731
0.01429423
0.01540173
0.01641018
0.01731678
0.01813611
0.01886469
0.01951674
0.01996741
0.02019352
0.0202401
0.02013402
0.01998658
0.01980901
0.01955656
0.01925881
0.01900088
0.01879067
0.0184761
0.01797323
0.01728582
0.0162994
0.0147846
0.01268158
0.01021574
0.007684161
0.005235739
0.002881575
0.0007786389
-0.0008976192
-0.002192324
-0.003192984
-0.00389698
-0.004199195
-0.003971872
-0.003261093
-0.002228335
-0.001019161
0.0001759712
0.001138974
0.001756346
0.002032739
0.001984782
0.001706411
0.001376428
0.001108314
0.0008937976
0.0007009844
0.0004720072
6.224571e-05
-0.0006004073
-0.001563864
-0.002900615
-0.004656293
-0.00685924
-0.009241627
-0.01143434
-0.01333256
-0.01490387
-0.01614681
-0.01700642
-0.01746003
-0.01748043
-0.01704031
-0.01628276
-0.0152432
-0.01393687
-0.01236152
-0.01056287
-0.008785785
-0.007143624
-0.005550146
-0.004042527
-0.002630712
-0.001175967
0.0002980326
0.001779397
0.003340062
0.004886828
0.006276357
0.007438549
0.008336303
0.008993652
0.009449361
0.009691184
0.009631316
0.009276007
0.008786671
0.008255672
0.007670558
0.007199946
0.007031708
0.00719697
0.007778848
0.008692781
0.009782783
0.01093122
0.01202324
0.01319972
0.0145039
0.01574197
0.01674366
0.01741915
0.01783792
0.01804723
0.01819082
0.01842567
0.01872744
0.01911894
0.01957732
0.02001614
0.02034784
0.0204821
0.02022314
0.01929881
0.01765662
0.01546341
0.01288053
0.0100329
0.007154806
0.004575657
0.002440903
0.0006410774
-0.0008129239
-0.001957572
-0.002983951
-0.003857323
-0.004556117
-0.005170724
-0.005606488
-0.005731227
-0.00551219
-0.00503332
-0.004415416
-0.003711394
-0.003080759
-0.002645461
-0.002408485
-0.002371807
-0.002575852
-0.003151257
-0.004141763
-0.005509042
-0.007142493
-0.008833065
-0.01054326
-0.01221286
-0.01375676
-0.01512968
-0.01629556
-0.01739948
-0.01837464
-0.01923924
-0.02017735
-0.02106921
-0.02177062
-0.02217812
-0.02232156
-0.02238001
-0.0224035
-0.0223534
-0.02214278
-0.02165529
-0.02082626
-0.01979782
-0.01876724
-0.01776104
-0.01681863
-0.01594842
-0.01513456
-0.01450513
-0.01409848
-0.01379884
-0.01366527
-0.01365973
-0.01365686
-0.01369578
-0.01366486
-0.01344785
-0.01301073
-0.01228901
-0.01125975
-0.01003944
-0.008762189
-0.007462012
-0.006240445
-0.00506868
-0.003823792
-0.002685735
-0.001836801
-0.001128997
-0.000421188
0.0002035953
0.0006435861
0.0009523374
0.001217697
0.001379683
0.001256644
0.0008551931
0.0003023218
-0.0004015356
-0.001127136
-0.001689195
-0.00202438
-0.002140767
-0.00212619
-0.001988261
-0.001634409
-0.001029074
-9.784061e-05
0.001068628
0.002298489
0.003614092
0.004998453
0.006389435
0.007791623
0.009255308
0.01062778
0.01175199
0.01254341
0.01290179
0.0129422
0.01282564
0.01249606
0.01188195
0.01098208
0.009766625
0.008289471
0.006514192
0.004462289
0.002300481
0.0001752989
-0.001752282
-0.003398212
-0.004754997
-0.005783479
-0.006374799
-0.006441128
-0.006112962
-0.005675936
-0.005187973
-0.004543386
-0.00383578
-0.003190689
-0.002628767
-0.002300144
-0.002212921
-0.002187504
-0.002174408
-0.002120804
-0.001982644
-0.001778935
-0.001514986
-0.00129193
-0.001325433
-0.001654125
-0.002186187
-0.002861609
-0.003681624
-0.004658425
-0.005587143
-0.006210059
-0.006325332
-0.006012776
-0.005417272
-0.004521262
-0.003432354
-0.002284784
-0.001213283
-0.0002871128
0.0004376274
0.0008582827
0.001034566
0.001075863
0.0009655177
0.0008681735
0.00101862
0.001520077
0.002361235
0.003513657
0.004921783
0.006313922
0.007454773
0.00831676
0.008997704
0.009551351
0.009991568
0.01037121
0.01077465
0.01126402
0.01181085
0.01241989
0.01292169
0.0131361
0.01314739
0.01287042
0.01224185
0.01125225
0.009883488
0.008278923
0.006433615
0.004454378
0.002631707
0.001120404
-5.288678e-05
-0.001022346
-0.001850571
-0.002561438
-0.003273978
-0.003894212
-0.00427677
-0.004454959
-0.004551116
-0.004686825
-0.004716157
-0.004445646
-0.003861314
-0.003040896
-0.00213442
-0.001304218
-0.0006183318
-6.099783e-05
0.0003446167
0.0005596016
0.0005932891
0.0005602287
0.000434206
0.0001535791
-0.0002296231
-0.0006504625
-0.001021263
-0.001424181
-0.00195157
-0.002633555
-0.003734373
-0.005242787
-0.006657493
-0.007821129
-0.008908246
-0.00977244
-0.01029169
-0.01064494
-0.01070114
-0.01042684
-0.01001723
-0.009445288
-0.008885529
-0.008473583
-0.008120738
-0.007769582
-0.007452995
-0.007251241
-0.007069436
-0.006685642
-0.006058776
-0.005397057
-0.004823187
-0.0042725
-0.003651525
-0.003020686
-0.002524826
-0.002168705
-0.001841736
-0.001388871
-0.000884149
-0.0004650884
-0.0001594062
-6.813272e-05
-9.475915e-05
-0.0002832528
-0.0006956234
-0.001208546
-0.001797466
-0.002324671
-0.002844606
-0.00335582
-0.003650529
-0.003744424
-0.00361984
-0.003213221
-0.002668581
-0.002123054
-0.001676644
-0.00139927
-0.001239457
-0.001336192
-0.001828368
-0.002537255
-0.003367058
-0.00434631
-0.005209781
-0.005715042
-0.005865557
-0.005620852
-0.005032523
-0.004178713
-0.003178402
-0.002287411
-0.001579787
-0.001157416
-0.001026305
-0.00100172
-0.001105715
-0.001388598
-0.001638223
-0.001578503
-0.001232675
-0.0006183727
0.0002304763
0.00113336
0.00211813
0.003251118
0.004432118
0.005588742
0.006644172
0.007556656
0.00830546
0.008852664
0.009274703
0.009465038
0.009441117
0.00939669
0.009278047
0.009004633
0.008454695
0.00769006
0.006904004
0.006041697
0.005135461
0.004321085
0.0036004
0.002937825
0.002286383
0.001566643
0.0008759159
0.0002663983
-0.0003722789
-0.000987733
-0.001492792
-0.001827441
-0.001834832
-0.001430563
-0.0006457289
0.0005522392
0.002131168
0.004024843
0.006109992
0.008168422
0.01000063
0.01148838
0.01273225
0.01386436
0.01478565
0.01539184
0.01575322
0.01585894
0.01573243
0.01539287
0.01480209
0.014096
0.01346105
0.01306631
0.01284966
0.0126496
0.01250096
0.01248938
0.01259229
0.0127115
0.012895
0.01312097
0.01320271
0.01317015
0.01292099
0.01227685
0.01140466
0.01045681
0.009445162
0.008447721
0.007560954
0.006678885
0.005744316
0.004705526
0.003496495
0.002147155
0.0007401703
-0.0005469372
-0.001720796
-0.002916072
-0.004236404
-0.005620828
-0.006926094
-0.008101497
-0.009167335
-0.01031182
-0.01154195
-0.0127459
-0.01395853
-0.01511903
-0.01612125
-0.01693754
-0.01753798
-0.01785765
-0.01787648
-0.01756093
-0.01686598
-0.01594312
-0.01503821
-0.01409325
-0.01309654
-0.01209858
-0.0110873
-0.01023439
-0.009520959
-0.0089759
-0.008627346
-0.008331379
-0.008193084
-0.008249269
-0.008326265
-0.008393249
-0.008582228
-0.008932201
-0.009420178
-0.009991349
-0.01051877
-0.01095566
-0.01135993
-0.01179045
-0.0120548
-0.01200141
-0.01161803
-0.0109138
-0.01002237
-0.008939755
-0.007745027
-0.006504438
-0.00526493
-0.004116076
-0.003049288
-0.002204706
-0.001391358
-0.0004167202
0.0006573499
0.001868074
0.003203619
0.0045523
0.005857926
0.007155582
0.00820994
0.008942677
0.009448923
0.009728806
0.009851249
0.009764835
0.009595175
0.009478064
0.009364247
0.009304113
0.009225455
0.009167948
0.009274429
0.009554467
0.009895813
0.01008112
0.01017348
0.01020248
0.01016501
0.01020374
0.01009353
0.009692645
0.00913358
0.008271661
0.007113169
0.005816304
0.004377142
0.002817319
0.001244116
-0.0001341836
-0.001309569
-0.00232379
-0.003308168
-0.004270135
-0.004904597
-0.005231092
-0.005490413
-0.005826831
-0.006127624
-0.006319672
-0.006548192
-0.006862485
-0.007284371
-0.00767993
-0.008002408
-0.008414962
-0.008887887
-0.009299798
-0.009668958
-0.01002077
-0.01023601
-0.01040357
-0.01060961
-0.01066478
-0.01050859
-0.01028522
-0.01002675
-0.009716697
-0.009411675
-0.009025146
-0.008564467
-0.008086126
-0.007634803
-0.007377575
-0.007307609
-0.007304817
-0.00737905
-0.007553893
-0.007628192
-0.007380444
-0.00679963
-0.005929249
-0.004968237
-0.004078745
-0.003384072
-0.003074937
-0.002969076
-0.003074774
-0.003512024
-0.004052864
-0.004482734
-0.004589195
-0.004203426
-0.00336243
-0.002253266
-0.0009960547
0.0004194766
0.001930498
0.003280088
0.004293236
0.005034221
0.005662988
0.006185071
0.006575972
0.006923932
0.007370618
0.007982131
0.008558753
0.009055725
0.009540453
0.009949245
0.01029037
0.0104865
0.01053097
0.01055938
0.01062389
0.01077709
0.01107378
0.01142853
0.01171414
0.01182258
0.01170034
0.01138544
0.01098666
0.01061581
0.0102737
0.01000246
0.009893422
0.009953202
0.01018774
0.01051202
0.01072304
0.01081069
0.01080203
0.01074451
0.01075712
0.01081791
0.0107732
0.01057865
0.01022039
0.009692069
0.009157238
0.008568345
0.007910206
0.007305313
0.006682593
0.005931284
0.004972829
0.003810917
0.002568544
0.001351626
0.000216104
-0.0007602428
-0.001543289
-0.002158103
-0.002754027
-0.003333445
-0.003689063
-0.003813854
-0.003789578
-0.003744193
-0.003869921
-0.004230322
-0.004672571
-0.005073888
-0.005343942
-0.005467149
-0.005470124
-0.005318928
-0.00500747
-0.004433144
-0.003695545
-0.002922404
-0.002221581
-0.001789816
-0.001454055
-0.001034429
-0.0006169456
-0.0002788696
-5.19351e-05
2.143237e-05
-0.0001765719
-0.0006682344
-0.001282743
-0.001815544
-0.002276386
-0.002788315
-0.003444731
-0.004185146
-0.004811201
-0.005298962
-0.005623411
-0.005827916
-0.00608292
-0.006315895
-0.006410678
-0.006351302
-0.006136079
-0.0058403
-0.00543571
-0.004915848
-0.00427229
-0.003477848
-0.002737176
-0.002088353
-0.001319142
-0.000423823
0.0004052683
0.001007122
0.001412387
0.001689296
0.001845853
0.002014832
0.002131829
0.002167795
0.002162885
0.001915563
0.001427887
0.0006627122
-0.0003903258
-0.001410183
-0.002396757
-0.003427129
-0.004275375
-0.004855606
-0.005217391
-0.005439852
-0.005679514
-0.00605686
-0.006546913
-0.007191616
-0.007951089
-0.008662343
-0.009379227
-0.01009513
-0.0107861
-0.0115876
-0.01247472
-0.01339758
-0.01434714
-0.01523793
-0.01599282
-0.01655888
-0.01696346
-0.01714097
-0.01709921
-0.01688534
-0.01648606
-0.01597275
-0.01530752
-0.01463063
-0.01410508
-0.01360516
-0.01320516
-0.01300955
-0.01290454
-0.01291253
-0.01302733
-0.0132781
-0.01366446
-0.01403622
-0.01441678
-0.0146249
-0.01448213
-0.01410503
-0.01353659
-0.01288468
-0.01224786
-0.01154159
-0.01076627
-0.00990588
-0.008893674
-0.00782328
-0.006687044
-0.005416497
-0.004126156
-0.003026955
-0.002136886
-0.001267714
-0.0003010125
0.0008649431
0.002161701
0.003422732
0.004624899
0.005650428
0.006467675
0.007120508
0.007620507
0.00799205
0.008269107
0.008541024
0.008886359
0.009332057
0.009808106
0.01028641
0.01080104
0.0112988
0.01170534
0.01206555
0.01236534
0.01256448
0.01265263
0.01247314
0.01202195
0.01150998
0.01086813
0.0101151
0.009506045
0.008981306
0.008447824
0.00805218
0.007805571
0.007639045
0.007528512
0.007399654
0.007243463
0.00705606
0.006798435
0.006479271
0.006208598
0.006001528
0.005812151
0.005669961
0.005513367
0.005313492
0.005123787
0.004892674
0.004578778
0.004180714
0.003715772
0.003247711
0.002826231
0.002551055
0.002500819
0.002646301
0.002861693
0.002980135
0.002879726
0.002609184
0.002238514
0.001776052
0.001382796
0.001042352
0.0005957799
9.566102e-05
-0.0004503552
-0.0009902267
-0.001404983
-0.001780161
-0.00206345
-0.002168658
-0.002202647
-0.002062724
-0.001662398
-0.001041241
-0.0001966703
0.0007575703
0.001762699
0.002748125
0.003676775
0.004653826
0.005654862
0.00672647
0.007912236
0.009112356
0.01023888
0.01127614
0.01214573
0.01271691
0.01298559
0.01305418
0.01304135
0.01297963
0.01285452
0.01255734
0.01210271
0.01161749
0.01104788
0.01035268
0.009640482
0.008919407
0.008137017
0.007281665
0.006241859
0.005091184
0.004065371
0.003135926
0.002370684
0.001828918
0.001399191
0.001141093
0.001076006
0.001180637
0.001558824
0.002265605
0.003172991
0.004037598
0.004681431
0.005185367
0.005656171
0.006098726
0.006420869
0.006560591
0.006479901
0.006142326
0.0056497
0.005139332
0.004692166
0.004198708
0.003578925
0.002789132
0.001818628
0.0008388385
-4.783447e-05
-0.0008492656
-0.001504773
-0.00193845
-0.002290345
-0.002749659
-0.003150843
-0.003158732
-0.002773504
-0.002260064
-0.001849569
-0.001657994
-0.001647099
-0.001692038
-0.00169942
-0.001661953
-0.001624313
-0.001633542
-0.001668599
-0.001644736
-0.001593267
-0.001599598
-0.001612496
-0.001614883
-0.001678267
-0.001734605
-0.001861644
-0.002180922
-0.002515272
-0.002898936
-0.003412968
-0.003924231
-0.004334551
-0.004544337
-0.004607553
-0.004626963
-0.004617638
-0.004604943
-0.004543405
-0.004417083
-0.004319488
-0.004350137
-0.004533678
-0.004875101
-0.005408236
-0.006108305
-0.00694504
-0.007867978
-0.008730764
-0.009468732
-0.01002561
-0.01037169
-0.01065973
-0.01089899
-0.01110646
-0.01129431
-0.01140005
-0.01155828
-0.01184875
-0.01222279
-0.01251443
-0.01254295
-0.01239868
-0.0121704
-0.01172039
-0.01100033
-0.01010549
-0.009188062
-0.008349781
-0.007683109
-0.007249073
-0.006980838
-0.006819714
-0.006668281
-0.006546674
-0.006570452
-0.006708523
-0.006902028
-0.007228634
-0.007632545
-0.007995527
-0.008484516
-0.009073857
-0.009615203
-0.0101024
-0.0103894
-0.01046683
-0.01031655
-0.009917319
-0.009405442
-0.00866318
-0.007674208
-0.006480755
-0.00503223
-0.003440884
-0.001695517
6.183845e-05
0.001656936
0.002977778
0.003757193
0.004042807
0.003991422
0.003695021
0.00327768
0.002809366
0.00228776
0.001872803
0.001824434
0.002194904
0.002888585
0.003754707
0.004849469
0.006090149
0.007226563
0.008277608
0.009249793
0.009986399
0.01047559
0.01093977
0.01136319
0.01161352
0.01169741
0.01166654
0.01168429
0.01176123
0.01173413
0.0116075
0.01143575
0.01129247
0.01128659
0.01128721
0.01125477
0.01120266
0.01102553
0.01077645
0.0104704
0.01005659
0.009558111
0.008971659
0.008344028
0.007780133
0.007351466
0.007204497
0.007355335
0.007579976
0.007716108
0.007735824
0.007659236
0.007573263
0.007484236
0.007347631
0.0072477
0.007204613
0.007234032
0.007295416
0.007250727
0.007114831
0.006917703
0.006643361
0.006293087
0.005820955
0.005211693
0.004558993
0.003922006
0.003245435
0.002527248
0.001889986
0.00140334
0.001064122
0.0008741674
0.0008162984
0.0008996078
0.001070387
0.001281511
0.001652044
0.002141696
0.002632226
0.003151376
0.003614886
0.003981217
0.004186837
0.004138313
0.003980006
0.003745158
0.0033873
0.00301001
0.002634991
0.002288693
0.002063408
0.001967039
0.001996771
0.002098304
0.002155597
0.002221572
0.002430526
0.002703867
0.002911729
0.002921452
0.002706843
0.002362131
0.001898528
0.001383255
0.0009351984
0.0005934472
0.0002764292
-0.000100233
-0.0005218801
-0.0009022701
-0.001210485
-0.001585923
-0.00229444
-0.003397896
-0.004576739
-0.005608485
-0.006478958
-0.007248353
-0.008034214
-0.008701107
-0.009119292
-0.009342497
-0.009386004
-0.00929522
-0.009032691
-0.008598039
-0.008130227
-0.00752022
-0.006667887
-0.005718543
-0.004835678
-0.00415693
-0.003826585
-0.003833656
-0.00401934
-0.004301683
-0.00464318
-0.005068982
-0.005564639
-0.005937241
-0.005834003
-0.005223692
-0.004472472
-0.003698096
-0.002773104
-0.001839525
-0.001009452
-0.0001908386
0.0005096284
0.001030874
0.001373947
0.001455534
0.001261343
0.0007933317
4.15917e-05
-0.0009725778
-0.002126879
-0.003216069
-0.004252365
-0.005296643
-0.006285767
-0.007160643
-0.007877511
-0.008474539
-0.008945724
-0.009272568
-0.009444117
-0.0094815
-0.009477217
-0.009440226
-0.009387907
-0.009304388
-0.009154808
-0.008969934
-0.008614622
-0.008131381
-0.007489189
-0.006453564
-0.005265433
-0.004050909
-0.00297052
-0.002260323
-0.001600519
-0.0008111499
5.747198e-07
0.0008604407
0.001894308
0.003064304
0.004209431
0.005441619
0.006709652
0.007940972
0.009333802
0.01062154
0.01158133
0.01231941
0.01282883
0.01304626
0.01302166
0.01294521
0.01275641
0.01236955
0.0118959
0.01130569
0.01063361
0.009955242
0.009245612
0.008557853
0.007953268
0.007472126
0.006957767
0.006365131
0.005818368
0.005271471
0.004720725
0.004153609
0.003585987
0.003087828
0.002608916
0.002138659
0.001746899
0.001448322
0.00119381
0.0009923436
0.0007556035
0.0003613982
-0.0001144781
-0.0007449705
-0.001517842
-0.0022938
-0.003087329
-0.003943472
-0.004803619
-0.005458262
-0.0058044
-0.005859791
-0.005620973
-0.00502349
-0.004132474
-0.003044834
-0.001935862
-0.0009561365
5.398488e-05
0.001075549
0.002046885
0.003071826
0.004078453
0.004904238
0.005408843
0.005592303
0.005469082
0.005200833
0.005003875
0.00471311
0.004391341
0.004145167
0.003864848
0.003600316
0.003340184
0.003012068
0.002732984
0.002532461
0.002284601
0.001857078
0.001235549
0.0005792161
-0.0001628038
-0.0008958239
-0.001457995
-0.002059575
-0.002736904
-0.003336796
-0.003788401
-0.003997837
-0.004060821
-0.004029509
-0.003869678
-0.00363292
-0.003187132
-0.002532721
-0.001745383
-0.0008067032
0.0002318046
0.001275561
0.002221078
0.003123924
0.004012713
0.00471222
0.005200859
0.005518094
0.005554652
0.005450265
0.005302047
0.004913155
0.004342478
0.00368019
0.002868653
0.002055465
0.001273311
0.0004145632
-0.0004561633
-0.001415577
-0.002500275
-0.003579643
-0.004619687
-0.00547632
-0.005831068
-0.005520906
-0.004597568
-0.003161546
-0.001521132
8.959096e-05
0.00168229
0.003164325
0.004293754
0.004922358
0.005078696
0.004812914
0.004221341
0.003377394
0.002343363
0.001287306
0.000232259
-0.0008595443
-0.001948431
-0.003085504
-0.004263364
-0.00536025
-0.006193037
-0.006639628
-0.006740389
-0.006606684
-0.006323017
-0.005695344
-0.004615704
-0.003363373
-0.002021878
-0.0007106625
0.0003011787
0.001029751
0.001524113
0.001723149
0.001653446
0.001471308
0.001196526
0.0007394322
0.0003022063
-6.629526e-05
-0.0005360455
-0.0009723797
-0.00132667
-0.001584825
-0.001736841
-0.001847118
-0.001849394
-0.00171589
-0.001483774
-0.001172297
-0.0007564156
-0.0002422407
0.0002691495
0.0008099246
0.001423102
0.002047911
0.002592534
0.002893292
0.003006204
0.003052737
0.003020976
0.002785823
0.002415431
0.001998556
0.001384537
0.0006362914
-0.0001952608
-0.001114191
-0.001919248
-0.002508457
-0.002897262
-0.002999149
-0.002772568
-0.002330577
-0.00179586
-0.001157383
-0.0004863657
9.07123e-05
0.0004984749
0.0006890062
0.0005609419
0.0001810146
-0.0002700714
-0.0008523764
-0.001521922
-0.002036855
-0.002155957
-0.001865831
-0.001244027
-0.0003029358
0.0008875046
0.002155886
0.003473297
0.00474021
0.005701436
0.006396404
0.006931489
0.007347255
0.007648618
0.007832214
0.007979759
0.008161803
0.008252808
0.008347459
0.00857663
0.008661026
0.008545198
0.008199471
0.007527776
0.006644085
0.005633872
0.004509845
0.003259739
0.002021393
0.0007988085
-0.0004247417
-0.001535528
-0.002574182
-0.003374794
-0.003884703
-0.004193384
-0.004325014
-0.004407752
-0.004415623
-0.004218438
-0.003818715
-0.003470431
-0.003194681
-0.002843375
-0.002588621
-0.002454702
-0.002376892
-0.00237264
-0.002373313
-0.002565625
-0.002964848
-0.003305093
-0.00365311
-0.004096954
-0.004608644
-0.00501323
-0.005204197
-0.00529049
-0.005152142
-0.004762725
-0.004153463
-0.003447325
-0.002957418
-0.002641706
-0.002362753
-0.002203744
-0.00207124
-0.00172201
-0.001124509
-0.0005309411
-6.159255e-05
0.0004013251
0.0008270616
0.001175551
0.001575584
0.001986637
0.001953999
0.001521293
0.001095493
0.0007010825
0.0004877844
0.0006454093
0.001135451
0.001862418
0.002735306
0.003732091
0.004738047
0.005681706
0.006597933
0.007305763
0.007655667
0.007755823
0.007617571
0.007163258
0.006549991
0.005733278
0.004749799
0.003836394
0.002998414
0.002279267
0.001635844
0.001013729
0.0004486341
-0.0001021927
-0.0005359429
-0.0007235572
-0.0006837917
-0.0003282289
0.0004177615
0.0015027
0.00284239
0.004241242
0.005599414
0.006859253
0.007884214
0.00873309
0.009343922
0.009636419
0.009720325
0.009618819
0.009257704
0.008664874
0.007993127
0.007256338
0.00650935
0.005776394
0.004986557
0.004168612
0.003310465
0.002514678
0.001892198
0.001284518
0.0006320011
-6.822929e-05
-0.0008675558
-0.001625503
-0.002193657
-0.002662493
-0.003114709
-0.003664642
-0.004385173
-0.005069852
-0.005625603
-0.005987231
-0.006264063
-0.006638984
-0.006957014
-0.007228295
-0.007414034
-0.007540742
-0.007956845
-0.008533158
-0.009119298
-0.009742761
-0.01026482
-0.01073819
-0.01125762
-0.01164524
-0.01170089
-0.01153046
-0.01131611
-0.01124054
-0.01141655
-0.01178385
-0.01209584
-0.01225412
-0.01232048
-0.0122462
-0.01216147
-0.01205945
-0.01194428
-0.01174034
-0.01118988
-0.01045715
-0.009718971
-0.008951923
-0.008224816
-0.007599673
-0.00704617
-0.006583429
-0.00623335
-0.005891639
-0.005477488
-0.005012689
-0.004478599
-0.003848835
-0.003196666
-0.002648204
-0.002093751
-0.001505028
-0.001056728
-0.000776855
-0.0006360128
-0.0006383859
-0.0007849776
-0.0009218611
-0.0009522269
-0.0008601469
-0.0006064699
-0.0001640916
0.0003972581
0.0009970733
0.001779041
0.002830369
0.004077158
0.005539968
0.007027272
0.008330163
0.009587672
0.01072693
0.01168499
0.01244482
0.01291539
0.01319518
0.01322321
0.01304146
0.01279167
0.01248611
0.01219998
0.01186817
0.01131862
0.01058572
0.009812956
0.008985335
0.008153471
0.00731778
0.006476293
0.005711872
0.00503943
0.004525488
0.004168423
0.004004919
0.004052486
0.004208441
0.004410957
0.004711527
0.00516048
0.005610378
0.005859779
0.005865514
0.00563448
0.005206151
0.004674401
0.004115953
0.003620039
0.003206933
0.00283049
0.002548553
0.002488392
0.00265249
0.002969808
0.003415861
0.003936834
0.004368369
0.004651803
0.004806025
0.004782417
0.004603604
0.004272094
0.00370454
0.002912012
0.002004443
0.001021555
0.0001045749
-0.0006644064
-0.001334746
-0.001904672
-0.002388293
-0.002710249
-0.002877926
-0.003031795
-0.003162891
-0.003231304
-0.00322185
-0.003090801
-0.002872661
-0.002553032
-0.002140285
-0.001723525
-0.001351651
-0.0009708444
-0.0005748505
-0.0001768537
0.0002381546
0.0006549847
0.001098468
0.001382134
0.001367006
0.001137103
0.0007735518
0.0003168144
-0.0002196268
-0.0007522524
-0.001218922
-0.001621684
-0.001904328
-0.002068392
-0.002149485
-0.002057739
-0.001749274
-0.001209518
-0.0005120878
0.0002526922
0.000940598
0.00141698
0.001870446
0.002267423
0.002424256
0.00240729
0.002299662
0.002152957
0.002017651
0.001891297
0.001609673
0.001112192
0.0005748807
3.431292e-05
-0.0005532439
-0.001148473
-0.00176189
-0.0023954
-0.002952222
-0.00330793
-0.003437172
-0.00346697
-0.003418799
-0.00318514
-0.002738153
-0.002061002
-0.001222121
-0.0003325911
0.0005130096
0.001281853
0.001995393
0.002535202
0.002848588
0.002970615
0.00291567
0.002650957
0.002121437
0.001420481
0.0006550282
-0.0001203612
-0.0009587549
-0.001862602
-0.002677314
-0.003413403
-0.0041938
-0.005029602
-0.005818184
-0.006518544
-0.007146399
-0.007778193
-0.008498894
-0.00916765
-0.009727252
-0.01030378
-0.01086993
-0.01138435
-0.01189173
-0.01230407
-0.01248502
-0.01238956
-0.01199013
-0.01134453
-0.01048462
-0.009449677
-0.008414805
-0.007401661
-0.00640559
-0.00555389
-0.004912324
-0.004508796
-0.004384662
-0.004450357
-0.004623722
-0.004957849
-0.005379274
-0.005683104
-0.005831365
-0.005962461
-0.006062206
-0.006137964
-0.006244719
-0.006237815
-0.006057252
-0.005679406
-0.005021075
-0.004234057
-0.003457496
-0.002625547
-0.001734681
-0.000757282
0.0004076955
0.001703003
0.002948398
0.003990774
0.004788928
0.005443156
0.005973818
0.006381806
0.006687652
0.006876441
0.006978726
0.007052846
0.007256449
0.007622879
0.00803776
0.008417448
0.008682148
0.00891702
0.009133718
0.009242994
0.009219561
0.0089924
0.008671926
0.00822424
0.007588153
0.00693506
0.006354529
0.005876286
0.005367355
0.004770791
0.004175297
0.003604847
0.003022867
0.002328389
0.001553026
0.0008031348
0.0001653502
-0.0002770083
-0.000523952
-0.0005849658
-0.0005062996
-0.0002821448
0.0001372127
0.0007111073
0.00125674
0.001564464
0.001641212
0.00154545
0.001319789
0.000984068
0.0005953967
0.0003227655
0.0002085479
0.0002429122
0.0005365136
0.00110062
0.001799331
0.002400367
0.002682716
0.002716689
0.002645839
0.002556295
0.002560846
0.002682552
0.002791958
0.002828235
0.002944791
0.003198698
0.003555926
0.003861821
0.003957571
0.003900589
0.003718403
0.003387794
0.002982419
0.002599635
0.002119089
0.001422206
0.0006256706
-7.767905e-05
-0.0006491654
-0.001133833
-0.001546919
-0.001827051
-0.001903999
-0.001888345
-0.001902566
-0.002084818
-0.002467864
-0.002890193
-0.003178472
-0.00332831
-0.003515996
-0.003781131
-0.004026559
-0.004193908
-0.0042758
-0.004377866
-0.00460235
-0.004917053
-0.005276814
-0.005697551
-0.006181536
-0.006779498
-0.007440413
-0.007977515
-0.008369468
-0.00862516
-0.008735665
-0.008763299
-0.008768556
-0.008777045
-0.008742047
-0.008616502
-0.008373339
-0.007968513
-0.007317368
-0.006256884
-0.004911888
-0.003564613
-0.002252276
-0.0009693799
0.0002632786
0.001406893
0.002413098
0.003199803
0.003701066
0.004006745
0.004233825
0.004476761
0.004765833
0.005067485
0.005341324
0.005479687
0.005564076
0.005773318
0.006064321
0.006284869
0.006204573
0.00587835
0.005568667
0.005305041
0.005008317
0.004648668
0.004410495
0.004332099
0.004245238
0.004166474
0.004109432
0.004001642
0.003807078
0.003538678
0.003257423
0.002958018
0.002580813
0.00217345
0.001859658
0.001667586
0.001486078
0.001219624
0.0008586979
0.0003769374
-0.0002873509
-0.001118953
-0.002043411
-0.002951302
-0.003718298
-0.004398472
-0.005060785
-0.005562258
-0.005792482
-0.005869823
-0.005951065
-0.006016528
-0.005969454
-0.005806234
-0.005543905
-0.005284655
-0.005120275
-0.004958698
-0.004741475
-0.004389983
-0.003969992
-0.003581361
-0.003107295
-0.002549686
-0.001945267
-0.001380317
-0.001040503
-0.0009719289
-0.001162517
-0.001564471
-0.001972146
-0.002200396
-0.002233526
-0.002041965
-0.00165605
-0.001261335
-0.0009318346
-0.0007053785
-0.0005709649
-0.0003338432
1.125339e-05
0.0003476225
0.0007636372
0.001150463
0.001302201
0.001331242
0.001289048
0.001147371
0.0008857198
0.000469108
-5.561314e-05
-0.0006163848
-0.001170742
-0.001736061
-0.002334369
-0.002884465
-0.003221803
-0.003378419
-0.003490518
-0.003635045
-0.00382923
-0.00401911
-0.004187148
-0.004378343
-0.004574277
-0.004596471
-0.004335201
-0.00386987
-0.003373712
-0.002849202
-0.002157999
-0.001346089
-0.0004334542
0.0006188742
0.001641408
0.002493274
0.003240931
0.003857351
0.004336684
0.004765946
0.005149345
0.0055132
0.00579255
0.005900044
0.005912888
0.005912797
0.005909683
0.005928148
0.005915525
0.005799248
0.005558905
0.005204402
0.00482525
0.004457144
0.004092497
0.003751867
0.003385391
0.00291451
0.002388405
0.001897633
0.001438648
0.0009763587
0.0004890464
1.656971e-05
-0.0004131309
-0.0008698867
-0.001343427
-0.001721905
-0.001958467
-0.002066685
-0.002028795
-0.001856414
-0.001597629
-0.001307278
-0.001046932
-0.000911598
-0.0009644485
-0.001262067
-0.001892011
-0.002736375
-0.003554132
-0.004213578
-0.004793177
-0.005460183
-0.00625713
-0.007018407
-0.007513112
-0.007664696
-0.007546215
-0.007205093
-0.006508016
-0.005449351
-0.004253516
-0.003081802
-0.001987009
-0.001004413
-0.000187371
0.0004718531
0.001054839
0.001647015
0.002220742
0.002688833
0.003095056
0.003508128
0.003970428
0.004407589
0.004562521
0.004395397
0.003972913
0.003218793
0.002157419
0.0009871396
-0.0001059834
-0.001073832
-0.001864908
-0.002440303
-0.002819301
-0.003030557
-0.003197332
-0.003408351
-0.003616779
-0.003775324
-0.003857983
-0.003904398
-0.003870782
-0.003673813
-0.003406638
-0.003182868
-0.003042894
-0.002958195
-0.00285589
-0.002644616
-0.002388566
-0.00219372
-0.002024831
-0.001860306
-0.001604687
-0.001166859
-0.000570145
0.0001645843
0.0009770984
0.001859057
0.002850595
0.003917777
0.005041625
0.006212172
0.00737832
0.008565564
0.009803263
0.01102859
0.01214516
0.01317509
0.0142345
0.01522546
0.01602114
0.01658967
0.01684789
0.01687038
0.01682383
0.01662635
0.01612894
0.0153196
0.01425269
0.01311375
0.01208348
0.01115212
0.01017609
0.009021941
0.00774827
0.006445449
0.005127648
0.003828576
0.002566236
0.001401846
0.0003013582
-0.0006749442
-0.001393181
-0.002009181
-0.00265381
-0.003301878
-0.00390834
-0.004563305
-0.005363028
-0.006194304
-0.006872957
-0.007347198
-0.007769178
-0.008284097
-0.008921537
-0.009543611
-0.01005699
-0.01055528
-0.01107219
-0.01155806
-0.01198168
-0.01240483
-0.01284416
-0.01314842
-0.01324429
-0.01321702
-0.01313087
-0.01291011
-0.01244424
-0.01173203
-0.0108396
-0.009935604
-0.009084064
-0.008239645
-0.007408192
-0.006574223
-0.005800659
-0.00510169
-0.004349676
-0.003569356
-0.0028465
-0.002080251
-0.001271501
-0.0005164174
0.0001353633
0.00066386
0.001037242
0.001254102
0.001398017
0.00152403
0.001710835
0.001928953
0.002032114
0.001988877
0.001843182
0.001673376
0.001546356
0.001483184
0.001503143
0.001529525
0.001518619
0.00149292
0.001479375
0.001467263
0.001437349
0.001408415
0.001347788
0.001384489
0.001665907
0.002145601
0.002728094
0.003376242
0.004095664
0.004816595
0.005441376
0.005850261
0.006030116
0.006064783
0.005968126
0.005816051
0.005637049
0.005479624
0.00544673
0.005430984
0.005300488
0.004965991
0.004466309
0.003970305
0.003478477
0.002894481
0.002187709
0.001464062
0.0008492914
0.0003158736
-0.0001459962
-0.0004821667
-0.000677971
-0.0007050955
-0.0006250789
-0.0005552604
-0.0005340566
-0.0005380983
-0.0005674293
-0.0006462839
-0.0007358839
-0.0008620853
-0.001039841
-0.001211889
-0.00146019
-0.001919192
-0.002518131
-0.003114423
-0.003652773
-0.004098372
-0.004581392
-0.005206541
-0.005779845
-0.006076662
-0.00608316
-0.005979666
-0.005941885
-0.005915354
-0.005693296
-0.005184835
-0.004484603
-0.003822508
-0.003308831
-0.002760142
-0.002061302
-0.001315121
-0.0007591779
-0.0005547899
-0.0006244849
-0.0009003135
-0.001415499
-0.002085421
-0.002662167
-0.003025411
-0.003225216
-0.003338185
-0.003418743
-0.003415529
-0.003331063
-0.003264724
-0.003242869
-0.003234313
-0.003134488
-0.002992659
-0.002900097
-0.002749808
-0.002498478
-0.002036911
-0.001250477
-0.0002117231
0.001033265
0.002400413
0.003780964
0.004988769
0.005801188
0.006181827
0.00611732
0.00575853
0.005289176
0.004705857
0.004016873
0.003297307
0.002753076
0.002484369
0.002431338
0.002540671
0.002796982
0.003242323
0.003840672
0.004394794
0.004667848
0.004691739
0.004615233
0.004533031
0.004584287
0.004757754
0.005023744
0.005346391
0.005672685
0.005990851
0.006124673
0.005999188
0.005711393
0.00542531
0.005303641
0.005337019
0.005362079
0.005282988
0.005073237
0.00469174
0.00430546
0.004063025
0.003899594
0.00371259
0.003517297
0.003379973
0.003258198
0.003098264
0.002827185
0.002301726
0.001435988
0.0003033586
-0.0009461741
-0.002178349
-0.003337125
-0.004451754
-0.005510283
-0.006385846
-0.006902753
-0.006948501
-0.006488458
-0.005632518
-0.004670179
-0.003918989
-0.003373624
-0.002791044
-0.002037339
-0.001207651
-0.0005273734
-8.062417e-05
0.0001379605
0.0001889241
3.174198e-05
-0.0003580861
-0.0008740891
-0.001500811
-0.002178394
-0.002809993
-0.003362867
-0.003962315
-0.004736807
-0.005588783
-0.006432238
-0.007232436
-0.00784369
-0.008175621
-0.0082767
-0.008137074
-0.007733057
-0.00711534
-0.006492129
-0.006036134
-0.005655232
-0.005266149
-0.004866103
-0.004492564
-0.004178307
-0.003894006
-0.00358374
-0.003252923
-0.002937594
-0.002682092
-0.002610648
-0.002739173
-0.00294632
-0.003128724
-0.003240411
-0.003255527
-0.003226116
-0.003203649
-0.003166459
-0.003072475
-0.002896752
-0.002836016
-0.002961684
-0.003182604
-0.003412844
-0.003467615
-0.003335316
-0.002966094
-0.002316027
-0.001491282
-0.0006068107
0.0002086465
0.0009277651
0.001597271
0.002234012
0.002753476
0.003121034
0.003477119
0.003859259
0.004104386
0.004171177
0.004145373
0.004120557
0.004105218
0.004008564
0.003785862
0.00345447
0.003059561
0.002597235
0.002026462
0.001272057
0.0002806979
-0.0008694607
-0.00204721
-0.003099481
-0.004021739
-0.00486327
-0.005524214
-0.005920392
-0.006025027
-0.005978534
-0.005831403
-0.005444327
-0.004876044
-0.004372915
-0.003955391
-0.003414282
-0.002704832
-0.001926694
-0.001252064
-0.0007890719
-0.0003986904
1.387249e-06
0.0003526511
0.0006307994
0.0007095273
0.0005644251
0.0002680519
-0.0001782119
-0.0006065102
-0.0008735248
-0.001017532
-0.001084135
-0.001084346
-0.001026695
-0.0009056532
-0.0006450844
-0.00015544
0.0005632035
0.00149716
0.002523386
0.003452164
0.00428781
0.005077975
0.005767171
0.006316246
0.006641602
0.006680982
0.006590789
0.006433076
0.006120084
0.005620967
0.00490346
0.00391417
0.002703144
0.0014915
0.0004430502
-0.0004410046
-0.001213466
-0.001905001
-0.002437553
-0.002769862
-0.002919819
-0.002832456
-0.002575182
-0.002269045
-0.001918407
-0.001520245
-0.001090038
-0.0007038834
-0.0003743139
-1.325899e-05
0.0002460123
0.0003060982
0.0003245174
0.0003580819
0.0003891088
0.0004270914
0.000454972
0.0004753172
0.0004984322
0.0005692105
0.0008151351
0.001259524
0.001741785
0.002174219
0.002613784
0.003094518
0.003556444
0.003890849
0.004101441
0.00420795
0.004218766
0.004228202
0.004189345
0.004035347
0.003830512
0.003579152
0.003296508
0.003013205
0.002622751
0.002070807
0.001440094
0.0008043178
0.0001376449
-0.0005528511
-0.001257485
-0.002011304
-0.002717525
-0.003261372
-0.003583493
-0.003711305
-0.003692747
-0.003540427
-0.003375345
-0.003261773
-0.003192405
-0.003253802
-0.003419194
-0.003622954
-0.003828245
-0.003946819
-0.003979251
-0.003959727
-0.003916956
-0.003799252
-0.003413663
-0.002705071
-0.001783926
-0.0007958614
0.000158463
0.001102243
0.001999267
0.002811878
0.00362636
0.004417891
0.005122334
0.005771405
0.006302189
0.006669285
0.006865414
0.006872359
0.006660768
0.00617257
0.005408175
0.004371658
0.003153084
0.00192347
0.0007249754
-0.0004887132
-0.001606721
-0.002477252
-0.003132344
-0.003659816
-0.004097074
-0.004506785
-0.004930446
-0.005330287
-0.005624492
-0.005647151
-0.005304997
-0.004710259
-0.004116592
-0.003666808
-0.00324819
-0.002757172
-0.002227122
-0.001781095
-0.001554604
-0.001633996
-0.001914445
-0.002158781
-0.002323386
-0.002541628
-0.002843717
-0.003132129
-0.003315757
-0.003347179
-0.003316021
-0.003305018
-0.003312687
-0.003300939
-0.003154965
-0.002914292
-0.002711181
-0.002543384
-0.002345291
-0.00202782
-0.001545564
-0.0009302572
-0.0002471271
0.0005115983
0.001453692
0.002586741
0.003810659
0.005016058
0.006112554
0.007011626
0.007669645
0.008106266
0.008291088
0.008268098
0.008083737
0.007718742
0.007264204
0.00693029
0.006804389
0.006762532
0.006730415
0.006714357
0.006636524
0.006326753
0.00584742
0.005417613
0.005091677
0.004799909
0.004486969
0.004157868
0.003707643
0.003014088
0.002102742
0.001047137
-0.000175481
-0.001559706
-0.00290395
-0.004074615
-0.005160546
-0.006140164
-0.00676912
-0.006997256
-0.006956073
-0.006729154
-0.006337098
-0.005761972
-0.005102077
-0.004508593
-0.004102384
-0.00386187
-0.003627652
-0.003283867
-0.002766079
-0.002168457
-0.001504432
-0.0006972536
0.000153168
0.0008810276
0.001334538
0.001482759
0.001326388
0.000869876
0.0001936626
-0.0005769242
-0.001317862
-0.001908658
-0.00227627
-0.002435258
-0.002379467
-0.002070253
-0.001490696
-0.0007056882
0.0001729295
0.001091264
0.00202989
0.002989701
0.003914867
0.004656874
0.005118432
0.005340706
0.005492918
0.005659412
0.005813913
0.005921009
0.005951941
0.005888185
0.005717537
0.005550166
0.005476265
0.005546282
0.005783426
0.006045218
0.006238068
0.006420141
0.006662433
0.00701657
0.007457038
0.007820004
0.007956844
0.007872311
0.007567663
0.007113822
0.006674066
0.006260333
0.005859683
0.005440704
0.004899165
0.004187045
0.003390186
0.002544876
0.00157573
0.0005537616
-0.0004764228
-0.001547111
-0.002484024
-0.003130484
-0.003515502
-0.003707546
-0.003807796
-0.003877298
-0.003919799
-0.003911587
-0.003781013
-0.003450756
-0.002938172
-0.00240254
-0.001945261
-0.001513747
-0.001143065
-0.000938944
-0.000887138
-0.0008834979
-0.0009223621
-0.001154603
-0.001590403
-0.002111202
-0.002633131
-0.003072426
-0.003408633
-0.003677128
-0.003955205
-0.004357125
-0.004927225
-0.005463892
-0.005652859
-0.00535429
-0.004647091
-0.003803655
-0.002932356
-0.001886357
-0.0005889976
0.0008175009
0.00212716
0.003301964
0.004296853
0.005007926
0.005477769
0.005927751
0.006403598
0.006703856
0.00669658
0.006342426
0.005855788
0.005576655
0.005563928
0.005657948
0.005710251
0.005689988
0.005621255
0.005572912
0.005645912
0.00587103
0.006211811
0.006567279
0.006771366
0.006774821
0.00662337
0.00628569
0.005817279
0.005305084
0.004672872
0.003856603
0.002912744
0.00200277
0.00123445
0.0005706916
-1.362998e-05
-0.0005928914
-0.001295436
-0.002156561
-0.003046001
-0.003799325
-0.004458612
-0.005122598
-0.00577675
-0.006392739
-0.006928493
-0.007408214
-0.007887655
-0.008257665
-0.008431751
-0.008465312
-0.008444656
-0.008382772
-0.008185297
-0.007778867
-0.007198018
-0.006598323
-0.006092315
-0.00565295
-0.005223227
-0.004798686
-0.004450312
-0.004261808
-0.004311939
-0.004486878
-0.004500058
-0.004314665
-0.004044791
-0.003829987
-0.003751292
-0.003656127
-0.003482064
-0.003266374
-0.003005589
-0.00271865
-0.002432467
-0.002101329
-0.001594975
-0.0009285662
-0.0002476881
0.0003431918
0.0008538362
0.001296442
0.001612795
0.001713595
0.001522043
0.001037161
0.0003435606
-0.000438084
-0.001271501
-0.002110588
-0.002819181
-0.003293507
-0.003548109
-0.003629156
-0.003611321
-0.003517129
-0.00327862
-0.002857519
-0.002242955
-0.001512204
-0.000798703
-0.0001580586
0.0004610893
0.001129075
0.001897255
0.002719855
0.00346322
0.004029803
0.004421921
0.004738748
0.005046731
0.005330867
0.005513864
0.005507125
0.005350137
0.005216331
0.005236544
0.005414664
0.005670147
0.005873908
0.005981351
0.006077526
0.006183359
0.006242748
0.006211437
0.006063074
0.005824292
0.005621937
0.005461277
0.00516548
0.004685677
0.004105189
0.003561194
0.003087188
0.002575366
0.001910544
0.001059458
0.0001291844
-0.0007915878
-0.001676373
-0.002572739
-0.003563303
-0.004653322
-0.005767741
-0.006772444
-0.007614133
-0.008331517
-0.00891298
-0.00926728
-0.009389101
-0.009363167
-0.009158047
-0.008701024
-0.008002694
-0.007165912
-0.006350862
-0.005630027
-0.004931261
-0.004230748
-0.00363767
-0.00320664
-0.002850344
-0.002500842
-0.002197748
-0.001898958
-0.001504226
-0.0009982205
-0.0004758925
-4.746376e-05
0.0002824143
0.0005063771
0.000650216
0.0007451614
0.0007793391
0.0007708286
0.0006931306
0.0005274475
0.0003550557
0.0003096365
0.0004747078
0.00085625
0.001420031
0.002035659
0.002557477
0.002969642
0.00328847
0.003475028
0.003493751
0.003406539
0.003343235
0.003364767
0.003438001
0.003523533
0.003674101
0.003925579
0.004190686
0.004366484
0.004333249
0.004061114
0.00368401
0.003300742
0.002946462
0.002633731
0.002447509
0.002497341
0.002760595
0.003177749
0.003666054
0.00414932
0.004575963
0.00488656
0.005034278
0.005008728
0.004830702
0.004470612
0.003948033
0.003299642
0.002475146
0.001545096
0.0006444162
-0.0002151205
-0.001052662
-0.001845138
-0.00254798
-0.003149736
-0.003699598
-0.004241355
-0.004698848
-0.005014747
-0.005232144
-0.005373269
-0.005400345
-0.005267786
-0.005083023
-0.004905946
-0.004619393
-0.004198909
-0.003733498
-0.003266641
-0.002778985
-0.002207996
-0.001504318
-0.000748998
-0.0001024055
0.0003194067
0.0005299517
0.0006514249
0.0007459442
0.0007525354
0.000650355
0.0004834626
0.0002635048
-1.988073e-05
-0.0003943751
-0.0008029211
-0.001092448
-0.001199659
-0.001182447
-0.001142587
-0.001160119
-0.001177766
-0.001066692
-0.0007530194
-0.0002535728
0.0002728164
0.0006692298
0.0009840909
0.001289558
0.001459233
0.001351924
0.0010194
0.0006707192
0.0004067704
0.0001318561
-0.0002149958
-0.0006380242
-0.001177482
-0.001843165
-0.002520782
-0.003097417
-0.003612978
-0.004168322
-0.004744122
-0.005182213
-0.005385871
-0.005407272
-0.005369706
-0.005370389
-0.005419075
-0.005465738
-0.005515209
-0.005575388
-0.005580246
-0.005509107
-0.005317999
-0.004910284
-0.004245336
-0.003406803
-0.002606214
-0.001922235
-0.001264677
-0.0006171401
-3.20124e-05
0.0005048757
0.0009704849
0.001272018
0.001414193
0.001463951
0.0014671
0.001456721
0.00142778
0.001337841
0.00120839
0.001105335
0.001082736
0.00116425
0.001325308
0.001473231
0.001531151
0.001509088
0.001477865
0.001548152
0.001772009
0.002118326
0.002474438
0.00281492
0.003250311
0.003768934
0.00424184
0.00458647
0.004791554
0.00484209
0.004709376
0.00447313
0.004255204
0.004114142
0.004001047
0.003793612
0.003495613
0.003090389
0.002519642
0.0019423
0.001507727
0.00118096
0.0009558589
0.0008330574
0.000778529
0.0007599626
0.0007594806
0.0008386774
0.001009679
0.001204184
0.001339236
0.001376929
0.001368881
0.001381329
0.00148383
0.001705378
0.001930236
0.002021177
0.001927838
0.001599931
0.001045388
0.0003356219
-0.0004761642
-0.001313252
-0.002078673
-0.002686197
-0.003081234
-0.003228146
-0.003138569
-0.00286164
-0.002409554
-0.001954718
-0.001735257
-0.001735096
-0.001870805
-0.002162716
-0.00255497
-0.002912469
-0.00313226
-0.003204978
-0.003207324
-0.003153984
-0.003052567
-0.002962959
-0.002865629
-0.00266925
-0.002417801
-0.002188489
-0.001954213
-0.001746993
-0.001578076
-0.001299844
-0.0008559862
-0.0004262635
-0.0001320996
7.261568e-05
0.0002136682
0.0002882623
0.0003270639
0.0003475262
0.0003590251
0.0003773538
0.0003855094
0.0003769257
0.0004135082
0.0005390127
0.0007616769
0.001054752
0.001333058
0.001529186
0.001641537
0.00170675
0.001779299
0.001914981
0.002089726
0.002225904
0.002254833
0.00217022
0.002034943
0.001798364
0.001403584
0.0009765426
0.0005811219
0.0001909709
-0.0001461635
-0.0003444682
-0.0003606633
-0.0002948728
-0.0002662845
-0.0003249731
-0.0004933117
-0.0007404138
-0.001008072
-0.001251509
-0.001449638
-0.001572363
-0.001619277
-0.001633465
-0.001643633
-0.001670634
-0.001720596
-0.001783958
-0.001866925
-0.001949938
-0.002025364
-0.002137009
-0.002363344
-0.002682183
-0.002918685
-0.002991542
-0.00295862
-0.002905877
-0.002894628
-0.002912183
-0.002920726
-0.00291713
-0.002895472
-0.002796272
-0.002544413
-0.002169535
-0.001823306
-0.001618659
-0.001461258
-0.001155455
-0.0006699093
-0.0001234933
0.000396737
0.0007800443
0.0009165219
0.0008932132
0.0008711928
0.0009328572
0.001104471
0.001349729
0.001593845
0.001772912
0.001895329
0.001995068
0.002054068
0.002073577
0.002082705
0.002074216
0.002077396
0.002216231
0.002508961
0.002879791
0.003302803
0.00371959
0.004081934
0.004389845
0.004681891
0.004970186
0.005208335
0.0053053
0.005178467
0.004941988
0.004761857
0.004639335
0.004523938
0.004371721
0.004089581
0.00360454
0.003003111
0.002438398
0.001934986
0.001501075
0.001143256
0.0008045258
0.000485879
0.0001412584
-0.0002463651
-0.0004959654
-0.0004757277
-0.0002210283
0.0001250716
0.0003868439
0.0005321611
0.000665005
0.0008846089
0.001181696
0.001436379
0.001598624
0.001679908
0.001703564
0.001734315
0.001798004
0.001886566
0.001987894
0.002069271
0.002070121
0.00196119
0.001808797
0.001706271
0.00164288
0.00152753
0.001346769
0.001178715
0.001050715
0.0008375664
0.0004536502
-1.075394e-06
-0.0004863031
-0.0009471119
-0.001240007
-0.001340177
-0.001327965
-0.001314059
-0.001329213
-0.001310446
-0.00116739
-0.0008833679
-0.0006258707
-0.000548869
-0.0005910185
-0.0005996208
-0.000527727
-0.0003940658
-0.0002261877
1.626525e-06
0.0003677309
0.0007840968
0.001196181
0.001669854
0.00219233
0.002692634
0.003009996
0.003002121
0.002669774
0.002082004
0.001349187
0.0005687751
-0.0001805144
-0.000781165
-0.001179457
-0.001434675
-0.001609974
-0.001655603
-0.001552578
-0.001413102
-0.001308408
-0.0012176
-0.001115131
-0.001031516
-0.0009962098
-0.0009889164
-0.001027472
-0.00113201
-0.001217012
-0.001169778
-0.000977639
-0.0007929348
-0.000773303
-0.000923983
-0.001147623
-0.001309355
-0.001385558
-0.001490704
-0.001634789
-0.00167557
-0.001530841
-0.001216597
-0.0007895667
-0.0003156217
0.000106686
0.0003882701
0.0006046388
0.0008598589
0.001173031
0.001517069
0.001776611
0.001900448
0.001959317
0.001996675
0.002016275
0.002005152
0.001960157
0.001901658
0.001856399
0.001849646
0.001861603
0.001843165
0.001758436
0.001552907
0.001212724
0.0007719829
0.0003244522
-2.99435e-05
-0.0003683611
-0.0007786835
-0.001212878
-0.001670065
-0.002148698
-0.002565597
-0.002912293
-0.003289964
-0.003814128
-0.00440418
-0.004872975
-0.005185372
-0.005410875
-0.00565817
-0.005949124
-0.006179133
-0.006295453
-0.006315933
-0.00623467
-0.00604796
-0.005815287
-0.005565631
-0.00531591
-0.005107793
-0.004829984
-0.004329692
-0.003683132
-0.00311547
-0.002775974
-0.002672225
-0.002677416
-0.002630024
-0.002387442
-0.00189939
-0.001353101
-0.0009051557
-0.0005181361
-0.0001514331
0.0002408156
0.000660202
0.001002485
0.001175695
0.001137654
0.0008774903
0.0005007357
0.000218103
0.0001390652
0.0001958954
0.0002702475
0.0003616121
0.0006050193
0.001012348
0.001461219
0.001974622
0.002535267
0.002957254
0.003162634
0.003233951
0.003281843
0.003366709
0.003538665
0.003811049
0.004176731
0.00462612
0.005067387
0.005495206
0.005913667
0.006204132
0.006283473
0.006103958
0.005717927
0.005336713
0.005098937
0.004947996
0.004809294
0.004684449
0.004574815
0.004486436
0.004433859
0.00437465
0.004237747
0.004010726
0.003696747
0.003267855
0.002745171
0.002185144
0.001653293
0.001187564
0.0008025119
0.0004783502
0.0002336589
0.0001315789
0.0001555075
0.0002207406
0.0002288632
0.0001917032
0.000164227
0.0001548986
0.0001666499
0.0001898246
0.0001689387
3.561702e-06
-0.0003579643
-0.0007984716
-0.001187124
-0.001565744
-0.001992983
-0.002381909
-0.002642117
-0.002795207
-0.002885445
-0.002940814
-0.002968605
-0.002978786
-0.002986735
-0.003005891
-0.003014779
-0.003006529
-0.002947015
-0.002738498
-0.002334606
-0.001794325
-0.001326981
-0.0009594529
-0.0005423199
-0.0001446146
0.0001564891
0.0003591246
0.0004183978
0.0003285131
0.0001927757
0.0001366373
0.0001381187
0.0001355997
0.0001173719
0.0001213522
0.0001676979
0.0002011776
0.0002113053
0.0002228667
0.0002207575
0.0002099718
0.0002115523
0.0001664223
3.247237e-05
-0.0001612867
-0.0003804632
-0.0005903841
-0.000793547
-0.00096606
-0.001115415
-0.001310744
-0.001495111
-0.001612635
-0.001659973
-0.001640596
-0.001583104
-0.001461658
-0.001286115
-0.001152187
-0.00112973
-0.001167491
-0.001187964
-0.001217258
-0.001358562
-0.00168911
-0.002089961
-0.002343312
-0.002425859
-0.002429056
-0.002401003
-0.00235664
-0.002227755
-0.001908973
-0.001394916
-0.0007424846
-6.782094e-05
0.0004776571
0.0009023608
0.001316338
0.001776434
0.002243754
0.002588654
0.002790917
0.003058816
0.003576634
0.004268788
0.004916577
0.005358501
0.005612453
0.005807583
0.00598348
0.006040463
0.005908247
0.00568907
0.005502645
0.005402457
0.005390953
0.005375045
0.005239926
0.004957445
0.004600856
0.004307703
0.004098759
0.003793409
0.003300849
0.002692904
0.002113186
0.001702422
0.001426679
0.001142501
0.0008403878
0.0006269998
0.0004978373
0.0003484481
6.684098e-05
-0.0003233001
-0.0006326356
-0.000781477
-0.0008373794
-0.0008966277
-0.001040641
-0.001277822
-0.00155369
-0.001768558
-0.001813582
-0.001642413
-0.001300922
-0.0009558703
-0.0007108736
-0.0004415643
-8.9253e-05
0.0002405865
0.000460201
0.0005575582
0.0006267737
0.0007682002
0.0009653753
0.001187752
0.001418088
0.001521661
0.001395396
0.001111986
0.000784829
0.0004751976
0.0001880371
-0.0002062232
-0.0005948397
-0.0008146685
-0.000864065
-0.0008282785
-0.0008131669
-0.0008301472
-0.0007863346
-0.000650017
-0.0004989356
-0.0003468824
-0.0001936528
-4.618457e-05
0.0001182693
0.0001974081
3.424829e-05
-0.0003731131
-0.0008001761
-0.001024696
-0.00109919
-0.001270286
-0.001639029
-0.00203399
-0.002262217
-0.002301466
-0.002249377
-0.002198302
-0.002153266
-0.002025546
-0.001770563
-0.00137799
-0.0008054837
-0.0001216758
0.0004762208
0.0008794323
0.001156295
0.001368693
0.001491198
0.001520173
0.00150318
0.001440531
0.00125901
0.000941471
0.0005375527
2.213899e-05
-0.0006583772
-0.001427096
-0.002127945
-0.002760041
-0.003450587
-0.004105815
-0.004591062
-0.004974048
-0.005299696
-0.005561524
-0.005721539
-0.005782188
-0.005798437
-0.005774784
-0.005638486
-0.005339519
-0.004970251
-0.004625759
-0.004267367
-0.003792601
-0.003241667
-0.002796073
-0.002502134
-0.002277028
-0.002001674
-0.001578003
-0.001115202
-0.0008208661
-0.0007594591
-0.0008159262
-0.0008511015
-0.0008213243
-0.0007683539
-0.0007234013
-0.0006820482
-0.0006870156
-0.0007261148
-0.0007424257
-0.0007395855
-0.0007329265
-0.0007257492
-0.0007203673
-0.0007277674
-0.0007376952
-0.0007259407
-0.0007114967
-0.0006710483
-0.0005473341
-0.0003251
2.10548e-05
0.0004083534
0.0007408879
0.001061604
0.001428581
0.001843555
0.002201138
0.002329118
0.002154784
0.001785905
0.001412442
0.001146625
0.0009925378
0.0009252276
0.0008724986
0.0007822515
0.0006965882
0.0006827061
0.0008288315
0.001125276
0.001423299
0.001640359
0.001825582
0.002073351
0.002367021
0.002582416
0.002596533
0.002361867
0.002010762
0.001713593
0.001547063
0.001530124
0.001570693
0.001567168
0.001507475
0.001367316
0.001132506
0.0008600511
0.0005526306
0.0001457901
-0.0002990733
-0.0006696549
-0.0009599153
-0.001164759
-0.001288341
-0.001447675
-0.001687516
-0.001903561
-0.002086169
-0.002279462
-0.002380031
-0.002286322
-0.002069044
-0.001851871
-0.00166048
-0.001453873
-0.001253428
-0.001095124
-0.001064435
-0.001275551
-0.001616572
-0.001915166
-0.002111334
-0.00219332
-0.002225847
-0.00228239
-0.002364919
-0.002473884
-0.002623
-0.00272415
-0.002716195
-0.002688263
-0.002702069
-0.002802236
-0.002987146
-0.003085711
-0.002940463
-0.002549329
-0.002048788
-0.001581836
-0.001190285
-0.000786258
-0.0002433183
0.0004135263
0.00108458
0.001718902
0.00231194
0.00285704
0.003293147
0.003582676
0.003728996
0.003740587
0.003711343
0.003701898
0.003633768
0.00344113
0.003151958
0.002873152
0.00268487
0.002521248
0.002269649
0.001926587
0.001569108
0.001183969
0.0006739767
8.561525e-05
-0.0004646767
-0.0009536765
-0.001382891
-0.001774296
-0.002166059
-0.002521786
-0.00278439
-0.002945145
-0.003010083
-0.003022756
-0.003026155
-0.003025598
-0.003055007
-0.003172455
-0.003375019
-0.003578884
-0.003763925
-0.003989724
-0.0042004
-0.004297628
-0.004279142
-0.004220727
-0.004186237
-0.004173136
-0.004152168
-0.004062888
-0.003888386
-0.003667947
-0.003455901
-0.003279294
-0.003111092
-0.002949997
-0.002773877
-0.002542675
-0.002267139
-0.001958926
-0.001630069
-0.001314738
-0.001059424
-0.0009287491
-0.0009185601
-0.0009560537
-0.001038828
-0.001091188
-0.0009981332
-0.0008119075
-0.0005921343
-0.0003181229
1.311844e-05
0.0003774923
0.0007709542
0.001197721
0.001619471
0.001998391
0.002349562
0.002727899
0.003160077
0.003575069
0.003954486
0.004286555
0.00447428
0.004513592
0.004476329
0.004434607
0.004357342
0.004116659
0.003737408
0.003345722
0.002966987
0.002597764
0.002258246
0.001971342
0.001728063
0.001495886
0.001303356
0.001145992
0.0009930027
0.0008546293
0.0007187915
0.0006233318
0.0006150533
0.0006755173
0.0007941436
0.0009185733
0.0009824823
0.001008124
0.0009989989
0.0009250548
0.0008071676
0.0006533657
0.0004313922
0.0001418104
-0.0001716921
-0.0004809583
-0.000739821
-0.0008886075
-0.0009350401
-0.000966836
-0.001063438
-0.00120652
-0.001318318
-0.001342723
-0.001326828
-0.001380139
-0.001538594
-0.001722978
-0.001835623
-0.001848667
-0.001757946
-0.0015927
-0.001396823
-0.001182874
-0.0009758321
-0.0007926676
-0.0006179487
-0.0004554318
-0.000345776
-0.0002785205
-0.0001953494
-7.355366e-05
8.052549e-05
0.0002643813
0.0004821019
0.0006929516
0.0008557897
0.001007399
0.00118703
0.001383522
0.001582645
0.001751547
0.001843869
0.001859209
0.001803209
0.001682204
0.001529353
0.001387036
0.001274761
0.001173606
0.001079429
0.0009814591
0.0008928161
0.0008620152
0.0008579033
0.0008443634
0.0008447376
0.0008796698
0.0009348144
0.0009818425
0.001026569
0.001088063
0.001145819
0.001137196
0.001046234
0.000938564
0.0008717542
0.0008610333
0.0008971959
0.0009466964
0.0009724267
0.0009474414
0.0008742746
0.0008044994
0.0007884002
0.0008174329
0.0008426941
0.0008501034
0.0008700049
0.0009187569
0.0009790617
0.001001705
0.0009525716
0.0008783089
0.0008507378
0.0008671176
0.0009029575
0.0009488327
0.0009777182
0.001002382
0.001067616
0.001179974
0.001293806
0.001343654
0.001286541
0.001136391
0.0009726343
0.0008699405
0.0008357372
0.0008251399
0.0007827957
0.000689251
0.000592583
0.0005351703
0.0005157748
0.0005078413
0.0004617358
0.0003478067
0.0001819052
2.624189e-05
-6.894225e-05
-0.0001250162
-0.0001856494
-0.0002485661
-0.0002899205
-0.000300127
-0.0002981072
-0.0002969676
-0.0002970206
-0.0002992229
-0.0002802074
-0.00022371
-0.0001471598
-6.490945e-05
3.543588e-05
0.0001586264
0.0002824794
0.0003682223
0.0004166136
0.0004585943
0.0005104046
0.0005501573
0.0005265965
0.0004515176
0.0003727393
0.0003081727
0.0002454333
0.0001648753
5.602173e-05
-9.791919e-05
-0.0002812476
-0.0004586424
-0.0006167274
-0.0007514782
-0.0008840149
-0.001003002
-0.00107574
-0.001102034
-0.001082408
-0.001040146
-0.0009808798
-0.0008953648
-0.0008166637
-0.0007721778
-0.0007459515
-0.0007356435
-0.0007367953
-0.0007191839
-0.0006935469
-0.0006637555
-0.000611945
-0.0005463551
-0.000486042
-0.0004441912
-0.0004034248
-0.0003484873
-0.0003221366
-0.0003522239
-0.0004000957
-0.0004196568
-0.0004070955
-0.0003849579
-0.00036317
-0.0003495392
-0.0003490239
-0.0003469853
-0.0003259723
-0.0002798382
-0.0002098314
-0.0001407413
-9.344197e-05
-6.016102e-05
-3.55952e-05
-1.994557e-05
-1.977557e-05
-3.150676e-05
-3.880309e-05
-5.232159e-05
-8.752182e-05
-0.0001404418
-0.0001941144
-0.0002225846
-0.0002218063
-0.0001908206
-0.0001216945
-2.897942e-05
7.099609e-05
0.0001684577
0.0002493762
0.0003107081
0.0003636898
0.0004198147
0.0004837359
0.0005467377
0.0005958453
0.0006235817
0.0006239344
0.0006031169
0.0005739282
0.0005435899
0.0005132812
0.000481559
0.0004491769
0.0004124009
0.0003683343
0.0003214557
0.0002729948
0.0002200926
0.0001615147
9.850532e-05
3.543379e-05
-1.999782e-05
-6.334452e-05
-0.0001015884
-0.0001373515
-0.0001641659
-0.0001885936
-0.0002176735
-0.0002365184
-0.0002361392
-0.0002262606
-0.0002165129
-0.0002104419
-0.0002047963
-0.0001923745
-0.0001686015
-0.0001422302
-0.0001236291
-0.0001156254
-0.0001163314
-0.0001159242
-0.0001125544
-0.0001092246
-0.0001060958
-0.0001061949
-0.000106804
-0.0001010302
-9.15127e-05
-8.716059e-05
-9.110385e-05
-0.0001017902
-0.0001160119
-0.0001251828
-0.0001236786
-0.0001130244
-9.699441e-05
-8.358694e-05
-7.581846e-05
-7.578438e-05
-8.248715e-05
-8.633794e-05
-8.470982e-05
-7.896992e-05
-7.172722e-05
-6.623618e-05
-6.314671e-05
-6.072219e-05
-5.53074e-05
-4.95699e-05
-4.585384e-05
-4.330629e-05
-3.905611e-05
-3.209075e-05
-2.769721e-05
-2.013477e-05
-3.41113e-06
1.635897e-05
3.339162e-05
4.419382e-05
5.349585e-05
6.929173e-05
8.90018e-05
0.0001064268
0.0001223068
0.0001354339
0.000142014
0.0001460315
0.0001495498
0.0001530704
0.0001584843
0.0001605928
0.0001562505
0.0001467936
0.0001320591
0.0001154246
0.000102905
9.65848e-05
9.328139e-05
8.784932e-05
7.858946e-05
6.624773e-05
5.240666e-05
4.230785e-05
3.703472e-05
3.196609e-05
2.443558e-05
1.640543e-05
1.134688e-05
1.048723e-05
1.195056e-05
1.314448e-05
1.440916e-05
1.667636e-05
2.021912e-05
2.181837e-05
1.937823e-05
1.549392e-05
1.12461e-05
7.155108e-06
3.49421e-06
1.293104e-07
-2.540675e-06
-4.436029e-06
-5.893405e-06
-7.85666e-06
-1.006707e-05
-1.120693e-05
-1.115408e-05
-9.760181e-06
-8.373395e-06
-8.093477e-06
-7.727216e-06
-7.25897e-06
-6.151097e-06
-3.3572e-06
6.015619e-07
3.564483e-06
5.289741e-06
7.507515e-06
1.018923e-05
1.277731e-05
1.497308e-05
1.653726e-05
1.777967e-05
1.944797e-05
2.174579e-05
2.318592e-05
2.307117e-05
2.219292e-05
2.061117e-05
1.845797e-05
1.606037e-05
1.377699e-05
1.186277e-05
9.578958e-06
6.572033e-06
4.432856e-06
3.35974e-06
2.197288e-06
8.914504e-07
-1.131086e-06
-3.571454e-06
-5.613451e-06
-7.739259e-06
-1.039314e-05
-1.34886e-05
-1.636529e-05
-1.867571e-05
-2.085049e-05
-2.285406e-05
-2.4402e-05
-2.53748e-05
-2.574456e-05
-2.592055e-05
-2.590278e-05
-2.561561e-05
-2.556251e-05
-2.582086e-05
-2.612054e-05
-2.614383e-05
-2.613174e-05
-2.633071e-05
-2.598396e-05
-2.536477e-05
-2.519126e-05
-2.521723e-05
-2.511091e-05
-2.471169e-05
-2.405582e-05
-2.34589e-05
-2.310985e-05
-2.264706e-05
-2.208562e-05
-2.173697e-05
-2.134187e-05
-2.081966e-05
-2.037851e-05
-1.999273e-05
-1.966088e-05
-1.927549e-05
-1.882305e-05
-1.851074e-05
-1.827246e-05
-1.798263e-05
-1.762801e-05
-1.727457e-05
-1.695569e-05
-1.655336e-05
-1.620037e-05
-1.595853e-05
-1.567501e-05
-1.540446e-05
-1.514788e-05
-1.488022e-05
-1.463272e-05
-1.438106e-05
-1.415252e-05
-1.396276e-05
-1.377783e-05
-1.359683e-05
-1.343445e-05
-1.32816e-05
-1.31471e-05
-1.303941e-05
-1.293721e-05
-1.284148e-05
-1.277777e-05
-1.274642e-05
-1.2735e-05
-1.273708e-05
-1.275397e-05
-1.279433e-05
-1.285609e-05
-1.293651e-05
-1.30368e-05
-1.315607e-05
