-0.002048273
-0.001457144
-0.001113874
-0.001866083
0.0001550897
-0.0002462361
-0.0029497
-0.003149063
0.0009998348
0.001884735
-0.003665544
-0.005164382
-0.002938178
0.002422487
0.001558094
-0.002499918
-0.0008693882
0.0004245426
-0.001201785
-0.006219611
-0.006386316
-0.00370416
-0.001093403
0.003138136
0.001640337
-0.002365641
-0.002053958
0.0006292261
-3.318803e-05
-0.003184401
-0.003301112
0.0003867775
0.003927789
-6.185884e-05
-0.002518445
0.0002912302
0.002821427
0.002781224
0.0001767437
-0.002970376
-0.001233734
0.001438249
0.004655933
0.003590639
-0.003123414
-0.004945545
-0.0008618755
-0.001789465
-0.003902292
0.001624681
0.0004808562
0.003417032
0.00496703
0.002972528
-0.0004713914
-0.00263215
0.0001530726
-0.0003522235
0.0004674616
-0.0007314319
-0.0002595642
-0.002125535
-0.003349925
-0.002036553
-0.001153621
0.001318473
0.002838909
0.004199205
0.0006920631
0.002854082
0.005491422
0.002847204
0.003091627
0.001961091
0.002265696
0.006576863
0.01242211
0.007186079
0.00140945
0.004639421
0.003482374
0.001034008
-0.003379897
-0.0003733006
0.001508237
0.002258596
0.004161556
0.002226257
-0.00582904
-0.004456477
0.004318228
0.002977594
0.004835681
0.00514847
0.0005009993
0.0007464701
0.005285122
0.002793935
-0.0003633102
0.001701845
0.002328802
-0.0008478199
-0.007524061
-0.00233056
0.006099401
0.002827924
0.005201127
0.008604533
0.002612718
0.002574646
0.007564155
-0.002715736
-0.009473566
-0.003868993
0.00172844
-0.003038346
0.001353449
0.004874166
0.003723283
0.0004426422
-0.005176857
0.001783303
-0.002341895
-0.007460571
-0.002457787
-6.212128e-05
-0.0004826746
0.0008736132
-0.004655098
-0.01020625
-0.008887697
-0.008424924
-0.004316671
-0.0003124564
-0.003754241
-0.006860444
-0.006243646
-0.002216987
0.006293593
0.0005455938
-0.008383785
-0.00584938
0.0001601637
-0.0002216108
-0.006882504
-0.006462556
-0.003782288
0.002540402
0.009616872
0.01233998
-0.001322182
-0.01222117
-0.000375173
0.009214583
0.00379708
-0.003110641
-0.003965682
-0.003993501
-0.00150294
0.001419083
0.0006405464
-0.001641469
-0.004316183
0.003347823
0.01242045
0.00452436
-0.00893277
-0.01186554
-0.009406587
-0.008427654
-0.009563181
-0.009290085
-0.002823549
-0.001779332
-0.007573194
-0.006440235
0.009978446
0.01250983
-0.008672772
-0.01754601
0.003509596
0.01886748
0.008569307
0.004542094
0.002830283
-0.005155548
-0.008746198
0.001987013
0.008907464
0.004191758
0.005748033
0.008858788
0.002911944
-0.007496379
-0.007254881
0.004400418
0.0170288
0.01312808
0.003875421
0.006753624
0.01256637
0.01113201
-0.002284281
-0.01685725
-0.009474728
0.001302362
-0.002513689
-0.005855438
-0.01161255
-0.01606813
-0.01157322
-0.003176806
0.001477229
-0.006084254
-0.007561437
-0.005333979
-0.00325034
0.00196572
0.006056721
0.004457142
-0.004160034
-0.01012725
-0.01184005
-0.007849
-0.008860034
-0.01268321
-0.007775178
0.0006294106
-0.0003418392
-0.01255655
-0.01496702
-0.01050472
0.00416471
0.01318844
0.0044142
0.002111857
-0.0009687458
-0.0007557676
0.004962151
0.008928731
0.01238225
0.01570929
0.01393226
0.01249998
0.009563204
0.00760869
0.007351456
0.007757223
0.001538091
-0.00572348
-0.006397891
-0.0002689002
0.007854191
0.006665703
-0.004165864
-0.01480057
-0.01920919
-0.01686746
-0.008712743
-0.005045005
0.006373712
0.01707333
0.01857969
0.01955259
0.01567335
0.01160134
0.004640679
-0.001434617
-0.001845852
0.006301733
0.00536112
-0.005166472
0.001940716
0.007004845
0.0009468946
-0.0003292947
0.0007170567
-0.00785825
-0.01181296
-0.007166004
0.00136307
0.01516249
0.01707686
0.01327822
0.01099428
0.009581417
0.006338675
0.002616536
-4.88832e-05
0.001415679
0.004985521
0.003937825
0.005630869
-0.006155386
-0.01733678
-0.01123835
0.005072313
0.01564344
0.005134231
-0.009225479
-0.01672773
-0.01437474
-0.005088806
-0.003901673
-0.01006262
-0.009242685
-0.00819121
-0.0004862748
0.016059
0.01901074
0.01358012
-0.001449724
-0.002756485
0.008938695
0.005803076
0.0007243583
0.002358261
0.003414844
-0.000515352
-0.01234749
-0.02646646
-0.02271707
-0.002622189
0.006244539
0.001146447
0.003398476
7.260788e-07
-0.005381943
-0.001047072
0.00758506
-0.0003629075
-0.01301817
-0.00864862
-0.002011605
0.0007993902
-0.006038813
-0.01417752
-0.01021392
-0.0007453807
-0.002867102
-0.005333582
0.0004751984
0.00836172
0.008706361
0.004027504
-0.001374533
0.0007387908
0.0007376553
-0.006637059
-0.009553354
-0.002501187
0.0038125
-0.001090752
-0.008053383
-0.01142969
0.0001614761
0.01375695
0.02198008
0.01568045
0.006093362
0.002587516
0.00632469
0.01080544
0.005732879
-0.002608784
-0.002463028
0.007398229
0.006195547
0.0002376255
-0.0003091953
0.002337604
0.001302205
-0.000895994
-0.006331672
-0.01311987
-0.01079641
0.003201977
0.01479826
0.01623637
0.003572971
-0.004338243
-0.006342636
-0.01115815
-0.01355626
-0.007547532
-0.002979043
-0.01305061
-0.01798138
-0.01452775
-0.004062639
0.004926533
0.004419505
0.003252539
-0.001233507
-0.002075092
0.001524403
-0.0008339208
0.001742516
-0.003527907
-0.002874169
0.01150571
0.01247973
0.003887167
0.002330567
0.005923948
0.01068727
0.01100645
0.01208043
0.01240574
-0.00099408
0.001882244
0.01999941
0.02980969
0.01538784
-0.01717471
-0.02342535
0.001761441
0.01777537
0.01920024
0.01138901
-0.005608343
-0.02059833
-0.02269348
-0.00673667
0.0003573615
-0.001215546
-0.01189195
-0.02128316
-0.005179465
0.008944411
0.0118493
0.005579301
-0.007306422
-0.01217699
-0.008528509
0.00208147
0.003144248
-9.02326e-05
0.000321787
-0.002454713
-0.0002903322
0.01213831
0.01872133
0.007770553
-0.003243464
0.004317739
0.01544894
0.01458087
0.005316152
-0.002418563
0.007311163
0.01278035
0.007035656
-0.005390036
-0.01131833
-0.0036235
0.005463628
0.01054318
-0.001614252
-0.003915422
0.003867129
0.0062039
0.01418127
0.01466062
-0.001133103
-0.006873709
-0.006237275
-0.01358744
-0.0007263065
0.01118929
0.007950744
0.01495606
0.01530282
0.009818234
-0.0002349278
-0.01300741
-0.01656827
-0.01042281
0.004293707
0.01367971
0.007730008
-0.003347231
0.00131107
0.009776013
0.009898374
0.008726358
0.01308784
0.01424346
0.01899357
0.02242379
0.008727197
-0.01835486
-0.03601721
-0.03689444
-0.02186784
-0.006671911
-0.002817363
-0.008353956
-0.01543483
-0.008043938
0.006087112
0.01966022
0.01926851
0.0134402
0.007379334
0.0151364
0.02615136
0.01820349
0.0006054026
-0.009073404
-0.01542395
-0.0327548
-0.0327487
-0.01831777
-0.009304051
-0.008361597
-0.005289379
-0.005996263
-0.005967726
-0.003860429
-0.005774991
-0.009174673
-0.02344959
-0.01238057
0.01612024
-0.0004547759
-0.03025613
-0.03050095
-0.02676573
-0.02462885
-0.02079979
-0.03045513
-0.03511043
-0.002873343
0.02194018
0.01311206
0.002295968
0.008031413
0.01976956
0.02601602
0.02020099
-0.008802726
-0.02335202
-0.003264153
0.01967869
0.02979198
0.03392297
0.011332
-0.01926189
-0.02923444
-0.03132035
-0.004779966
0.02774476
0.01290375
-0.02337867
-0.02374384
0.01378909
0.0368727
0.02537729
0.004689644
0.009800856
0.02105757
0.02352086
0.03289874
0.03774067
0.0399255
0.02903904
0.008402397
-0.005774588
-0.01282891
-0.0155258
0.0138094
0.05165752
0.04972971
0.04537023
0.04690227
0.05252348
0.04807425
0.035108
0.03289766
0.01897364
0.006769344
-0.001824155
-0.01821759
-0.02039325
-0.006888453
-0.001925131
-0.0004981496
-0.008896827
-0.02823806
-0.04411231
-0.04316576
-0.03159386
-0.01336339
-0.01261675
-0.0421182
-0.05875338
-0.03941009
-0.008572431
0.01443673
0.03926354
0.03426861
-0.002028087
-0.03646226
-0.06081985
-0.0537594
-0.005357338
0.03661057
0.03096998
-0.007643135
-0.04890008
-0.05914088
0.003965512
0.07964035
0.08040229
0.02852612
-0.04483227
-0.08570366
-0.07804957
-0.03122442
0.01090771
0.004220606
-0.03226172
-0.06644191
-0.05948856
-0.02071324
0.01423095
0.04836832
0.03973913
-0.02036537
-0.07487313
-0.09548529
-0.07641025
-0.03109061
0.03458108
0.06380001
0.05386523
0.03760135
0.02669246
0.04371424
0.03637842
-0.01039775
-0.04048467
-0.04119661
-0.01301604
0.01883552
-0.0019541
-0.0569535
-0.08363668
-0.06314691
-0.01109629
0.04301575
0.06933381
0.04900727
0.02586247
0.005490032
-0.02115337
-0.03417875
-0.03339537
-0.03523848
-0.02502622
-0.003694943
0.02519964
0.04091174
0.002417982
-0.01207008
0.01865745
0.04917485
0.06324883
0.04818957
0.01843212
-0.003773258
0.0005852257
0.03523567
0.05913735
0.06765131
0.04617626
0.008286347
-0.003082548
-0.02098454
-0.04630398
-0.06253623
-0.04286754
0.01789898
0.04302466
0.01620991
-0.0110465
-0.03017657
-0.04253691
-0.02018766
0.001852526
0.006915834
0.009573982
0.008523408
0.01880198
0.02533306
0.02378167
0.04017922
0.05182051
0.0244723
-0.009978172
-0.01893884
-0.01669379
-0.01944776
-0.02295755
-0.03221096
-0.04134503
-0.04029542
-0.01839395
0.002142758
-0.002330931
-0.01166084
-0.03867755
-0.07834328
-0.09582706
-0.07724162
-0.02049796
0.006752388
-0.005533479
-0.01492357
-0.01489497
-0.009921422
0.00852735
0.02862342
0.02962407
0.03159271
0.01794514
-0.007295744
-0.02727445
-0.02468668
-0.003311524
0.01339815
0.007873864
-0.01616546
-0.01419071
0.02579435
0.05265914
0.02698272
-0.004881028
-0.01440269
9.256215e-05
0.01750196
0.001922513
-0.01682709
-0.01521036
0.03052342
0.0853964
0.09101664
0.04476579
0.007066624
0.01686274
0.03328478
0.02666501
-0.01356579
-0.03735215
-0.03372397
-0.01425826
-0.00509148
-0.0223427
-0.03515284
-0.01432747
0.01312383
-0.007478092
-0.01347361
0.006305244
0.0178731
0.03017026
0.03165848
0.008796237
-0.008577384
-0.007784805
-0.01204837
-0.009115828
0.004739891
0.01761029
0.00466755
-0.02070185
-0.004152311
0.04095519
0.05291473
0.04205483
0.03235263
-0.005320013
-0.01292713
0.02292795
0.02216707
-0.001322472
-0.02017509
-0.03469781
-0.02028415
0.01875945
0.05679631
0.08805221
0.08074599
0.02204911
-0.02912221
-0.05190896
-0.05152846
-0.004367703
0.029326
-0.00221644
-0.06768408
-0.1150039
-0.1185004
-0.06478205
0.02448023
0.05528427
0.01559203
-0.02156041
-0.0357659
-0.02034142
-0.003951
-0.01000466
0.0007237442
0.01686325
0.01091465
-0.01265751
-0.04148674
-0.07021194
-0.07347487
-0.05813608
-0.04032989
-0.01548061
0.02547345
0.05014525
0.05160389
0.05027386
0.04702622
0.06556272
0.08084033
0.06702549
-0.003568665
-0.06193812
-0.0604601
-0.02848305
0.01778521
0.06032537
0.06633219
0.04334042
0.03478368
0.01168175
-0.00384363
-0.01572047
-0.03743112
-0.045689
-0.01178823
0.01457065
0.004129973
0.001780957
0.02091416
0.04985058
0.05097875
0.03982713
0.01708016
-0.02045784
-0.04664731
-0.05486439
-0.06739402
-0.07743078
-0.06311402
-0.03812805
-0.01657847
0.009177597
0.04804882
0.05150156
0.01109941
-0.02064703
-0.003520162
0.0373268
0.04948525
0.01886693
-0.01091498
-0.01526728
-0.007140895
0.02664971
0.05428563
0.04009544
0.0120312
-0.01303831
-0.04768461
-0.054541
-0.0289104
0.007892266
0.02486103
0.02239471
0.03483264
0.03440122
0.02071797
0.01196947
0.007826279
-0.001920796
-0.02973207
-0.03762071
0.003088557
0.05909578
0.08703974
0.08380129
0.03311346
-0.0358793
-0.05561013
-0.04598537
-0.01955916
-0.005880921
-0.02764258
-0.03993251
-0.02621959
0.005798257
0.004138762
-0.01837463
-0.02026261
0.0007331158
0.0173357
0.003898265
-0.009584051
0.002324494
0.02972174
0.05532174
0.07121338
0.06453855
0.04850011
0.02219946
-0.001744995
-0.005742331
-0.002335487
-0.006783662
-0.01416332
-0.02668479
-0.04823837
-0.05408802
-0.0442001
-0.03917962
-0.05020883
-0.06144103
-0.0361052
-0.009444402
-0.003738477
-0.01191373
-0.02026239
-0.0172156
0.001259698
0.03928942
0.05306149
0.04044415
0.04107455
0.04229146
0.015338
-0.007138675
-0.01900123
-0.03067815
-0.0318511
-0.0334953
-0.04813634
-0.04853103
-0.01211189
0.02929607
0.03863829
0.01623608
-0.007490098
-0.02673949
-0.03694047
0.00796507
0.05340101
0.05638251
0.03537362
-0.01127298
-0.03301117
-0.01968177
0.01131607
0.04810445
0.07726323
0.03466196
-0.04920648
-0.07038979
-0.03613509
0.01374601
0.04188479
0.03867183
0.02733457
0.04154831
0.04622608
0.04201862
0.0527766
0.04635982
0.01317111
-0.02276447
-0.01974115
0.03259917
0.07548001
0.07757003
0.05834409
0.02387018
-0.004989662
-0.01192154
-0.03230926
-0.07205454
-0.102679
-0.1124138
-0.1031012
-0.08904044
-0.06007239
-0.02411021
-0.001698733
0.01957647
0.02816491
0.02045273
0.03336495
0.05500123
0.02480519
-0.04128159
-0.0575781
-0.03391711
-0.00905355
0.00944419
0.01819073
0.01965141
0.02708725
0.01993301
0.01429959
0.01529821
0.01101935
0.008887586
-0.008849156
-0.02661344
-0.03418384
-0.02250276
-0.002081299
0.03460202
0.05886072
0.04811098
0.01707853
-0.001445646
0.003096452
-0.00433625
-0.008712012
0.01410849
0.04356102
0.03688108
0.008621
-0.0154326
-0.01023056
0.01422703
0.01860797
0.01440561
0.007870505
-0.01979798
-0.0542005
-0.06481662
-0.05527244
-0.04679213
-0.04619335
-0.05063337
-0.06584154
-0.07216346
-0.04591985
0.003857209
0.03036704
0.03598626
0.06128842
0.08257381
0.08767589
0.1002515
0.07492698
0.0161077
-0.005101128
-0.0002071332
-0.004247318
-0.008892363
-0.01112409
-0.02507357
-0.02824676
0.01530626
0.06394397
0.06802808
0.03253926
-0.01661451
-0.01866161
-9.349733e-05
0.008264416
-0.01215493
-0.05661261
-0.06983994
-0.06806715
-0.07667693
-0.08433711
-0.07790188
-0.04671943
-0.02604196
-0.03264541
-0.01543798
0.02506116
0.04531023
0.02941254
0.006439114
-0.02697299
-0.06499856
-0.06477821
-0.046358
-0.01979513
0.004305466
0.0231041
0.04623263
0.05904284
0.05295143
0.0514286
0.04841759
0.02644376
6.251592e-05
-0.01141959
0.01044006
0.05397981
0.06234996
0.02201001
-0.0158595
-0.04941849
-0.06142998
-0.04310463
0.002255818
0.04274883
0.05469306
0.05641586
0.04394639
0.02880146
-0.01056235
-0.05332888
-0.04099603
0.00892688
0.02543765
-0.002629663
-0.03254419
-0.04815425
-0.01980026
0.01445545
0.01920052
-0.01710431
-0.06028599
-0.06170478
-0.02694213
0.02626925
0.05993438
0.03894383
-0.01387072
-0.04000616
-0.03918095
-0.02956334
-0.01107378
-0.006258333
-0.03618919
-0.07871092
-0.08926993
-0.04130033
0.03623397
0.0785895
0.04407681
-0.01197217
-0.04152154
-0.0461564
-0.03698351
-0.03317583
-0.04370118
-0.0410308
-0.01568888
0.001421648
-0.01230141
-0.03584094
-0.0361816
-0.009494296
0.01218175
-0.01740843
-0.05990466
-0.04153342
0.009012701
0.001522863
-0.04245951
-0.07815745
-0.09456312
-0.0760562
-0.03275922
-0.006420763
-0.001929681
0.007016761
0.04408562
0.07716118
0.08086483
0.04308405
-0.002636412
0.001504809
0.00736983
0.02003519
0.04726513
0.07406054
0.1106398
0.1230053
0.09298671
0.05712557
0.03248749
0.02745993
0.05468171
0.08488189
0.05903613
0.01561475
-0.005772592
-0.01302069
0.003707325
0.01478352
0.02074136
0.0306925
0.02979288
0.03366278
0.05188101
0.05443307
0.03631891
0.03239499
0.03564982
0.0401409
0.04432088
0.01801612
-0.01136803
-0.02717393
-0.02536851
-0.01833254
0.0005476788
0.01789075
0.002507131
-0.02960449
-0.06466289
-0.06555538
-0.01914537
0.01741247
0.003482344
-0.0247594
-0.05204642
-0.04917715
-0.01950024
0.02206172
0.05522499
0.04894588
0.02433534
0.01023385
-0.002655873
-0.03481544
-0.0220593
0.03384997
0.06462542
0.07841073
0.0840595
0.01958022
-0.06574685
-0.0945547
-0.07050003
0.03307691
0.09513882
0.06636157
0.01316756
-0.02979992
-0.03848113
-0.04204398
-0.05457467
-0.04557112
0.01400607
0.04659916
0.04743659
0.01843086
-0.0455017
-0.06836703
-0.06932786
-0.05734591
-0.01049526
0.02074224
0.02973967
0.05834762
0.09913743
0.107426
0.08468405
0.0721197
0.07187695
0.04600058
-0.02616951
-0.07835474
-0.0800663
-0.03861553
0.0108555
0.03643812
0.02953273
0.00517922
-0.001678232
0.0009686748
-0.0250913
-0.07939201
-0.1222034
-0.1460816
-0.1171983
-0.05373592
-0.02120302
-0.002267733
0.01076991
0.0248092
0.04390564
0.05313869
0.01763453
-0.06998448
-0.1169687
-0.108212
-0.05243638
0.03109448
0.07191488
0.05083251
-0.01511661
-0.06847586
-0.07913588
-0.05652961
-0.02221069
0.002032671
0.01965215
0.01511418
0.0048081
0.02178702
0.03948504
0.03859867
0.04387207
0.05691379
0.04452181
-0.002243142
-0.03708532
-0.0589225
-0.07523025
-0.06313203
-0.04563801
-0.03112443
-0.02431593
-0.02047053
-0.02843469
-0.06274035
-0.08141655
-0.06977835
-0.05746083
-0.05685699
-0.06063711
-0.04421307
0.01342815
0.04156791
0.02481339
0.00678999
0.01121271
0.04884765
0.09443043
0.120623
0.1018795
0.0429959
-0.009786038
-0.02801854
0.007635558
0.05711268
0.06173431
0.02298247
-0.02888861
-0.05899085
-0.06468857
-0.05109708
-0.03716388
-0.02975256
-0.01353355
0.02723993
0.07230046
0.1019141
0.1159707
0.1247754
0.09910198
0.02320682
-0.03364186
-0.05671528
-0.07231211
-0.08131974
-0.07224888
-0.03745158
-0.004751407
0.01758557
0.04173304
0.07323675
0.09712924
0.06668426
0.0095867
-0.004410767
0.01694395
0.02934816
0.04599659
0.05674433
0.03057622
0.004702894
0.006088047
0.0309281
0.05398519
0.0488148
0.03012942
0.01273433
0.009332624
0.03444807
0.05200635
0.04943798
0.04148911
0.02557608
0.01183769
0.007153845
0.002033437
-0.01303707
-0.0456883
-0.07775507
-0.09503185
-0.09295616
-0.0642044
-0.01964877
0.03086774
0.06218173
0.04111362
-0.01288621
-0.03768446
-0.01946727
0.003308302
0.02212423
0.0287481
0.01581143
-0.01003436
-0.02182863
-0.003204463
-0.005287315
-0.03723475
-0.06937496
-0.06618543
-0.03552832
-0.02081279
-0.01968774
-0.005590337
0.02368773
0.02759636
-0.005356794
-0.03104041
-0.04735532
-0.06229323
-0.0796924
-0.1082565
-0.1135268
-0.06729026
-0.01524274
-0.001938892
0.01143431
0.04489438
0.06183656
0.02297659
-0.02448606
-0.03447493
-0.02904855
-0.02599264
-0.02297652
-0.01719313
-0.01675761
0.009849078
0.0512376
0.07872046
0.08499549
0.07924471
0.05955462
0.03480328
0.03023265
0.03677287
0.04298364
0.0509182
0.07428434
0.08705371
0.07373759
0.0379927
0.01136762
0.01043838
0.005507688
-0.006916949
-0.0197812
-0.0327444
-0.04701626
-0.06224589
-0.06929207
-0.05459593
-0.02102265
0.003095233
0.008625656
0.007950397
0.01174784
0.01062582
0.009750643
0.01872968
0.01107151
0.007003729
0.02670705
0.04198153
0.04622573
0.05006703
0.03686209
0.001336496
-0.02393606
-0.02679922
-0.01124526
0.01538896
0.04090118
0.03246984
-0.01446242
-0.05057554
-0.05293482
-0.02675144
0.0004458215
0.01189326
-0.008937198
-0.04506562
-0.06263207
-0.05661104
-0.04347346
-0.03848262
-0.01856918
0.002797757
0.01591392
0.02420751
0.01403095
-0.005731566
-0.02668239
-0.04490777
-0.05139499
-0.04067379
-0.01706693
0.004444845
0.01156646
0.01322496
0.00367264
-0.006726282
0.0008502557
0.0009818137
-0.01807385
-0.02987833
-0.02490075
-0.02888285
-0.03467648
-0.03680218
-0.03509982
-0.03918188
-0.05463593
-0.06626905
-0.07625283
-0.07939446
-0.06063974
-0.02616784
-0.003693187
0.00900273
0.02031349
0.03125908
0.04557476
0.06744965
0.08761708
0.1052212
0.1059291
0.0906464
0.06144072
0.01704009
-0.006399531
0.003054825
0.01894436
0.007437716
-0.01008285
-0.01323773
0.007256083
0.04491854
0.05905775
0.02162883
-0.02206901
-0.02828798
-0.0166651
0.002625111
0.0225518
0.02481414
0.01240684
0.01024441
0.003992805
-0.017722
-0.03391146
-0.03088311
-0.01423775
-0.02278334
-0.04449712
-0.05998789
-0.07770633
-0.08725255
-0.09414267
-0.09530141
-0.0740528
-0.0502858
-0.03267553
0.008328442
0.04505046
0.04971897
0.03429348
0.02549902
0.01921579
0.01469819
0.02376494
0.03415973
0.02841915
0.01823748
0.02855883
0.05028889
0.06697913
0.06544093
0.05520929
0.04167386
0.022812
0.00817701
0.004548843
0.01033834
0.02280883
0.03602086
0.04141867
0.04633607
0.05521514
0.03807503
0.01088079
0.0112041
0.02240979
0.02892553
0.03277906
0.03529231
0.04365017
0.05149497
0.05092577
0.05070542
0.04693752
0.02740959
-0.002603936
-0.0265607
-0.03200651
-0.02446466
-0.007668344
-0.002384772
-0.01067332
-0.005948706
0.003294506
0.003593339
-0.01580301
-0.03186089
-0.03961904
-0.05438969
-0.06651854
-0.06541186
-0.06279355
-0.06159508
-0.05838517
-0.05922669
-0.04852182
-0.01594203
0.009294782
0.01217727
-0.001435672
-0.01641032
-0.02067599
-0.03341173
-0.0509221
-0.05400457
-0.03294262
-0.01183068
0.005578648
0.0178686
0.01072857
0.004941065
0.01120384
0.02643649
0.03133654
0.02384563
0.01158623
-0.01452172
-0.03488911
-0.03621105
-0.02019912
-0.01396083
-0.02172714
-0.02508908
-0.01425671
0.006563501
0.01371469
0.004066487
-0.00218308
0.001621492
0.001334845
-0.007911482
-0.009806669
-0.008286896
-0.007971743
-0.0008695109
0.01070236
0.02398477
0.02351045
0.01490774
0.01761887
0.04357479
0.06761616
0.07329549
0.05533224
0.02855314
0.01990657
0.03160798
0.05934788
0.07186427
0.0525689
0.02848056
0.02548887
0.0237324
0.009838958
-0.003416988
-0.008031495
-0.0127021
-0.02829793
-0.03435879
-0.02834898
-0.001602566
0.03539689
0.05422912
0.04657195
0.02543345
0.01422668
0.007447737
0.003662491
0.001132865
-0.01006574
-0.02515157
-0.03014449
-0.02103898
0.01836768
0.05152377
0.0443511
0.02061262
-0.001798846
-0.01134097
-0.004905816
1.055814e-05
-0.008702307
-0.01380539
-0.0194705
-0.0247072
-0.01707355
-0.003373952
0.005152203
-0.01785494
-0.05132524
-0.05924455
-0.05277267
-0.04580712
-0.0484112
-0.05335824
-0.04753915
-0.0407317
-0.04617852
-0.05644076
-0.06340025
-0.05135713
-0.02704036
-0.02642328
-0.04447118
-0.05608901
-0.04999759
-0.02840319
-0.009474058
-0.00770744
-0.0230401
-0.03804535
-0.03424077
-0.01124795
0.003282945
-0.007275096
-0.02152248
-0.02637362
-0.02350744
-0.01928977
-0.01401129
-0.01789751
-0.02994475
-0.03585873
-0.02523342
0.004343501
0.02678246
0.03329208
0.02921614
0.02114689
0.01292159
0.001365993
-0.003015948
0.005603031
0.02405583
0.04326751
0.03886517
0.02960661
0.03077347
0.03651605
0.04348977
0.04507585
0.03575711
0.01569981
0.00705325
0.01636991
0.03480129
0.04415059
0.03880679
0.02067525
0.001645095
-0.003749704
0.01552114
0.0386741
0.03748884
0.02385244
0.004282705
-0.004301633
-0.002776751
-0.002342249
-0.005917366
-0.003011403
0.008655339
0.01100642
0.01328712
0.02140835
0.03629115
0.04050577
0.02353092
0.0009817625
-0.01615017
-0.01915919
-0.001636625
0.01584004
0.02065544
0.02336455
0.02497919
0.0305698
0.02976398
0.01948849
0.01376423
0.01295434
0.0115661
0.007454471
0.01409262
0.02305738
0.02074503
0.01194854
0.002358483
-0.005872931
-0.0164534
-0.02448184
-0.02303447
-0.01403604
-0.006862393
0.003278435
0.018659
0.03519217
0.04498824
0.04404269
0.03787678
0.02498499
0.01682905
0.01400772
0.01050809
0.002052283
-0.009771566
-0.0139648
-0.01217879
-0.01224918
-0.02996658
-0.05256571
-0.05800334
-0.05526465
-0.05305534
-0.05197823
-0.05110308
-0.05071242
-0.04713325
-0.04052264
-0.03756261
-0.03644163
-0.03133858
-0.02169143
-0.01511958
-0.007668482
-0.004952228
-0.01021849
-0.009803359
-0.0006325453
0.01269681
0.01955018
0.02223686
0.02158711
0.02450737
0.03273774
0.03474
0.0288138
0.02292023
0.02193287
0.02297633
0.02921668
0.03417388
0.03931366
0.0407488
0.03458697
0.02482761
0.02164623
0.02052219
0.01568943
0.01273449
0.01034157
0.004237889
-0.006465991
-0.01410069
-0.008765071
0.00652167
0.00958167
-0.002781748
-0.01233303
-0.01281038
-0.008061264
-0.0001328013
0.005504741
0.01530694
0.02487149
0.02468687
0.02565587
0.0275745
0.01961238
-0.0003775751
-0.02108255
-0.03354388
-0.04009432
-0.04473939
-0.04371735
-0.03743924
-0.02770334
-0.01945867
-0.01398637
-0.008321278
-0.007670511
-0.01158016
-0.0185029
-0.02406291
-0.0300554
-0.02967595
-0.01614156
0.000893466
0.01092212
0.01186766
0.01261941
0.01619146
0.01612518
0.01205233
0.003204858
-0.01022445
-0.0166892
-0.01537543
-0.007858015
0.003843438
0.00825495
0.006338384
-0.002240823
-0.01375559
-0.01823643
-0.02217362
-0.03030606
-0.03470531
-0.03374139
-0.02668706
-0.02033346
-0.01784261
-0.01755699
-0.01901863
-0.01901862
-0.01894516
-0.01544756
-0.006291003
0.001702755
0.001090774
-0.003436986
-0.01003739
-0.01692951
-0.02270371
-0.02997731
-0.03446426
-0.02694174
-0.01066558
-0.0004176212
0.004744621
0.003064703
-0.0001482736
-0.00476273
-0.01122135
-0.007744143
0.001674561
0.007299886
0.00785173
0.004994736
0.003419882
0.005050888
0.01051913
0.01357814
0.01085987
0.009497176
0.005298882
-0.001189309
-0.00437168
-0.007370451
-0.008791282
-0.007525432
-0.002769143
-0.002858872
-0.006406401
-0.00471623
0.000392981
0.009632173
0.008064465
0.002147478
0.003308271
0.001745664
-0.001472402
0.0004656319
0.009691567
0.0186472
0.01980188
0.01733657
0.01047609
0.001972385
-0.003817098
-0.005836661
-0.003091803
0.003181235
0.009680713
0.01678403
0.02329065
0.03014611
0.03639161
0.02863557
0.01975549
0.02031347
0.02863263
0.03674678
0.04146738
0.04257208
0.03530871
0.02410303
0.01975991
0.02277712
0.0243704
0.02219581
0.02280785
0.02822818
0.03098121
0.02990413
0.02345166
0.01171661
0.00350974
0.002240909
0.007533738
0.01812037
0.02121816
0.01456475
0.00536236
-0.0006525281
-0.001006416
0.003637696
0.00982711
0.01371132
0.01167852
0.006792771
0.002355826
-0.0008601792
-0.003314243
-0.01002579
-0.01425465
-0.01509405
-0.01307746
-0.007914158
-0.003771879
-0.001582901
-0.007099001
-0.01159714
-0.01503958
-0.01898998
-0.02027716
-0.0223834
-0.02449473
-0.02857365
-0.03017907
-0.03005966
-0.02953736
-0.02766356
-0.02532463
-0.02264196
-0.02032038
-0.01975319
-0.02164012
-0.02171044
-0.01919097
-0.01813316
-0.01782097
-0.02116956
-0.02514953
-0.0247231
-0.02288091
-0.01753808
-0.01010017
-0.004195313
-0.00134536
0.0008793337
0.002843928
0.003849723
0.002964438
-0.001353146
-0.006159309
-0.007074172
-0.003722375
-0.002948117
-0.002069819
-0.00362626
-0.0063251
-0.01265004
-0.023158
-0.0257834
-0.02390244
-0.02558739
-0.02373193
-0.02168471
-0.01912646
-0.01339704
-0.007375895
-1.752937e-05
0.005445677
0.009286064
0.01303567
0.01836424
0.02281153
0.02869089
0.0343479
0.03499773
0.0327375
0.02906356
0.02213581
0.01780702
0.01754089
0.01816931
0.01688726
0.0149718
0.01615509
0.01966195
0.02140624
0.018737
0.014244
0.01449808
0.01852513
0.01949831
0.01441473
0.004803374
-0.0005321448
5.037682e-05
0.005943019
0.006016562
0.002178405
-0.00117117
-0.002430766
-0.0006069004
0.003722085
0.006128372
0.004459759
0.004045747
0.001938535
0.002092664
0.006555274
0.01175738
0.01382605
0.01617625
0.01746462
0.01810223
0.01866028
0.01594006
0.01153989
0.006674609
0.006320784
0.009148341
0.01051322
0.007492095
-0.004422405
-0.01362881
-0.01694675
-0.01996787
-0.02126926
-0.02719738
-0.03206878
-0.0323869
-0.03109341
-0.02373909
-0.01402244
-0.001958779
0.004817207
0.004912194
0.005078582
0.00701467
0.00918128
0.009338489
0.006348999
0.003439071
0.004884543
0.003312855
-0.002831492
-0.01151462
-0.01284456
-0.008134068
-0.006632492
-0.006880216
-0.01023486
-0.009775721
-0.005911821
-0.003397382
-0.005453562
-0.0119651
-0.0181125
-0.02105608
-0.02139763
-0.02086403
-0.01689201
-0.01113906
-0.007746396
-0.00634375
4.877041e-06
0.005223345
0.008442614
0.01169962
0.01211491
0.01119502
0.007518075
0.003906407
-8.877947e-05
-0.001396266
0.001576169
0.001602844
-0.0009000802
-0.005459323
-0.005664186
-0.001649308
-0.004106329
-0.01051993
-0.01424175
-0.01317059
-0.007570625
-0.004040243
-0.005824059
-0.006398155
-0.00332575
0.003519635
0.007722202
0.01104953
0.01507011
0.0168527
0.01675984
0.013631
0.01460341
0.01514994
0.01008981
0.006782157
0.003819764
0.004179439
0.005375853
0.003667389
0.00296203
0.00283392
0.002210914
0.002346255
0.005685409
0.009417391
0.01396725
0.01766779
0.0174902
0.01374068
0.01064424
0.009914281
0.008326628
0.008215819
0.01055387
0.01421657
0.01351374
0.01335745
0.01289322
0.01095519
0.0100539
0.008400534
0.008345183
0.004359872
-0.001773386
-0.006192946
-0.008819976
-0.008126995
-0.008368059
-0.01228391
-0.01767945
-0.02083577
-0.02003628
-0.01827235
-0.01823051
-0.01741332
-0.0131141
-0.008558686
-0.005538853
-0.00697894
-0.01031007
-0.01269023
-0.01311604
-0.01485971
-0.0168936
-0.01185071
-0.0041495
0.001189091
0.001220789
-0.0003505122
0.001153242
0.003438575
0.006769927
0.008226192
0.005898913
0.003966121
0.001869378
-0.0005531098
-0.002331641
-0.003704723
-0.00711695
-0.01170103
-0.01414056
-0.01203844
-0.005687181
0.001273464
0.004521849
0.004223828
0.001532446
-0.001687614
-0.002773119
-0.002276326
-0.0009348735
-0.001433009
-0.002425287
-0.002654428
-0.001947911
-0.002162649
-0.00603293
-0.009377294
-0.009589963
-0.007695004
-0.005996671
-0.004736233
-0.003415403
-0.001924237
0.0003012832
0.002065618
0.003698871
0.004134873
0.005782149
0.005962784
0.005263082
0.005470819
0.005365908
0.005146554
0.002643346
0.0009902686
0.0006177193
0.001533041
0.002125118
0.001386195
-0.0001285654
-0.0004296817
-0.0006216124
-0.001948332
-0.003631432
-0.004213036
-0.003315951
-0.003512045
-0.003155253
-0.002833227
-0.002704025
-0.001824321
-0.0005462804
0.0001668276
-0.0006726738
-0.0005986987
0.00100235
0.001532839
0.002255658
0.00348279
0.00481583
0.005151024
0.004904941
0.004933242
0.00445239
0.004202942
0.003955995
0.003962728
0.004012709
0.003959447
0.003224075
0.001716343
0.0009737845
0.0007354444
-4.247199e-05
0.001025674
0.003044579
0.003033137
0.001940261
0.00140596
0.002637952
0.003918526
0.004106512
0.004024081
0.003432821
0.003471583
0.003861391
0.00349864
0.003018065
0.002604575
0.002325805
0.001755398
0.001341103
0.000855572
0.0001032222
-0.0003266229
-0.0004276959
-0.0001887194
0.0001827447
0.0005231201
0.0002402024
0.0002162649
-0.0004569762
-0.001087076
-0.001354677
-0.001534989
-0.001539229
-0.001679116
-0.001498665
-0.000898705
-0.0001060615
0.0003712701
0.0006060925
0.0003773383
7.6465e-05
-3.644179e-05
-0.0002993312
-0.0006361081
-0.0007992144
-0.000913224
-0.0009739345
-0.0006153429
-0.0001683682
-1.808777e-05
-0.0001518727
-0.0004653325
-0.0007598373
-0.0009266662
-0.0008399145
-0.0009710397
-0.001108639
-0.001119016
-0.001034457
-0.001029073
-0.001058903
-0.0009376203
-0.0008329121
-0.000574095
-0.0002901348
-0.0002541949
-0.0002365343
-2.10939e-05
9.485427e-05
9.488136e-06
-0.0001570998
-0.0002386315
-0.0001879451
-3.76179e-05
0.0001875316
0.0002905483
0.0003371884
0.0003157257
0.0003047511
0.0002926808
0.0002694238
0.0002700568
0.0002054462
0.0001423858
0.0001169674
7.990506e-05
4.772901e-05
3.410282e-06
-5.325559e-05
-7.865978e-05
-0.0001040238
-0.0001200746
-0.0001369906
-0.0001558389
-0.000170566
-0.0001805049
-0.0001834796
-0.0001801814
-0.0001700059
-0.0001544869
-0.0001334157
