0.001942245
0.00257976
5.629224e-05
0.001155861
0.001968806
0.0003102888
-0.001109552
-0.002433516
0.002087116
0.002647086
-0.0006352876
-0.002777304
-0.001106564
0.001724932
0.002101286
-0.001651323
-0.001282116
0.003626088
0.004508349
0.003114987
-0.002690898
-0.005098146
0.0008871627
0.001889768
-0.001701709
-0.00254021
0.0009532263
0.005349359
0.0006460694
-0.006975442
-0.005211939
0.003146881
0.000109239
-0.0006691062
-0.0001683746
-0.001007926
0.00272722
0.002917862
0.002203762
-0.0003147216
0.0006735519
0.002057582
-0.00160433
-0.006399465
-0.003689444
0.002142794
0.00111247
0.0007359625
0.002857432
0.004145559
0.004750282
0.0005650831
-0.0004377191
0.001684756
0.002806608
0.0006879165
-0.004486697
-0.001872594
0.003581186
0.005660802
0.003503337
0.001532529
0.0006857574
-6.00369e-05
-0.0008027742
0.0004026858
0.001331723
0.001503917
0.002833808
0.003464997
0.004289982
0.006048265
0.006345905
0.002639022
0.000988456
0.001296287
0.000803416
-0.001163358
0.005164504
0.005408065
0.003254622
0.0007329566
-0.001034932
0.002072777
-0.001137397
0.0005208868
-0.001770272
-0.002362115
0.00381884
0.001042153
-0.001650898
0.004421929
0.003130353
0.0004974746
0.002512733
0.005284829
0.002870222
-0.005727627
-0.005518799
0.0003724458
0.002568228
0.002900468
0.007993045
0.005749779
-0.008701869
-0.008179921
0.001626066
0.00202867
0.003313571
0.003448929
-0.003861715
-0.006489542
-0.0003178317
0.003015216
0.001363521
0.0008623839
0.002306384
0.002986401
-0.002090464
-0.005502692
-0.0007732826
-0.0008592956
-0.004547951
-0.003297769
-0.00165591
-0.007622233
-0.007188059
-0.004196748
-0.006496179
-0.004729893
0.000279991
0.002619512
-0.004147529
-0.004450832
-0.003644379
-0.007900187
-0.009088859
-0.002523493
0.007925011
0.002349312
-0.008212149
-0.009152974
0.002472601
0.004735592
-0.003371759
-0.002572473
-0.002070009
-0.002353968
0.007982311
0.009605747
0.002146082
0.003670573
0.003503902
-0.002162611
-0.005571866
-0.003001885
-0.001242805
-0.006257547
-0.009638253
0.001526239
0.005760848
-0.003120724
-0.009134059
-0.001041816
-0.002668136
-0.007633938
-0.006561342
-0.002627649
0.001595722
-0.004362549
-0.004811803
0.00153826
0.01225596
0.009342381
0.001436918
0.005752072
0.0123357
0.007173014
-0.004564598
-0.001828412
0.00495717
0.009717032
0.01046625
0.004063226
-0.0009291404
-0.002789089
-0.002483579
-0.006043872
-0.01387083
-0.008866186
-0.005162045
-0.006818007
0.002893929
0.004978302
0.002298254
0.006120703
0.00473299
0.004936474
0.007933737
0.01000076
0.005397995
-0.01002187
-0.01010501
0.001693816
0.002014586
-0.001347867
0.004656338
0.0129076
0.009831762
-0.0049139
-0.002074764
0.00105507
-0.004957358
-0.001034988
-0.00487176
-0.008882955
-0.004090531
0.00722479
-0.002499431
-0.01679937
-0.006447958
0.004211494
0.009763806
0.001590994
-0.008663639
-0.01283703
-0.01316503
-0.006284692
-0.0008537738
0.003847842
0.009186957
0.01954855
0.01368194
-0.0007332931
-0.0006818671
0.009799058
0.01830016
0.003599319
-0.004882583
0.003458372
0.01381689
0.009601638
0.001767428
-0.001228924
-0.01012496
0.0001886653
0.007072027
0.000889187
-0.009401195
-0.01183044
-0.001465825
-0.005438333
-0.01424972
-0.01439825
-0.008775629
-0.003187685
0.002895977
-0.0005400226
-0.003582304
-0.003218808
0.002449706
0.003267099
0.00295535
0.009407219
0.008645645
0.00163453
-0.004249487
0.002146274
0.001019534
-0.006093589
-0.002888393
0.00173868
0.001366732
0.001699602
0.004782389
0.003848416
0.00300828
0.006414402
0.004886783
-0.0007279782
-0.003743781
-0.0009833263
0.001300787
0.001838658
-0.001957452
-0.003109724
-0.004674078
-0.008655835
-0.004921291
0.000656389
0.001868468
0.002181925
-0.0002208799
-0.01161499
-0.01554065
-0.005774865
0.003301403
0.003825989
-0.002815946
-0.005755283
-0.002938762
0.005444917
0.006266315
0.001167631
-0.005515115
-0.007282482
0.003223808
0.007358157
0.005312324
0.00200271
0.004635614
0.002777456
-0.002288603
-0.003013545
0.002551852
0.009547288
0.005677681
-0.001537526
-0.003751676
-0.003200607
-0.0033921
-0.002436095
-0.001444391
0.002881691
0.005256511
0.00265169
-0.002969273
0.0005489624
0.004417056
-0.003284711
-0.002097181
0.001881068
0.006236715
0.007247781
-0.001038454
-0.01073841
-0.01485183
-0.008229752
0.003453566
0.009839002
0.001226357
-0.00706397
-0.008308139
-0.007134908
-0.00328622
-0.004818033
-0.005533848
-0.006121144
-0.003576022
-0.001358322
-0.005588043
-0.003547825
-0.003637369
-0.008575995
-0.0137737
-0.01091035
-0.00333766
0.002678508
0.005896815
-0.0009736998
-0.002363756
0.003490226
0.008294628
0.008700787
0.004291524
0.007383341
0.006083036
0.004212549
0.004862481
0.009290493
0.01427542
0.007246788
0.005099875
0.0021696
0.0009131433
0.004253825
0.006169565
0.003560585
-0.002555158
-0.006158641
-0.0005107268
0.007289386
0.003439058
-0.000583651
-0.003325242
-0.002339754
-0.001160468
-0.01311776
-0.01350826
0.003503463
0.0116575
0.005310203
-0.002279459
-0.002996362
-0.005741027
-0.003693733
0.0008392997
-0.006359709
-0.007196979
0.0002236694
0.0006746566
-0.009562937
-0.01633049
-0.008536529
-0.01211149
-0.01789271
-0.005680108
0.00365609
0.002462827
0.000275062
0.007562076
0.006831889
-0.00513564
-0.007262209
-0.001688801
0.001671207
-0.001128567
-0.003292882
-0.006800538
-0.005940555
-0.005756834
-0.005318114
0.0001124843
0.005191182
0.005542178
-0.007774827
-0.02393355
-0.02376922
-0.007879549
0.0013842
-0.0003303107
-0.006769463
-0.01113088
-0.01077785
-0.002505548
0.001686755
-0.001567963
-0.005356143
-0.005666124
-0.01170749
-0.01894021
-0.001813294
0.007464721
-0.002503646
-0.003845874
0.003076957
0.01186333
0.01141767
0.001197363
-0.003545551
-0.003405726
-0.01233676
-0.01736936
0.0008897422
0.02087468
0.02578402
0.01674384
9.445749e-05
-0.005179886
0.0005291283
-0.004343338
-0.009111765
-0.01142607
-0.007353143
0.002281846
0.004298454
0.001888261
-0.003682912
-0.005130227
-0.008980663
-0.01088596
-0.007902399
-0.005789918
-0.008385758
-0.0124912
-0.01487386
-0.01040927
-0.004374891
0.003908583
0.006082256
-0.003323111
0.00232162
0.01357839
0.01022876
-0.003331073
-0.01389823
-0.01136756
0.001101985
0.0007052495
-0.009273367
-0.01063809
-0.006012344
0.01225487
0.03313533
0.03706543
0.02628509
0.01641458
0.02050584
0.02842719
0.02440537
0.01074352
0.00503665
-0.002432779
-0.01554689
-0.0233825
-0.01578653
-0.01685343
-0.01289376
0.008352861
0.007811265
-0.003926872
-0.004433791
0.01926593
0.02907631
0.005576548
-0.01988671
-0.01744176
-0.01218058
-0.01220607
0.006415069
0.02185686
0.02230669
0.02427327
0.02876434
0.009472067
-0.01460808
-0.008980736
0.01712923
0.03316262
0.02496488
0.003026726
0.00505959
0.02645103
0.03839523
0.02733741
-0.009283644
-0.03428078
-0.03782529
-0.01690407
0.005061628
0.01030952
0.006715039
-0.001621427
-0.004245893
0.004990199
-0.0002250692
-0.03167882
-0.05644443
-0.05813152
-0.03911771
-0.004749842
0.04353592
0.05672348
0.02697007
-0.01436748
-0.02699816
-0.003702393
0.004616709
0.00314993
0.008079571
-0.002230609
-0.01584763
-0.02133627
-0.02738081
-0.01753682
0.0001907583
0.001549373
0.004134028
-0.0004090783
-0.003001945
0.01054057
0.001511498
-0.007800111
-0.003835401
-0.002367651
-0.0143639
-0.03875723
-0.05130429
-0.03246288
-0.0001809358
0.01662863
0.0008481735
-0.0133421
0.00102456
-0.001155218
-0.01892978
-0.02874833
-0.008856336
0.02491072
0.04530966
0.04362764
0.04028506
0.05237201
0.04970671
0.02644251
0.01071712
0.005553833
-0.003088672
-0.01260022
-0.01866927
-0.01313888
0.001232875
0.002789345
-0.009675106
-0.0123802
-0.01319319
0.004071279
0.04675822
0.08014787
0.06890742
0.04739148
0.03798193
0.01823263
0.01116703
0.0287834
0.05096732
0.0701147
0.06779108
0.05030516
0.05912096
0.06735842
0.0406211
0.009089776
-0.01367261
-0.04598627
-0.07036433
-0.04181256
-0.007452903
-0.005964788
-0.01727767
-0.0425258
-0.04856427
-0.04391518
-0.03095308
-0.01369577
-0.01123458
-0.02635513
-0.01998836
0.01707836
0.0007695124
-0.03615354
-0.04824775
-0.03573956
0.0002347403
0.03346728
0.03786749
0.003076236
-0.02210254
-0.0291039
0.01266911
0.07456569
0.09169039
0.08675454
0.05343615
0.01137637
-0.003769685
0.003224374
0.002525594
-0.01240729
-0.02655987
-0.04531265
-0.03676615
-0.007566699
-0.005649181
0.005392234
0.03678877
0.04168774
0.03052886
0.009413753
-0.03181779
-0.06204456
-0.05400501
-0.03477299
-0.03132956
-0.02967419
-0.03683366
-0.02812805
-0.007122261
-0.02516819
-0.05598145
-0.06099893
-0.02344058
0.02486754
0.01855161
-0.02057466
-0.03749452
-0.02516077
-0.0003779243
0.01622248
0.02867659
0.03907641
0.02711069
0.02325602
0.03179128
0.02072724
0.001252288
-0.004279269
0.01584421
0.02239047
0.001192735
-0.0286903
-0.02716346
-0.008030404
-0.02447086
-0.0253451
-0.0212448
-0.01781465
-0.01480983
-0.03276499
-0.03703787
-0.003581976
0.01896196
0.008011137
0.005550794
0.01213071
0.01668898
-0.002806379
-0.03766804
-0.05134941
-0.02664817
0.0001481383
-0.003843228
-0.03309693
-0.03461582
0.004036971
0.034083
0.03120955
0.005564607
-0.006928461
0.007366729
0.02464236
0.01984315
-0.01952692
-0.03972303
-0.007194319
0.01425515
0.01529544
0.01790347
0.02116634
0.03034826
0.04320831
0.0439324
0.05171183
0.05432699
0.01931028
-0.01590227
-0.02101258
0.003991582
0.04089609
0.05229447
0.03961984
0.0105232
-0.00514819
0.01409603
0.0337503
0.03183666
0.003839587
-0.02910143
-0.03646084
-0.005507022
0.03704522
0.03936356
0.01549953
-0.00575025
0.01115409
0.04898169
0.07100031
0.0656197
0.0370555
0.0154834
-0.001660879
-0.005065758
-0.004881257
-0.02275688
-0.04039994
-0.0532796
-0.045287
-0.02084282
-0.003528438
0.003509441
-0.0001065794
0.004357839
0.02884996
0.03572566
-0.002384724
-0.02519001
-0.03070119
-0.02428347
-0.009111093
0.002236285
0.01941806
0.04096748
0.04996682
0.02632615
-0.01331831
-0.03426413
-0.01968743
0.02507004
0.04010676
0.02130497
0.01857125
0.008249745
-0.02472086
-0.002288123
0.04773153
0.05132385
0.03775364
-0.0117583
-0.07001368
-0.08671631
-0.08562096
-0.0720612
-0.06224689
-0.06176455
-0.05451452
-0.04669838
-0.02660247
-0.006011856
0.01130966
0.02166049
0.02030274
0.00855222
-0.02357689
-0.04327933
-0.03056312
-0.009939867
0.005209046
0.02502446
0.04109443
0.04704294
0.03080544
-0.008599328
-0.03511537
-0.05503712
-0.05703033
-0.04937128
-0.0375853
-0.01339919
0.01223022
0.03473231
0.04235872
0.0239017
0.009335971
0.01399112
0.02076685
0.01535257
-0.02532312
-0.07285831
-0.08236076
-0.04940366
-0.003363033
0.0433304
0.07589479
0.09100392
0.07195937
0.03206399
0.007589978
-0.003725009
-0.0192373
-0.05182744
-0.06004163
-0.05728674
-0.05576197
-0.06344882
-0.07738826
-0.06354291
-0.01986868
0.02440633
0.03729594
0.02072999
0.001434523
-0.001908145
-0.01502139
-0.008735261
0.00976231
0.02141262
0.02497229
0.001738606
-0.02315462
-0.02086485
0.016262
0.05322769
0.05116308
0.01819248
-0.01218121
-0.02364716
-0.03359535
-0.04730427
-0.02505106
-0.00402287
-0.009830878
-0.009317946
0.000710567
0.00817276
0.007020032
0.01280228
0.02626514
0.04405381
0.05701584
0.05424947
0.03432467
-0.0147599
-0.03736935
-0.03161973
-0.0315352
-0.01313861
-0.03024719
-0.07327704
-0.09599766
-0.09933524
-0.06742262
-0.05214009
-0.07332969
-0.0749098
-0.05340016
-0.01830311
0.01228248
0.02938571
0.04851161
0.05087687
0.0453412
0.05693949
0.05161293
0.04398932
0.05954623
0.06169117
0.05015586
0.04306062
0.04715477
0.04886825
0.03540719
0.03150964
0.03415438
0.02374413
-0.01552701
-0.05318961
-0.05288373
-0.03543472
-0.01392713
-0.01190255
-0.02879999
-0.0343785
-0.02218452
-0.01742124
-0.03334765
-0.02524081
-0.01364863
-0.01521853
-0.0200096
-0.04546586
-0.06608732
-0.0557936
-0.007494685
0.05020659
0.05234745
0.01429623
-0.000258271
0.005154748
0.009953727
0.000810326
0.005280865
0.0171617
0.02306432
0.02741042
0.01873112
-0.001421136
-0.02181207
-0.008004455
0.03121442
0.02418855
-0.02920347
-0.04150887
-0.0009374701
0.05508489
0.0813661
0.04648401
0.001373377
-0.001288941
-0.005164038
-0.02418716
-0.02833765
-0.02985655
-0.04985377
-0.06916963
-0.04269768
0.0157992
0.04658779
0.03888769
0.01860283
0.0108599
-0.005848835
-0.02183337
-0.03463652
-0.0388268
-0.02836273
-0.02091175
0.001211936
0.03072654
0.05091325
0.04780519
0.02689712
0.005259749
-0.006721284
0.01856542
0.05624513
0.06919494
0.06027084
0.01301515
-0.01082032
-0.007667608
-0.01328078
-0.01752715
-0.01751196
0.01662733
0.04257806
0.03984333
0.02715748
0.02627507
0.0469167
0.04782643
0.01882874
-0.007614867
-0.02592805
-0.04295706
-0.04144655
-0.01984204
0.006008733
0.03031522
0.01883502
-0.009490488
-0.007463854
-0.0002240003
0.01960877
0.04600219
0.05761172
0.039577
0.01351793
-0.005024752
-0.02008618
-0.03911744
-0.05739492
-0.03271613
0.01352955
0.02858668
0.02739012
0.04126406
0.04528276
0.03889133
0.02648701
-0.005206528
-0.02689489
-0.02968673
0.005322629
0.05178965
0.05335831
0.04421901
0.04181885
0.02351995
0.00872067
-0.005125929
-0.02406233
-0.01809644
0.001482356
0.0168659
0.02789608
0.04657218
0.03908427
-0.002354349
-0.02688748
-0.02250668
-0.01100934
-0.02119821
-0.05728591
-0.07221982
-0.0425114
-0.01776527
-0.02484518
-0.03893556
-0.03293295
-0.01017888
0.01030262
-0.00492913
-0.03103306
-0.02445211
0.004047614
0.02639062
-0.006991008
-0.0586643
-0.06441413
-0.05292596
-0.04738337
-0.02569418
-0.003858107
0.001689584
0.003155236
0.002804268
0.00670058
0.01683725
0.0454655
0.06860105
0.08056149
0.04398726
0.01149508
0.03303535
0.05125247
0.062555
0.07370862
0.09096898
0.08777731
0.03065315
-0.03735441
-0.04577664
-0.02702912
-0.005813204
0.01865345
0.02992641
0.02766907
0.01608485
0.001613009
0.0002991687
-0.01028341
-0.04972587
-0.09535464
-0.1149856
-0.09668078
-0.05908978
-0.04525152
-0.06343616
-0.07273048
-0.05372183
-0.008651173
0.01723125
-0.006491985
-0.02463684
-0.0175826
-0.02030913
-0.01361393
0.00334962
0.01088633
-0.001243588
-0.009970782
-0.006031614
-0.01284835
-0.01378376
-0.00584517
-0.002489442
0.003772267
0.03056454
0.05360116
0.04978017
0.04215254
0.01086908
-0.01729523
-0.01128036
0.009051231
0.01962346
0.01208254
0.01325037
0.02399498
0.04999879
0.07841797
0.08493673
0.05615736
0.02654669
0.01678013
-0.001167856
-0.03126404
-0.06593594
-0.01890279
0.05616813
0.07048274
0.05315594
-0.01337158
-0.0487891
-0.0313084
-0.01782202
-0.01404502
-0.00899098
0.01630394
0.02799002
0.01225952
-0.01062831
-0.02803773
-0.03556641
-0.03621417
-0.02758706
-0.0257144
-0.02210774
0.007154986
0.03857399
0.04597811
0.02748444
0.009430388
-0.008000446
-0.02250694
-0.01422153
-0.01305573
-0.03226136
-0.05095699
-0.06925277
-0.08625725
-0.1004832
-0.09492531
-0.0439172
-0.01149655
-0.03115302
-0.05517203
-0.02057572
0.03033447
0.05206756
0.04625351
0.006040988
-0.01854004
-0.02595242
-0.03343825
-0.03145337
-0.01104322
0.01716891
0.03796973
0.05412852
0.04659578
0.02158126
0.001189377
-0.01623125
-0.01664235
0.008012031
0.01111993
-0.004277011
-0.01052965
-0.02463527
-0.03879087
-0.03539737
-0.004765789
0.01454685
0.01363493
0.03357284
0.0564055
0.05436036
0.03164798
0.01266269
-0.01034345
-0.02036294
-0.001539896
0.01200465
-0.002492645
-0.04632616
-0.07373257
-0.07744948
-0.004166597
0.06305851
0.06533512
0.05502594
0.02565808
0.02900569
0.04787973
0.05714742
0.06544918
0.07391821
0.07167316
0.06343663
0.0480703
0.01605146
-0.01540843
-0.0460513
-0.05713056
-0.03197739
-0.02215073
-0.003819319
0.02802914
0.03344531
0.03045465
0.02525262
0.02092372
0.02386232
0.01228836
-0.02282414
-0.05896072
-0.0577602
-0.03430839
-0.01113911
0.03337571
0.07707861
0.09020906
0.06638897
0.04693756
0.01353152
-0.03949422
-0.07844497
-0.07597251
-0.01270805
0.034215
0.03894166
0.04233213
0.04961185
0.06226902
0.06156826
0.05417325
0.0470516
0.02181067
-0.002812145
-0.005815037
0.02113845
0.04467392
0.02452177
0.009295201
0.02139443
0.02613742
0.01746333
-0.006999336
-0.02255944
-0.003726172
0.02777856
0.03172697
0.02380463
0.02121382
0.005301816
0.00664617
0.01645551
0.01978886
0.008365878
-0.04912234
-0.08780789
-0.0974061
-0.0997776
-0.09570371
-0.09253254
-0.07401954
-0.048033
-0.01444746
0.001138139
-0.01057146
-0.02352852
-0.02578782
-0.01283076
0.008114945
0.03406069
0.04630681
0.02695129
-0.008007164
-0.007990839
0.01074962
0.01983171
0.03183609
0.03407704
0.01721849
0.004692893
0.003338339
-0.007266593
-0.03179758
-0.06403162
-0.08493244
-0.07912861
-0.06468337
-0.06467316
-0.05944769
-0.02453104
0.02637207
0.03604678
0.02310401
0.008887264
-6.322455e-05
-0.007545932
-0.02576006
-0.03161892
-0.01626791
0.001529063
-0.02240114
-0.04324075
-0.03838349
-0.02316814
-0.0105599
-0.01808442
-0.03653519
-0.06139869
-0.05920975
-0.01871063
0.03130712
0.06561178
0.0655149
0.04040456
0.02195176
-0.001595936
-0.02642985
-0.03621469
-0.05315993
-0.07332735
-0.09398946
-0.09638236
-0.05817212
-0.001272418
0.04259576
0.05340269
0.04331695
0.03016714
0.02284866
0.02457147
0.009394917
-0.002684916
0.01192049
0.02647184
0.03984101
0.04871809
0.0405571
0.005763912
-0.03718214
-0.05471693
-0.02812244
0.01951567
0.04976584
0.05401112
0.04197106
0.01503392
-0.00422977
0.006307882
0.01077347
-0.01763247
-0.04387806
-0.05310493
-0.05728079
-0.04394527
-0.0201874
0.01307484
0.03915117
0.04547419
0.03899417
0.04341692
0.04110768
-0.002823681
-0.02744848
-0.01953528
0.007446815
0.02981341
0.03261743
0.01496433
-0.01693307
-0.01715232
0.002598996
0.0125828
0.03533394
0.06721
0.06668474
0.04283719
0.00759827
-0.02272526
-0.03107188
-0.01394094
0.004989287
0.01847985
0.02925722
0.02203872
0.00111347
-0.01926608
-0.02616226
-0.02291045
-0.01114266
-0.008432475
-0.02102331
-0.04592656
-0.08049942
-0.08352163
-0.05556031
-0.0502685
-0.05585601
-0.05714014
-0.04908923
-0.03757847
-0.04593222
-0.06696559
-0.07025708
-0.05014365
-0.03192741
-0.01362754
0.005437333
0.01843525
0.0224643
0.02479404
0.01057325
-0.004177933
0.003655723
0.006368979
7.563513e-05
-0.01005903
-0.002628271
0.008733567
0.01953134
0.02581358
0.0069722
-0.01702222
-0.02504854
-0.01035436
0.007564037
0.0135617
0.01153094
0.01182374
0.01147394
0.01778372
0.007096222
-0.01672174
-0.02530395
-0.007805791
0.01311243
0.02030655
0.04124314
0.06213382
0.07338652
0.07759817
0.07757885
0.07114272
0.0542424
0.03723703
0.02589572
0.006537204
-0.005858789
-0.006495202
0.003622244
0.02663861
0.03735174
0.03279343
0.0108584
-0.002663675
0.004956814
0.0195745
0.03362405
0.0332508
0.03390367
0.04006046
0.03112635
0.01985848
0.01419042
0.005033948
-0.00799546
-0.01508643
-0.01235888
-0.008012584
-0.007308711
-0.002828796
0.009022657
0.009700012
0.004730645
0.005215219
0.003445594
-0.00950629
-0.02205323
-0.02917276
-0.03577718
-0.02961427
-0.01313711
0.02045564
0.0561037
0.07326528
0.06913843
0.03440139
-0.006374048
-0.02552651
-0.02828145
-0.02842315
-0.02602097
-0.01404303
-0.004413135
-0.006339835
0.002053825
0.02161546
0.03254994
0.03851703
0.03165761
0.006121989
-0.00450633
0.01648127
0.05569831
0.07981119
0.0690258
0.02279642
-0.01632457
-0.03664697
-0.04640727
-0.04523826
-0.03689866
-0.0224768
-0.01425857
-0.01099755
-0.01445526
-0.01345456
-0.0007197725
0.005646133
-0.003042141
0.002695445
0.007990351
0.001417557
0.01743062
0.04066427
0.04483922
0.02203108
-0.008850348
-0.01110344
0.005451249
0.01463644
0.009735425
-0.002904326
-0.02006268
-0.03389379
-0.04214244
-0.04852959
-0.05152626
-0.04696677
-0.03568242
-0.02352699
-0.007666919
-0.001091908
0.001201142
0.008857353
0.01293744
0.008152716
0.001828808
0.01314988
0.01946683
0.004189364
-0.01448368
-0.02882989
-0.03436738
-0.02858184
-0.02799525
-0.02141616
-0.007868426
-0.001459672
-0.004766418
-0.0130885
-0.01425427
-0.02070058
-0.0344409
-0.05240505
-0.06703583
-0.07227446
-0.0682168
-0.06195492
-0.04906305
-0.02454011
-0.009306321
-0.008994105
-0.02184193
-0.02772417
-0.01578395
-0.006979218
-0.002479902
0.0004149549
0.0008536519
0.005528409
0.001588246
-0.007779336
0.001019281
0.01232914
0.005837956
-0.001883345
0.003862413
0.02302321
0.03966155
0.04591221
0.02972797
0.001069125
-0.0118195
-0.006475617
0.01696714
0.03148796
0.02681442
0.01387786
0.001527799
0.003953459
0.001457619
-0.006833861
-0.01284666
-0.018326
-0.01596664
0.006617279
0.03692566
0.04895972
0.05024094
0.03858754
0.03855806
0.04969554
0.04504444
0.0277994
0.008514367
-0.002894232
-0.00571953
-0.008221489
-0.01650583
-0.02321019
-0.0282856
-0.01548144
0.01005946
0.01915694
0.01338078
0.006410205
0.01585857
0.03033349
0.03208697
0.02494095
0.01025306
-0.001914421
-0.005694439
-0.006171696
0.005790966
0.01888991
0.02278641
0.02798443
0.03833754
0.048913
0.03489932
0.02326021
0.04702427
0.07926555
0.09296833
0.08284392
0.05154328
0.03836702
0.05439235
0.06215873
0.04636107
0.0166394
-0.01457556
-0.03434816
-0.03716223
-0.03150011
-0.03475687
-0.04712222
-0.06317284
-0.07657757
-0.05679661
-0.02868429
-0.002537506
0.0257778
0.03538732
0.04160228
0.04517443
0.02419109
-0.0008324656
-0.008462983
-0.0135231
-0.02487559
-0.03773769
-0.04958999
-0.04671654
-0.03563822
-0.0256207
-0.003225475
0.01348019
0.01231851
-0.002059306
-0.01663602
-0.0178844
-0.01125022
-0.01763531
-0.03624103
-0.04160817
-0.02818588
-0.0132489
-0.01239812
-0.02103538
-0.02956247
-0.02316187
-0.01469985
-0.007497525
0.002982057
-0.0009754407
-0.0120556
-0.01161996
-0.001954334
-0.003825931
-0.01038545
-0.006915307
0.003923314
0.01633784
0.02319336
0.01585456
0.006102441
0.0006516631
-0.001496355
0.002070686
0.0005326272
-0.003014831
-0.00604515
-0.008752129
-0.005397248
0.009529532
0.02088529
0.01970117
0.01986345
0.02225443
0.01039499
-0.0180476
-0.03853012
-0.04203678
-0.03445808
-0.02812888
-0.02734543
-0.02574903
-0.02354981
-0.02305501
-0.01832721
-0.01194905
-0.01110745
-0.01020873
-0.01330433
-0.02201708
-0.018754
-0.0004989602
0.01054264
0.001312755
-0.01692577
-0.02810487
-0.02593523
-0.006887655
0.01551062
0.02086776
0.01946025
0.02189713
0.02446457
0.0220544
0.01878846
0.02128041
0.02078581
0.01568999
0.01305134
0.009613018
0.01206519
0.01954495
0.01258252
0.002234714
-0.01201051
-0.0254428
-0.02400042
-0.01590969
-0.003236098
0.002907455
0.003116648
0.00248026
-0.0002930271
0.001202385
0.005116217
0.006157728
0.008193741
0.01084175
0.01152218
0.008396994
0.005436023
0.004847573
0.002485343
-0.008310247
-0.02500552
-0.02919457
-0.01654852
0.0001826299
0.0154307
0.02153753
0.01510345
0.004813782
-0.00161723
0.002897377
0.01351872
0.02176245
0.01966848
0.0206243
0.02590697
0.01728601
0.00407302
-0.0001843753
0.001417109
0.004625094
0.005230038
0.006614261
0.008841006
0.009633628
0.007461111
-0.0003254862
7.443602e-05
0.009202499
0.01663124
0.0174361
0.0130512
0.002853323
-0.007922897
-0.01449876
-0.02049424
-0.02373062
-0.01887942
-0.01874776
-0.0203093
-0.01778268
-0.01673405
-0.01894941
-0.02754997
-0.02980205
-0.02737744
-0.02395118
-0.01564729
-0.003642832
0.005988082
0.005801497
0.0001997312
-0.005763115
-0.01187896
-0.01736445
-0.0232202
-0.02516526
-0.01622999
-0.01217338
-0.02484885
-0.0396245
-0.05041501
-0.05432358
-0.05225495
-0.04266586
-0.02255241
-0.004038323
0.006988964
0.005463112
-0.01195536
-0.02203085
-0.01998365
-0.0119674
0.003732502
0.01744443
0.02071971
0.01476094
0.01408474
0.01932148
0.01990906
0.007508987
-0.003978191
-0.0002622695
0.002453031
0.005011252
0.009910371
0.01054691
0.01018793
0.009362808
0.01645595
0.0213469
0.01135198
0.003132878
-0.003709225
-0.01072779
-0.01139583
-0.00966994
0.0004974742
0.01559557
0.0212403
0.02166263
0.02043971
0.0137047
0.00979203
0.01157198
0.01968919
0.02465562
0.02458019
0.02728936
0.02851442
0.02962219
0.03277608
0.03860033
0.03957447
0.03583418
0.03669816
0.03580061
0.03166557
0.02838631
0.02429004
0.02934112
0.0390995
0.04303878
0.04119976
0.03163118
0.0172737
0.0009343592
-0.01613122
-0.032136
-0.03983085
-0.04021331
-0.03294986
-0.0216625
-0.01451023
-0.01231311
-0.01271088
-0.008558426
-0.001644834
0.0008470574
-0.002082352
-0.005425881
-0.002587192
0.003051397
0.002176266
-0.005307446
-0.01394886
-0.01511571
-0.009228247
-0.007152521
-0.008762057
-0.004138373
0.00541089
0.01215005
0.01525495
0.010768
0.0004619374
-0.01083352
-0.01614668
-0.01435146
-0.009017867
-0.003935189
-0.0002856124
0.007816263
0.0151562
0.01956669
0.02271443
0.02652414
0.03024205
0.02756456
0.01894558
0.004546246
-0.008839204
-0.01991843
-0.02272751
-0.0155671
-0.008381192
-0.002435606
0.0007865793
-0.002410096
-0.006773652
-0.003285249
-0.0007638065
-0.003779945
-0.006468664
-0.007799764
-0.008008864
-0.009390966
-0.01166353
-0.01320985
-0.01304053
-0.009924438
-0.003805464
0.00132615
0.002653163
0.003751696
0.006941227
0.006868798
0.004252489
0.004290218
0.001776927
-0.001155586
-0.002627459
-0.006832932
-0.01186155
-0.01220632
-0.00825282
-0.002361316
0.001861466
0.004801087
0.006194387
0.008083406
0.009923466
0.01021006
0.00825368
0.006540056
0.005395591
-0.0002011739
-0.00401702
-0.007235146
-0.01052264
-0.009510825
-0.006358034
-0.003508185
-0.002443337
-0.00128057
-0.004738403
-0.007709697
-0.007128332
-0.006709148
-0.002183445
-0.0004035834
0.001421158
0.006781218
0.013759
0.021717
0.02466577
0.02246559
0.02215853
0.01775208
0.01128625
0.002621308
-0.00268682
0.001730751
0.003045481
-0.00253703
-0.01281154
-0.01945587
-0.01808403
-0.01760366
-0.02193974
-0.02602999
-0.02721631
-0.02802217
-0.02844961
-0.02620057
-0.02593849
-0.02823151
-0.0302318
-0.0313253
-0.02709543
-0.01873965
-0.01407934
-0.008784592
-0.004734241
-0.004370171
-0.003300263
-0.001877435
0.004289411
0.0115599
0.01642318
0.0194678
0.01879453
0.01555493
0.01226433
0.01146151
0.01468972
0.01840856
0.01937646
0.01961811
0.01879591
0.0167089
0.01207903
0.008039741
0.00470119
0.001508499
0.002680386
0.001567472
0.0008319573
0.001281681
0.002248544
-0.0008492941
-0.008199513
-0.01111273
-0.0125592
-0.01089568
-0.009465743
-0.01155685
-0.01685993
-0.01875622
-0.01531077
-0.008047458
-0.002240709
-0.002046001
-0.001596294
-0.001746348
-0.005727523
-0.0135694
-0.01781374
-0.02041792
-0.02381566
-0.025765
-0.0229234
-0.01445854
-0.005481648
-1.151435e-05
0.0005911785
0.00211799
0.00400996
0.006451709
0.009980778
0.01456656
0.02027129
0.02338929
0.02187854
0.01984656
0.01871422
0.01811636
0.01687692
0.01444407
0.01119727
0.007141603
0.006286697
0.005848969
0.001970779
-0.001477991
0.0008209368
0.008169883
0.01244557
0.01069305
0.009313856
0.007353257
0.002957918
0.0006545967
-0.0002370457
0.0003319507
0.003220426
0.005947739
0.007547952
0.009684682
0.008970513
0.004433381
0.002006628
0.002156394
0.004850038
0.01078422
0.01576266
0.01735572
0.01789818
0.01954734
0.02218997
0.02487953
0.025933
0.02595526
0.02698527
0.02609768
0.02042832
0.01461821
0.0131278
0.0128165
0.01192788
0.009681643
0.008707342
0.0099801
0.01026142
0.008148792
0.005983125
0.002950458
-0.003225851
-0.009570462
-0.01487263
-0.01937921
-0.02111546
-0.01893492
-0.01828744
-0.020141
-0.02118162
-0.01902556
-0.01818122
-0.01808659
-0.01824695
-0.01731082
-0.01563213
-0.01432472
-0.01577438
-0.01929769
-0.01847173
-0.0197541
-0.02372316
-0.0296445
-0.03233652
-0.03049669
-0.02688817
-0.0263417
-0.02893377
-0.03330151
-0.03677918
-0.0394739
-0.03997192
-0.04062769
-0.04251438
-0.03893701
-0.0334344
-0.02896185
-0.02257846
-0.01552965
-0.0101592
-0.007791631
-0.005903651
-0.002203026
0.001089518
0.003118913
0.002028515
0.0005656833
-0.0009799246
-0.001027299
0.0005553676
-0.001466325
-0.004698247
-0.00610055
-0.00433111
-0.0002549184
0.001089846
-0.0008497641
-0.006384373
-0.00755979
-0.004874064
-0.001813672
0.002741841
0.006387465
0.01030119
0.01273659
0.01333759
0.01571862
0.01834014
0.0200969
0.02135736
0.02137603
0.02120763
0.02230991
0.02371497
0.02320132
0.02388062
0.02783453
0.03468226
0.04313526
0.04594346
0.04529723
0.04513754
0.04340751
0.04078634
0.03865337
0.03809253
0.03650789
0.03205974
0.02645015
0.0205917
0.01676874
0.01778023
0.01972409
0.02008912
0.01987092
0.02062922
0.02066082
0.01697569
0.0143812
0.01364362
0.01158191
0.009653195
0.005342064
0.001069778
-0.0004349311
0.0005292936
0.003112482
0.004318159
0.007487946
0.01044376
0.01010402
0.009846331
0.008533491
0.007193773
0.003753321
-0.001433309
-0.00581234
-0.008889627
-0.01033273
-0.01140267
-0.01095546
-0.01139474
-0.01267563
-0.0144781
-0.01715519
-0.01901967
-0.02094642
-0.02199228
-0.02191827
-0.0215388
-0.02036551
-0.0197625
-0.02041368
-0.01887214
-0.01528985
-0.01494867
-0.01795662
-0.01990093
-0.0192453
-0.01863466
-0.01901414
-0.01867018
-0.01770094
-0.0167647
-0.01684796
-0.01711244
-0.0156187
-0.01294951
-0.01079541
-0.009678702
-0.00917454
-0.008210565
-0.007431245
-0.007548436
-0.007920594
-0.008244143
-0.00812732
-0.007361299
-0.007037548
-0.006603936
-0.006183655
-0.00673411
-0.008089592
-0.00925673
-0.009720542
-0.009476511
-0.007888274
-0.006522722
-0.005367326
-0.002880189
-0.0005864757
0.000351844
0.001064648
0.001401662
0.001571686
0.00163811
0.001078272
0.001084284
0.001320508
0.001351311
0.00133196
0.002337298
0.003677943
0.004778694
0.005798278
0.00551502
0.005069927
0.004511623
0.00463941
0.005327612
0.005454729
0.006147413
0.006471482
0.00657408
0.006220126
0.005207568
0.004765285
0.004869295
0.005451374
0.00638699
0.007267328
0.007568868
0.007079339
0.006452149
0.00615166
0.00636187
0.006605689
0.006135243
0.005502025
0.004917352
0.004454825
0.004468112
0.004521201
0.004650288
0.004361115
0.00364178
0.003336201
0.00310256
0.002841174
0.002402862
0.001904257
0.001626282
0.001809985
0.002273008
0.002602694
0.002625557
0.002267338
0.001636676
0.0008750501
0.0001770995
-0.0002877373
-0.0006365659
-0.0008189254
-0.0005359957
-0.0002133061
-0.0003651879
-0.0006649287
-0.0009194558
-0.001004834
-0.000956989
-0.001049501
-0.001149711
-0.001177574
-0.001129158
-0.001118459
-0.001328784
-0.001542946
-0.001695231
-0.001666002
-0.001516239
-0.001398186
-0.001310759
-0.001243009
-0.001167349
-0.001122791
-0.001089304
-0.00106539
-0.001077781
-0.001068892
-0.00100757
-0.0009364316
-0.0008638998
-0.0007981884
-0.0007170346
-0.0006571183
-0.0006203239
-0.0005719028
-0.000511976
-0.0004479405
-0.0003800511
-0.0003061832
-0.0002268044
-0.0001467908
-6.808499e-05
8.221236e-06
8.160685e-05
0.0001514668
0.0002171542
