1.275673e-07
-2.091188e-07
1.120665e-06
-1.31495e-06
3.001734e-06
2.239682e-06
4.782096e-06
4.710016e-06
6.935957e-06
-8.800894e-07
-2.263604e-05
-6.454636e-06
2.480506e-05
3.278139e-05
1.953883e-05
9.701546e-06
-5.371249e-05
-0.0001161212
-4.227383e-05
2.966998e-05
-2.090541e-05
-9.000717e-05
-5.344788e-05
2.242511e-05
0.0001042732
7.207281e-05
6.316973e-05
-9.555723e-05
-0.0002596932
-0.0003482632
-0.0001998631
0.0001010594
0.0002138173
0.0001793229
0.000286572
0.000501329
0.0004933079
0.0004739256
0.0004436111
0.0001441931
-0.0003197212
-0.0004421991
-0.0003621451
-0.0004959058
-0.0005285441
-0.00069772
-0.0003975892
0.000114902
0.0008358207
0.000650451
-0.0002076636
-0.0004267373
-0.0003522197
-0.0003227011
-0.0001992238
0.0003230362
0.0004978188
0.0003598559
0.0003835469
0.0001383311
0.0001642579
0.0004237522
0.0003366348
7.331051e-05
0.0001826712
0.0004384473
0.0002807616
0.0002849474
-0.000196195
-0.0008382098
-0.0007307434
-0.0007016832
-0.0006213153
-0.0004236277
0.0007617396
0.0006054071
-0.0008480722
-0.0006276225
-0.0006954532
-0.0009674767
-0.002799595
-0.002912586
-0.001528115
-0.00105843
-0.00108174
-0.0008615349
0.0002945841
0.002119069
0.001839752
0.001817486
0.001654886
0.002065587
0.003000871
0.003076059
0.002650705
0.002171827
-0.0004603136
-0.001273751
-0.00083708
-0.0008489734
-0.0007702178
-0.0009336192
-0.0008294809
0.001176641
0.001225119
0.0009546113
0.0002827908
-0.001030979
-0.0009237985
-0.0008188928
-0.0007457527
-0.0006126629
-0.000599682
-0.000496717
0.0001291384
0.00236562
0.003455848
0.00302795
0.002798497
0.002385541
0.000229954
-0.002057179
-0.002209922
-0.004350641
-0.0054928
-0.004930525
-0.00452106
-0.004045578
-0.0030718
-0.0003212358
0.0008595968
0.0008314546
0.001491402
0.004575306
0.005508288
0.005687415
0.002434668
0.0001739605
-0.0009869349
-0.00212497
-0.002709211
-0.002160465
-0.002164405
-0.001764542
-0.0001083425
0.002626981
0.002107071
0.002006569
0.000277724
-0.0003606825
-9.098038e-05
-9.081046e-05
-0.0001375814
-0.0001427392
-0.0001429687
-8.412922e-05
-0.0001089802
-3.478222e-05
-7.996188e-05
-0.00029825
-0.001653557
-0.00123791
0.0003896946
0.0002616584
0.000268871
0.0002838651
0.0008888603
0.002407409
0.002291743
0.002057383
0.001894645
0.001701716
0.001468721
0.001380363
0.001219277
0.001601832
0.001520073
-0.0004486475
-0.003193739
-0.002919354
-0.0009566315
-0.0009740338
-0.0008611675
0.0004246609
0.003528839
0.003049825
0.002315693
-0.0008065826
-0.001823561
0.00027637
0.002272407
0.002346315
0.001880962
0.0007006454
-0.0007575186
-0.001309043
-0.002977865
-0.003983274
-0.0062512
-0.005992279
-0.00512754
-0.001756927
-0.0002001398
0.002042156
0.003725827
0.002680806
0.002213699
-0.001349567
-0.001885922
-0.001582803
-0.001767619
-0.003623203
-0.005648623
-0.003582792
0.001112046
0.004247134
0.003415372
0.003221401
0.0006305161
-0.001809142
-0.001288445
-0.001255599
-0.001136545
-0.001004849
0.000270754
0.003316858
0.003210668
0.002767043
0.002365681
1.140377e-05
-0.002526478
-0.002624395
-0.00397074
-0.003258185
-0.002860875
-0.0009707114
-0.0006526847
0.0003553705
0.001327342
-0.0003099534
-0.000996562
-0.000615855
-0.000667322
-0.0004534998
0.0004986629
0.003474378
0.003837809
0.003199269
0.003071027
0.002682843
0.001414612
-0.001729591
-0.002457048
-0.002704147
-0.0006232082
0.001757325
0.004662524
0.00459991
0.00405135
0.003343524
0.001388111
-0.001351393
-0.004789988
-0.006794258
-0.006384613
-0.005720181
-0.004701615
-0.002688864
-0.001503319
-0.000178988
-0.0004697291
-0.0001309197
-0.0002751376
7.296534e-05
0.001258143
0.004460945
0.003823952
0.002362468
2.645782e-05
0.002753719
0.003405961
0.001727759
-0.001428379
-0.002540287
-0.003125244
-0.002529256
-0.001429009
0.001976828
0.003874505
0.005929375
0.004955571
0.003558882
0.002226935
0.002329358
-0.0003134581
-0.002427291
-0.001762498
-0.000258824
0.001066862
-0.0002471709
-0.002049572
-0.001719629
-0.002297169
-0.003327334
-0.001871049
0.0004079072
-0.0006504961
-0.002344889
-0.002707504
-0.0001649613
0.004172893
0.005850716
0.005281712
0.004865989
0.005043554
0.004971923
0.003548859
0.002036668
-0.0005497347
-0.001458088
-0.001122993
-0.0003138134
0.002551375
0.002742558
0.0001666232
-0.002181221
-0.00181271
-0.001807705
-0.001671317
-0.001623874
-0.001444624
-0.0009376403
0.0007426521
0.002111178
0.002400024
0.0006340487
-0.002398063
-0.002365532
-0.004208558
-0.006241998
-0.005402684
-0.004530941
-0.0008039538
0.002974382
0.003558802
0.003004074
0.002571611
0.0006222207
-0.001610817
-0.001678746
-0.001471293
-0.00148722
-0.001458708
-0.00235291
-0.002423807
-0.002356103
-0.003360612
-0.003248726
-0.004285165
-0.002129077
-0.0003018415
0.0004943281
0.0002209882
0.0009525099
0.0036571
0.004520009
0.003657527
0.00366001
0.003169507
0.002691895
0.0009198549
0.0004198473
0.0004382864
-0.0006417413
-0.0004599315
-0.0003298944
-0.001814346
0.0001164083
0.0007700389
0.001739388
0.002467964
0.001822632
0.001539778
-0.001150173
-0.004534512
-0.006452165
-0.005855744
-0.005424723
-0.004821851
-0.003136947
-9.113046e-05
0.0002106833
0.00230956
0.001531555
-0.0004902347
0.0009947302
0.002113467
0.002649149
0.003753233
0.003020362
0.002420167
1.397606e-05
-0.002460388
-0.002531066
-0.0002109075
0.001923295
0.003141152
0.003278268
0.003481128
0.001311299
-0.001109301
-0.002812842
-0.00191566
-0.0021569
-0.001900897
-0.003222048
-0.003848694
-0.003277645
-0.003197363
-0.00291537
-0.003906133
-0.004785621
-0.005212133
-0.00349123
-0.0001221434
0.004419681
0.005525022
0.004778262
0.004523898
0.004178329
0.003844656
0.003012849
0.001392091
0.001600942
0.00300631
0.003071138
0.002633725
0.002296129
0.0006572541
-0.0005990566
-0.001923121
-0.002028875
-0.001690241
-0.00100328
-0.0007762427
-0.003626221
-0.003466651
-0.003198365
-0.002908376
-0.002607145
-0.001654132
0.001370315
0.002430036
0.001812891
0.00188615
0.001591255
0.001585785
0.001350808
0.00109926
0.001524206
0.005885101
0.007414446
0.005688578
0.003344878
0.0004075861
-0.001052516
-0.0007750372
-0.0008846468
-0.0008638099
-0.001835371
-0.002800361
-0.0009627451
-0.0002990568
-0.0005651691
-0.002363571
-0.006155789
-0.00827011
-0.007109572
-0.002087283
0.00197846
0.003587142
0.005281107
0.005033186
0.004164986
0.003667685
0.003883642
0.003238631
0.0002727769
-0.001817092
-0.002531552
-0.001576562
-0.0003557408
-0.0007611916
0.0002284056
0.0008091513
-0.0007680459
-0.001009654
-0.0007725464
-0.0007709545
0.0006121589
0.003216824
0.002822446
-3.275246e-05
-0.002388095
-0.00344768
-0.003346689
-0.002076027
0.000827923
0.003186126
0.005250196
0.004549705
0.002199142
0.0002195331
-0.001096908
0.001060061
0.001838083
0.0005068311
-0.002564873
-0.00325875
-0.00483851
-0.00649105
-0.005028904
-0.003369005
-0.003347615
-0.002978156
-0.002594051
-0.0009912955
0.0002564458
0.0004095323
0.0002712134
-0.00130129
-0.002504348
-0.001050643
0.0007942584
0.00213821
0.002164313
0.002514032
0.003635324
0.00194215
0.0006628314
-0.0005723903
-0.000537162
0.00100208
0.004515805
0.007352324
0.005149556
-0.0009479851
-0.003598868
-0.001599519
-0.001838429
-0.003319386
-0.003091712
-0.001491081
-0.0004798505
0.002907419
0.006454719
0.006356772
0.001568477
-0.001242298
-0.0005002005
0.001781525
0.003990177
0.00306525
0.001209202
0.001981606
0.003218814
0.002979516
0.002471881
0.0008463232
-0.003544855
-0.00672608
-0.009127844
-0.00825277
-0.006108506
-0.003978008
-0.001465287
-0.001457911
-0.001222715
-0.001294225
-0.00198627
-0.00333682
-0.002593313
-0.001819328
0.00156911
0.002312631
0.003512299
0.003851382
0.003415734
0.004291254
0.004852911
0.003312894
0.001681634
-0.001025837
-0.002328382
-0.001428485
0.001165845
0.00396606
0.002700973
0.0003807572
-0.001317257
-0.003336616
-0.004840261
-0.005326699
-0.00590983
-0.003605065
-0.002315523
-0.0006032244
-0.0004695061
-0.0005501933
-0.0008772062
-0.002637916
-0.003702182
-0.001758545
-0.001059287
0.0009602212
0.002526248
0.00413463
0.005503189
0.006776262
0.007662594
0.007266763
0.00543408
0.002608763
0.0002475577
-0.004122008
-0.008003322
-0.006988379
-0.003710768
-0.0008036936
0.003456354
0.005957044
0.004197067
0.0001806296
-0.00525694
-0.008274196
-0.009041609
-0.004848635
-0.0009805839
0.001057571
0.002602374
0.0005590034
-0.001426841
-0.001337828
6.008842e-05
0.001308983
0.001022065
-0.0001220046
-0.001238083
0.000505899
0.003260265
0.002559643
0.001036789
0.00301083
0.007483262
0.008911147
0.00652252
0.003104606
0.002958202
0.00409771
0.004258395
0.002106199
0.001558945
0.0007478759
-0.002676143
-0.004756292
-0.006451
-0.005114672
-0.003272046
-0.001818104
-0.00112878
-0.001359092
-0.001120417
-0.001336352
-0.001550586
0.0003259822
0.004002476
0.00619582
0.006232728
0.005411993
0.005615254
0.004135609
0.000575035
-0.002369698
-0.001902568
-0.003108027
-0.005222113
-0.005923687
-0.005470277
-0.007501835
-0.008604264
-0.006017414
-0.005196601
-0.003890366
-0.002309455
-0.001987727
8.788472e-05
0.002851792
0.00234319
0.001790266
0.001876819
0.001669965
0.001646129
0.001448105
0.001354601
0.001248729
0.002263217
0.0048881
0.004527093
0.0008604267
-0.0007455523
-0.00338078
-0.003488322
-0.001022394
-0.002131711
-0.003549108
-0.002604731
-0.001401047
0.001122334
8.050275e-05
0.001863998
0.003148417
0.005939646
0.00715538
0.006306438
0.003452156
0.001543615
-0.001535807
-0.002923406
-0.004717096
-0.003802562
-0.00164125
0.002216886
0.004144111
0.001938456
-0.002103322
-0.004366659
-0.004822978
-0.003049139
-0.001204217
-8.981084e-05
0.0009020608
-0.001250548
-0.003439099
-0.002780846
-0.002651374
-0.002245365
-0.002119912
-0.001650208
-0.001437072
0.0007999711
0.003711652
0.006329439
0.006715042
0.005806073
0.005248529
0.001539466
-0.003059062
-0.003936084
-0.004077903
-0.002396732
-0.002227737
-0.001353455
0.001756953
0.001498998
-0.002492749
-0.005557908
-0.005054813
-0.0003923877
0.006168279
0.01003681
0.008074083
0.005833217
0.005148123
0.004863337
0.00501136
0.003622082
-3.648059e-05
-0.004028927
-0.009878439
-0.01244227
-0.009439965
-0.003204786
0.004873716
0.00975129
0.01216715
0.01359361
0.01117966
0.007068189
0.001838255
-0.005571356
-0.01015104
-0.009709505
-0.00820103
-0.004667047
-0.000276967
0.000762175
0.000268874
-0.0005119649
-0.001570926
-0.0003434425
8.887371e-05
-0.001333105
-0.004101399
-0.004784886
-0.007074992
-0.004157414
0.0003575806
0.002427021
0.001298059
-0.001782462
-0.006373939
-0.007601899
-0.006919167
-0.004466728
-0.004127251
-0.003976554
-0.003103927
0.003036539
0.009060947
0.008972782
0.004769006
0.0007813505
0.0007636383
0.000174787
-0.001223607
-0.004584964
-0.008013117
-0.009697118
-0.01026099
-0.007085185
-0.00362452
0.001499325
0.002779315
0.002979371
0.006401167
0.01165178
0.01711741
0.02089971
0.0213262
0.01990274
0.01639277
0.01365198
0.008431005
0.005583683
0.006740628
0.007516511
0.006857452
0.005586834
0.004423039
0.003628481
-0.0003073703
-0.00603769
-0.01109504
-0.01174997
-0.01044601
-0.007364345
0.0005540495
0.007920895
0.008972359
0.00375164
-0.006239441
-0.01573173
-0.02122381
-0.02416636
-0.02454385
-0.02227793
-0.01984374
-0.01701158
-0.01651103
-0.01712979
-0.01454902
-0.007909902
-0.002207119
-0.002997182
-0.006528283
-0.006907866
-0.003934234
-0.0007267856
-0.0002526457
-0.002621406
-0.00418466
-0.00274999
0.001580321
0.009406137
0.01797172
0.02297387
0.02243258
0.02177905
0.01703151
0.01206447
0.008222406
0.006322626
0.004000242
0.002794404
0.002571679
0.0006786
-0.002783997
-0.00474841
-0.006680797
-0.005420557
0.001489467
0.01112977
0.01627584
0.01602504
0.01495855
0.01084342
0.007446436
0.003350067
-0.0004409343
0.0003904373
0.004046166
0.006298198
0.005017998
0.0008095325
0.0006931635
-0.001064405
-0.002293387
-0.003817546
-0.003839178
-0.001771661
-2.835418e-05
-0.001111323
-0.004366625
-0.007445378
-0.008289161
-0.006195399
-0.005418143
-0.003385647
0.0003617231
0.006534693
0.007569862
0.00125206
-0.005851918
-0.009691616
-0.007615114
-0.006844493
-0.009131696
-0.01017995
-0.009466394
-0.01129777
-0.01157435
-0.01052496
-0.006563286
-0.0009232104
0.003212718
0.002152615
-0.0001692446
0.003146187
0.007138492
0.00774349
0.01296977
0.01692053
0.01510745
0.009157805
0.003201073
0.0002522979
0.000118272
-0.00162233
-0.004095839
-0.009534926
-0.0166299
-0.02196741
-0.02267532
-0.01739235
-0.0117925
-0.009849836
-0.01271824
-0.015327
-0.01870412
-0.01842949
-0.01445963
-0.006703701
0.002918371
0.009595396
0.01181663
0.0139058
0.01737042
0.01986947
0.01765778
0.01014452
0.002013637
-0.0002138375
0.003524136
0.007427598
0.007528993
0.001886159
-0.00168058
-0.0007250778
0.003350352
0.006347925
0.008375598
0.005662419
0.003763368
0.004148425
0.004607665
0.007826314
0.01162019
0.01492444
0.01727393
0.01857497
0.02058149
0.0221066
0.02357034
0.02546849
0.02795265
0.02848911
0.02663093
0.02098643
0.01445297
0.0082749
0.0007447319
-0.003514858
-0.008440431
-0.01058883
-0.01007909
-0.007960333
-0.006212848
-0.007475384
-0.01115219
-0.01610291
-0.01897093
-0.02093553
-0.02346678
-0.02550876
-0.02638538
-0.03014348
-0.03355944
-0.03551943
-0.03167345
-0.02354408
-0.0137383
-0.005813461
-0.004319835
-0.00877003
-0.01316999
-0.01652157
-0.01562957
-0.01025471
-0.003744067
-0.000538505
0.0009956678
0.0004137755
0.001430931
-5.938961e-05
-0.001788469
-0.00373022
-0.002598909
-0.002272454
-0.002986186
-0.001555328
0.001612527
0.008824505
0.01275182
0.0138501
0.00954594
0.005998165
0.00433266
0.006373241
0.01090251
0.01344173
0.01467029
0.01402185
0.01309325
0.0120631
0.009376319
0.00381023
-0.002684824
-0.008862286
-0.01516578
-0.01657781
-0.01226361
-0.00376706
0.005832455
0.01498567
0.02087589
0.02064299
0.01946821
0.01781662
0.01603059
0.01325745
0.0124391
0.0118959
0.0146089
0.0188006
0.02248448
0.02058041
0.01379855
0.005306638
-0.005208598
-0.01229755
-0.01498847
-0.01524995
-0.01413573
-0.0157644
-0.01820727
-0.01719573
-0.01183347
-0.004027051
0.005313788
0.01039184
0.01094232
0.009943448
0.006217408
0.002963936
-0.0005217953
-0.004849617
-0.00965097
-0.01572659
-0.01937561
-0.02181844
-0.02105237
-0.01905874
-0.0171474
-0.01391272
-0.007211924
0.0005158563
0.006277708
0.007246874
0.008555101
0.009545426
0.005426551
0.003893737
-2.552092e-05
-0.005414509
-0.01053267
-0.01446827
-0.01402021
-0.01115419
-0.005360226
0.0004492671
0.005137707
0.006864265
0.007110129
0.005357675
0.001809684
-1.886766e-05
0.001334575
0.006201028
0.01098725
0.01438405
0.01339627
0.009752368
0.003926863
-0.003009667
-0.005855057
-0.002837557
0.001523388
0.006922728
0.0122629
0.0145337
0.01323621
0.01176394
0.008576135
0.006239555
0.005905488
0.007857942
0.008766672
0.00745639
0.00665731
0.005620809
0.00224753
-0.003520026
-0.007638437
-0.007866219
-0.004833293
0.001912265
0.006312806
0.009375651
0.01122473
0.0134076
0.0138372
0.0136388
0.01026244
0.005886531
0.001481381
-0.001764237
-0.00029877
0.002891175
0.005293385
0.004992803
-0.0006758213
-0.004554751
-0.009531272
-0.01242187
-0.01499344
-0.01976079
-0.02433388
-0.02801547
-0.02985466
-0.02856816
-0.0242739
-0.02100706
-0.01987545
-0.0207726
-0.02344026
-0.02571595
-0.0264686
-0.02545866
-0.02273817
-0.02037726
-0.01552531
-0.01252167
-0.01049946
-0.005613991
-0.002644111
-0.002374967
-0.004293392
-0.006045315
-0.006364108
-0.001212403
0.005986135
0.01322571
0.01832974
0.02172579
0.02134907
0.01901292
0.01546274
0.01753869
0.02236834
0.0264594
0.02891247
0.02934514
0.03012808
0.02889625
0.03033701
0.0291597
0.02255509
0.01135367
0.0002286736
-0.009590051
-0.0141695
-0.01393876
-0.01205205
-0.01222808
-0.01294389
-0.01431374
-0.01406806
-0.01073779
-0.008384646
-0.006371826
-0.003854323
-0.0006002874
0.00101196
0.005077647
0.01384669
0.01996879
0.01934599
0.01491247
0.004561343
-0.006164392
-0.01511452
-0.01969676
-0.01750241
-0.01073858
-0.004231277
0.001070456
0.00705195
0.01334447
0.01814137
0.01949207
0.01412355
0.003938906
-0.008477009
-0.0175686
-0.0161142
-0.005857251
0.008245407
0.01805522
0.02199669
0.01858801
0.01225789
0.009969208
0.009193198
0.006784399
0.001532971
-0.008585832
-0.01989102
-0.02654351
-0.02932293
-0.02682061
-0.01694988
-0.005927357
0.004163455
0.01066467
0.01533998
0.01601016
0.01645342
0.01497893
0.01518104
0.01336635
0.008609376
0.00331224
0.0007886609
0.0007568077
-0.002579945
-0.007919365
-0.01394559
-0.01757417
-0.01720055
-0.01381711
-0.0131511
-0.01438958
-0.01301942
-0.009091732
-0.003948044
0.001037615
0.001136489
0.001173472
0.001039266
0.001174303
0.0009148971
-0.0003952134
-0.003066733
-0.002744097
-0.002763151
-0.003121408
-0.002098261
-0.001039651
0.0009796524
0.003338529
0.002028434
-0.0009668302
-0.003480458
-0.004144154
-0.00383095
-0.003450665
-0.002204854
-0.0003143822
0.0009232684
-0.0008172795
-0.005498789
-0.005922742
-0.001204092
0.006285786
0.01326824
0.01738648
0.01724563
0.01261603
0.003663137
-0.004192278
-0.005942525
-0.0011668
0.005582069
0.01107665
0.01379711
0.01531176
0.01609537
0.01363591
0.008495916
0.003200177
0.001213425
-0.003036713
-0.002216287
-0.001863079
0.002364306
0.00787592
0.01073063
0.006191773
-0.005526178
-0.01348698
-0.01381698
-0.01010329
-0.002061567
0.006518042
0.01429746
0.02070965
0.02338865
0.02247829
0.01439828
0.0004014874
-0.01943254
-0.03114545
-0.03238058
-0.02677931
-0.01561932
-0.003705516
0.00368423
0.005132296
0.001422538
-0.004274026
-0.005729575
-0.004301021
-0.001937054
-0.003066594
-0.003078516
0.0002319306
0.002374402
0.004776081
0.003833093
0.002404183
0.0007452684
0.002070014
0.0001836018
-0.003375031
-0.007802157
-0.01348103
-0.01763848
-0.02054104
-0.0255444
-0.03283679
-0.04111351
-0.04566064
-0.04461922
-0.0378741
-0.02809571
-0.01659346
-0.005357589
0.003159006
0.006096863
0.002627687
-0.005422684
-0.01648028
-0.02239743
-0.02087336
-0.01449461
-0.005804161
0.002088239
0.009012487
0.01276709
0.01404329
0.01606475
0.01729613
0.01720751
0.01940433
0.02567804
0.03362129
0.0419232
0.04647187
0.04566287
0.041595
0.0364627
0.03012574
0.02132625
0.01164765
0.003393464
-0.0008865955
-0.004943965
-0.006850162
-0.005793254
-0.0007468539
0.005116564
0.01015998
0.01583971
0.02530451
0.03318453
0.03895616
0.03939525
0.03641655
0.03068763
0.0242447
0.0181813
0.01294965
0.003397351
-0.004779767
-0.01188552
-0.01721829
-0.02065939
-0.02443749
-0.02667504
-0.02407809
-0.01917611
-0.01462793
-0.01531312
-0.01736873
-0.0194513
-0.01947118
-0.018831
-0.01917047
-0.02077483
-0.02333938
-0.0225897
-0.01916236
-0.0128634
-0.005169499
0.001360452
0.007901826
0.01497636
0.02209086
0.01965454
0.01276531
0.009870418
0.006455943
0.00201519
-0.001716143
-0.004165428
-0.005507805
-0.007060484
-0.009169388
-0.01309595
-0.01857445
-0.02506432
-0.03114382
-0.03417133
-0.02942246
-0.01851206
-0.005175964
0.003259099
0.002408396
-0.001010403
-0.003395058
-0.0009191111
0.005419648
0.009496319
0.01227951
0.01327535
0.01270323
0.0137352
0.01397471
0.0158843
0.0202939
0.02639115
0.02985795
0.03333026
0.03460206
0.03375014
0.03239301
0.02902914
0.02384521
0.01706114
0.01081542
0.003197442
-0.004002182
-0.01190145
-0.01657112
-0.01744599
-0.01436711
-0.01189721
-0.01365148
-0.01828578
-0.02129148
-0.02112876
-0.02027455
-0.0211243
-0.02465745
-0.02854253
-0.03121965
-0.03231299
-0.03272206
-0.02961493
-0.02662521
-0.02070477
-0.01467976
-0.006471747
-0.0005930303
0.004191716
0.002559831
-0.002392411
-0.00965054
-0.0162805
-0.01991497
-0.01681589
-0.01004076
-3.64762e-05
0.006478664
0.01124163
0.01148236
0.01088793
0.009030426
0.008841467
0.01110488
0.01501475
0.01688938
0.01704697
0.01472817
0.01008821
0.008227919
0.008377338
0.008813308
0.01021013
0.006741068
0.0009415803
-0.004480021
-0.008244082
-0.008332361
-0.003039554
0.004925784
0.009383124
0.008281926
0.002085435
-0.006231079
-0.01054426
-0.008919137
-0.003070304
0.002483559
0.006976899
0.01110645
0.01581993
0.01838277
0.01875247
0.01852685
0.02040658
0.02282421
0.02240268
0.0238002
0.02537347
0.02694682
0.02615116
0.02205503
0.01561682
0.008233657
0.002011379
0.0009932945
0.0006560453
0.00131325
0.001273905
-0.001050255
-0.002764743
-0.003795467
-0.002876889
0.0004775733
0.003959056
0.002983455
-0.002814516
-0.01061116
-0.01637888
-0.017115
-0.01425097
-0.01142161
-0.01121544
-0.012805
-0.01377545
-0.01425217
-0.01496103
-0.01444001
-0.01343501
-0.01274135
-0.01099987
-0.008995313
-0.007535238
-0.006254924
-0.006278904
-0.005066299
-0.003851745
-0.0002226614
0.003262916
0.006686151
0.008094496
0.005611445
-0.0006291182
-0.007506795
-0.01391659
-0.01672466
-0.01642719
-0.01367487
-0.01059136
-0.005913238
-0.0005175268
0.005517817
0.01098847
0.01112477
0.003905691
-0.00528795
-0.01380497
-0.01838356
-0.02177084
-0.02010221
-0.01849578
-0.01803992
-0.01581605
-0.01332553
-0.01314977
-0.01298657
-0.0161034
-0.01683929
-0.01390429
-0.0119366
-0.006306314
0.001576501
0.009136446
0.01655735
0.02090253
0.02204958
0.02396578
0.02485144
0.02914803
0.03523999
0.04041526
0.04555525
0.04489734
0.04062024
0.03314168
0.02461596
0.01837683
0.0150828
0.01422606
0.01237798
0.008407816
0.001576535
-0.001837987
-0.003010076
-0.00256513
-0.003132245
-0.003626618
-0.006686612
-0.003860492
-0.0001082684
0.003505468
0.007885219
0.009849974
0.01111202
0.008453697
0.005501115
0.003019862
0.0007155682
-0.0006422297
-0.003054912
-0.006240234
-0.008615699
-0.0101461
-0.009343455
-0.01005295
-0.007663585
-0.006844605
-0.007821664
-0.01013836
-0.01272904
-0.01456022
-0.01256765
-0.008841852
-0.004678215
-0.001742909
-0.0008486786
-0.001061338
-0.003738816
-0.007120777
-0.01064727
-0.013981
-0.01394522
-0.01221347
-0.007170704
-0.003861301
-0.003009912
-0.005996238
-0.01117523
-0.01636203
-0.01921183
-0.02267675
-0.02502728
-0.02524855
-0.02304296
-0.01999112
-0.014675
-0.01016018
-0.008061964
-0.007540163
-0.006298479
-0.005573662
-0.004521126
-0.004387521
-0.006156168
-0.01012712
-0.01128175
-0.01025321
-0.009885459
-0.01025802
-0.0118978
-0.01189811
-0.009692783
-0.005538934
-0.002084278
-0.000691994
-0.0002219666
8.838118e-05
3.869432e-05
0.003641852
0.008403524
0.01451637
0.01872159
0.02068317
0.02214022
0.02330176
0.02250059
0.02111201
0.01878213
0.01695707
0.01453755
0.01257006
0.01161057
0.01014542
0.009554957
0.01226276
0.01636293
0.02012287
0.02274333
0.02431316
0.02540392
0.02632211
0.02891999
0.03355163
0.03509571
0.03318167
0.02829737
0.02150711
0.01520854
0.01033152
0.008493032
0.008107178
0.008523195
0.009408878
0.01088901
0.01104341
0.01039464
0.01119886
0.01062563
0.007154025
0.002182323
-0.00413579
-0.01351509
-0.02201748
-0.02543829
-0.02562063
-0.02336404
-0.01873746
-0.01806486
-0.01987932
-0.02375185
-0.02474792
-0.0246473
-0.02468989
-0.02527113
-0.02646981
-0.02462091
-0.02531182
-0.02562531
-0.02314611
-0.01856907
-0.0165769
-0.0150613
-0.01717667
-0.02091749
-0.02473318
-0.02619838
-0.0249967
-0.02095391
-0.01448242
-0.0103004
-0.009499556
-0.008405099
-0.009922564
-0.01260368
-0.01230443
-0.01040209
-0.007092619
-0.004467759
-0.0003889884
0.003698055
0.008933913
0.01555274
0.01994918
0.02096577
0.02004914
0.01960774
0.01945702
0.01825851
0.01546343
0.0120846
0.009418766
0.007746781
0.008687056
0.01146416
0.01668584
0.02103849
0.02349554
0.02459842
0.02419418
0.02041463
0.01691438
0.01534342
0.01564119
0.0188316
0.02179723
0.02282498
0.02083516
0.01877766
0.01492675
0.01144395
0.01013922
0.008138022
0.008079879
0.007403633
0.008282123
0.01096207
0.01091074
0.011723
0.01128798
0.01004341
0.007414196
0.004236144
0.00113939
-0.00318088
-0.00821243
-0.01337829
-0.01747504
-0.02180098
-0.02514596
-0.02717884
-0.0271575
-0.02502177
-0.02260957
-0.01911964
-0.01366802
-0.008304651
-0.003885986
-0.002246206
-0.001419995
0.001185434
0.003150863
0.002923553
0.0006943082
-0.004146769
-0.006548327
-0.008405499
-0.009018383
-0.01255161
-0.01478547
-0.01867677
-0.0205641
-0.01963513
-0.01636613
-0.01204812
-0.006383008
-0.003971203
-0.002266443
-0.0002390008
-0.0002761753
-0.001699861
-0.0008369575
-0.0002622367
0.003664813
0.006342529
0.006803236
0.004085152
-0.0008001683
-0.005684726
-0.01101336
-0.01466784
-0.01678916
-0.01536663
-0.01224469
-0.009505523
-0.006581988
-0.002272297
0.001222695
0.006470393
0.01078894
0.01416507
0.01625872
0.01718965
0.01692526
0.01537753
0.01055333
0.005746253
0.003421149
0.003230327
0.0005611767
-0.0005388158
-0.002358796
-0.005608503
-0.009952412
-0.01325703
-0.0156445
-0.0177255
-0.01678653
-0.01479677
-0.01225929
-0.00596015
0.0008167357
0.00443691
0.008688026
0.01200204
0.01290257
0.01175805
0.008019884
0.004678572
0.0007132605
-0.003469028
-0.006215601
-0.008498029
-0.01015955
-0.01102717
-0.01163691
-0.01029235
-0.009693407
-0.009631806
-0.00861375
-0.00877032
-0.006850723
-0.00430637
0.002051538
0.006036103
0.007598678
0.00857462
0.009249049
0.01038372
0.01118082
0.01468955
0.01582436
0.01713096
0.0183417
0.02083299
0.02174874
0.02237814
0.0235375
0.02387793
0.02327698
0.0230779
0.02074066
0.0178499
0.01534121
0.01648198
0.01802607
0.0215582
0.02071973
0.0186736
0.01756474
0.01486214
0.01254687
0.0105399
0.009636655
0.008189898
0.00531461
0.001865494
-0.002657415
-0.006226681
-0.007300378
-0.007355054
-0.007893059
-0.008757337
-0.01225836
-0.01500109
-0.01767712
-0.01992689
-0.02155629
-0.02313783
-0.02466056
-0.02400598
-0.01924981
-0.01493996
-0.01013784
-0.006190623
-0.006061509
-0.004910258
-0.003947358
-0.003771095
-0.0007789776
0.00286621
0.004218543
0.004237952
0.003529803
0.00315384
0.0009133269
-0.00238648
-0.005579725
-0.005735156
-0.005378037
-0.003309373
-0.002092979
-0.003694557
-0.006606449
-0.00885455
-0.01110137
-0.01313953
-0.01267897
-0.01277776
-0.013863
-0.01448537
-0.01498336
-0.01743541
-0.01923341
-0.01997368
-0.01808925
-0.01443609
-0.01172911
-0.008052597
-0.005411939
-0.003055456
-0.0005657329
-0.001138324
-3.702917e-05
-0.002085004
-0.003744052
-0.00266883
-0.002189505
-0.001820162
-0.002662932
-0.003037515
-0.001971942
0.0007746583
0.003396555
0.006590601
0.00976128
0.01357728
0.01605236
0.01588633
0.01626239
0.01501795
0.01386974
0.01165779
0.01103699
0.01041152
0.01067011
0.01376315
0.0169573
0.01576849
0.01466939
0.01377791
0.01380118
0.01186974
0.01051537
0.01145581
0.0111666
0.01156149
0.01164629
0.01184871
0.01091151
0.009444819
0.006557669
0.005122863
0.00337237
0.00212187
0.001797233
-1.668172e-05
-0.002069751
-0.002912227
-0.001612163
-0.001430644
-0.001499464
-0.0002212636
-0.001086657
-0.001440365
-0.004520046
-0.00557184
-0.007025425
-0.01119856
-0.01339623
-0.01727373
-0.01990235
-0.02092058
-0.02228186
-0.02101465
-0.01942554
-0.01777966
-0.01626592
-0.01526855
-0.01595931
-0.0144283
-0.01001962
-0.008805979
-0.007223118
-0.004257496
-0.001418513
0.002321016
0.005085356
0.008446541
0.01220549
0.0121376
0.01152707
0.01078621
0.009066346
0.007047965
0.005758956
0.006127117
0.007641937
0.00794664
0.00780479
0.009234402
0.009064042
0.00861488
0.008368309
0.009307512
0.009239951
0.00828435
0.006523102
0.005473738
0.005858613
0.006463608
0.006845332
0.00747477
0.006350111
0.006184786
0.007144427
0.007932559
0.008806386
0.006366842
0.00578366
0.005005294
0.004553335
0.003788813
0.003143102
0.0005258603
-0.003504648
-0.008641025
-0.01312385
-0.01682857
-0.0198651
-0.02137412
-0.02188768
-0.02281186
-0.02114913
-0.01937225
-0.01790593
-0.01566586
-0.01135793
-0.009470999
-0.01000034
-0.01182874
-0.009968388
-0.006100883
-0.004011143
-0.003907355
-0.003236193
-0.00426573
-0.003528279
-0.004430705
-0.004742998
-0.003399742
-0.002747647
-0.001937059
-0.001315294
-0.000647869
-7.70571e-05
0.001292612
0.0045832
0.005921377
0.007903892
0.008908589
0.005876974
0.004579428
0.005293766
0.00536997
0.007741605
0.009553212
0.01018769
0.01105275
0.01168983
0.01161635
0.01066489
0.01020447
0.009471405
0.008415049
0.005125205
0.003609055
0.003895479
0.003323538
0.003456871
0.003649286
0.006611145
0.008098436
0.009743951
0.006312637
0.003367646
0.0003684797
-0.0006559621
-0.0002572092
-0.0005522143
-0.0004108324
-2.742161e-06
0.002781644
0.003486914
0.003887832
0.006112061
0.005932384
0.006331529
0.007314155
0.007466398
0.007221794
0.008603436
0.008950955
0.008527959
0.01024353
0.009683813
0.008013197
0.006612346
0.002995374
2.4502e-05
-0.001745678
-0.005246386
-0.005047879
-0.002794943
-0.00165023
-0.003344317
-0.006504576
-0.007841081
-0.008107674
-0.01165649
-0.01199516
-0.01306557
-0.01186672
-0.01045111
-0.01053655
-0.009976163
-0.009830181
-0.01074259
-0.01172099
-0.01226576
-0.01242116
-0.01073586
-0.009101489
-0.008710558
-0.008370407
-0.006558802
-0.005149954
-0.004578235
-0.003867475
-0.001569791
-0.0004147017
-0.001099902
-0.0007867309
-0.001107923
-0.000989656
-0.001028458
-0.0008708821
-0.0003454217
0.001200384
0.0008026691
0.0004509796
-0.001223925
-0.001717123
-0.001496298
-0.001502618
-0.001138749
-0.001002611
-0.0009862625
-0.001068541
-0.001436161
-0.0006858431
-0.0004793495
0.0006255359
0.003124269
0.003882275
0.005573348
0.007708329
0.006609022
0.006436797
0.005494828
0.003963852
0.003031005
0.005081941
0.006880177
0.005902131
0.00410768
0.001921129
0.0005919354
-0.0007065223
-0.002466328
-0.003416637
-0.004313075
-0.004841362
-0.005371267
-0.006497363
-0.005097804
-0.003936278
-0.001083936
0.0009857407
0.0007650548
0.001573935
0.004323584
0.005483013
0.005986084
0.008562562
0.008698566
0.009133367
0.009372926
0.007007684
0.004844064
0.002144658
0.0006006089
-0.0002292831
0.001387123
0.002127984
0.003092146
0.004076545
0.00474399
0.005569008
0.004372756
0.004994985
0.004520714
0.004241609
0.003815715
0.003589395
0.003150133
0.002246325
0.000367754
-0.0006964294
-0.001650154
-0.001290872
2.815519e-05
0.001983765
0.00391005
0.005441865
0.006053275
0.006713045
0.00733932
0.007315087
0.007427555
0.006934947
0.005082156
0.002486322
-0.0009047266
-0.003767184
-0.005539969
-0.005596426
-0.005262217
-0.005175599
-0.004900298
-0.004785372
-0.005286492
-0.006988927
-0.007984567
-0.008646703
-0.009992354
-0.01091579
-0.01103785
-0.01162503
-0.01204043
-0.01352161
-0.01280727
-0.0116427
-0.01099571
-0.01142777
-0.01079637
-0.009557512
-0.007963812
-0.005613303
-0.00475219
-0.003393134
-0.001089602
-0.0006026898
0.001136441
0.002280748
0.001946151
0.0008420067
0.0002454169
0.0009569113
0.001912628
0.003731699
0.003677459
0.004938622
0.007153152
0.007587051
0.007398257
0.006807095
0.005297781
0.004218105
0.004482838
0.00408735
0.003212591
0.001804292
0.001895589
0.0006660126
0.001938959
0.002385118
0.002249036
0.002214269
0.001112917
-0.0009116114
-0.003516273
-0.005539171
-0.005071307
-0.00443641
-0.003942799
-0.003464523
-0.002581967
-0.0004679988
0.001498516
0.002258635
0.002109258
0.002219835
0.002221939
0.002275218
0.002255314
0.002252124
0.002902446
0.004655649
0.005932689
0.005917732
0.005383527
0.00458639
0.002056688
-0.0006615734
-0.002987808
-0.004938402
-0.00534971
-0.004928021
-0.003737723
-0.002405359
-0.0005738325
0.001042077
0.003524875
0.004954597
0.007147352
0.007447475
0.00838238
0.008826305
0.009365398
0.008289344
0.007697866
0.006844519
0.005389371
0.003232439
0.001866558
-0.0003939355
-0.001621535
-0.002976476
-0.003455645
-0.001934552
-0.0009417674
0.0002060604
0.003572342
0.004402189
0.004996333
0.004132005
0.002522318
0.002293883
0.001734689
0.001285098
0.0009171402
0.000796074
0.0009566417
-0.0003734557
-0.000743527
-0.002205515
-0.001136053
-0.001160006
-0.001573552
-0.00187513
-0.00306293
-0.003858614
-0.002069112
-0.001252605
0.001134205
0.001260033
0.000657766
0.0001647156
-0.0002388175
-0.00120464
-0.002901798
-0.00419273
-0.005450581
-0.004834219
-0.002921636
-0.001062756
-0.0014659
-0.001735871
-0.003278735
-0.005110198
-0.007314066
-0.009217718
-0.01089323
-0.01041722
-0.009693008
-0.009382594
-0.01031446
-0.009878011
-0.009981637
-0.008117639
-0.007065715
-0.006483427
-0.005819595
-0.00519764
-0.004565928
-0.00389382
-0.002898672
-0.0004070784
0.001433311
0.00150932
0.001559651
0.0008722685
-0.0006830408
-0.001449586
-0.0007173326
0.001175944
0.001591911
0.00173723
0.002712902
0.005320459
0.006784455
0.007888631
0.00939126
0.01033994
0.01083807
0.01008338
0.008204833
0.005706237
0.004919443
0.004673039
0.004367685
0.004386193
0.005346954
0.005271828
0.006006107
0.006293484
0.006844963
0.006081097
0.005453822
0.003956393
0.002504125
0.0005506467
-0.001678444
-0.003551237
-0.004657609
-0.005439019
-0.006535164
-0.005876251
-0.005347084
-0.004805009
-0.004598209
-0.005155598
-0.003796576
-0.002700649
-0.003489885
-0.003358953
-0.001683904
-0.001096741
-0.000991726
-0.0006489949
-0.000503543
-0.0004838744
-0.001336179
-0.001180977
-0.0008863829
-0.0009712079
-0.001543198
-0.001144906
-0.001071207
0.0005635601
0.001997229
0.002542033
0.002450169
0.002416869
0.002137192
0.001274965
0.001001886
0.001271571
0.001537062
0.002984134
0.00449969
0.005715525
0.005368049
0.004796307
0.004274116
0.003358361
0.002616949
0.002453279
0.003102934
0.002669001
0.002015051
0.000867276
0.0005884424
-0.0002952568
-0.0003949053
-0.0004134423
0.0002015279
0.00056494
0.001059744
0.0009306521
0.0004045628
-0.0005079761
-0.0008780179
-0.001508144
-0.001684474
-0.001551138
-0.001342018
-0.0007568218
-0.0009084813
-0.001410227
-0.001733787
-0.002005949
-0.002413876
-0.002261054
-0.002210254
-0.002483403
-0.002732275
-0.002391498
-0.001879821
-0.001386268
-0.001428249
-0.001295762
-0.00127216
-0.001154595
-0.001142427
-0.001056099
-0.0009999745
-0.001155919
-0.001366496
-0.00113907
-0.001405296
-0.001538002
-0.001154387
-0.0008192869
-0.0005643341
-0.0003964572
1.919416e-05
-2.623934e-06
2.665667e-05
9.120111e-05
0.0003867931
0.0005260676
0.0007042453
0.0006981316
0.0008653512
0.0008824911
0.0008163955
0.0003866792
0.0001240888
-1.64783e-05
-0.0002183526
-0.0004901562
-0.0004164174
-0.0004743827
-0.0005122942
-0.0003143021
-9.768282e-05
-7.62392e-05
-6.004232e-05
-0.0002042666
-0.0002878978
-0.000188267
-9.828725e-05
-2.011351e-05
6.074499e-05
0.0001169956
0.000174229
0.0001880672
0.0002498749
0.0003225565
0.0003400182
0.0003731501
0.00040757
0.0004909973
0.0005065437
0.0005327255
0.000563833
0.0005716577
0.0005615371
0.0005092817
0.0004453887
0.0003942135
0.0003553516
0.0003263917
0.0003645593
0.000385232
0.0003944812
0.0003785597
0.0003507765
0.0003058529
0.0002485274
0.0002016552
0.0001636329
0.0001397749
0.0001158417
9.854755e-05
8.254545e-05
6.729251e-05
5.326404e-05
4.080085e-05
3.296747e-05
2.557052e-05
1.470454e-05
5.446106e-06
-1.049621e-05
-2.230311e-05
-2.983139e-05
-3.442257e-05
-3.937703e-05
-4.263681e-05
-4.457647e-05
-4.718809e-05
-5.108778e-05
-5.480702e-05
-5.650607e-05
-5.734795e-05
-5.787317e-05
-5.819643e-05
-5.791872e-05
-5.719664e-05
-5.61621e-05
-5.478945e-05
-5.311472e-05
-5.10739e-05
-4.86622e-05
-4.58454e-05
-4.275678e-05
-3.946888e-05
-3.599163e-05
-3.235358e-05
-2.857592e-05
-2.46799e-05
-2.068412e-05
-1.660881e-05
