0.002911895
0.003640312
0.003646568
0.001079364
-0.000325041
-0.001769226
-0.001261132
-0.001733259
-0.003898586
-0.002307253
-0.0005945412
0.00165775
0.003858021
0.004711892
0.002491482
0.003121971
0.0075336
0.005658968
-0.001317703
-0.005863716
-0.005924789
-0.003439942
-0.001624217
-0.001602671
-0.0009222063
0.0004304383
0.003702722
0.009060906
0.007934948
0.002720831
-0.004593467
-0.007573785
-0.003388604
0.001713556
0.003640456
0.003266236
0.003700875
0.006548833
0.006688691
0.002105949
-0.001010034
-0.003443637
-0.004944961
-0.003900365
-0.00295165
-0.002136555
0.001542699
0.003781713
0.001226726
-0.0005846812
0.0003538311
0.003430263
0.002283894
-0.0003169946
0.0002981759
-0.0009420341
-0.002210804
-1.15754e-05
0.003652373
0.003827921
-0.003076351
-0.007867184
-0.008188378
-0.00470599
0.001974095
-0.001629459
-0.009288534
-0.00731167
0.0003272143
0.006168858
0.006729961
0.001633124
-0.002117314
-0.004035832
-0.003451271
-0.00305745
-0.004489429
-0.001897509
-0.0005561099
0.002666169
0.002714208
0.0002326461
-0.002875196
-0.007731318
-0.007149822
-0.002282285
0.001682551
0.004015386
0.002790461
-0.001765784
-0.002334849
-0.003143615
-0.002839562
-0.007649789
-0.01255386
-0.006155303
0.004776127
0.005928819
0.00222019
0.00363094
0.00383503
0.0078427
0.01121593
0.006998318
0.0003184263
-0.007254986
-0.009428519
-0.005294372
-0.001624324
-0.001077518
0.001004388
0.002611993
0.004530698
0.008427184
0.006761607
0.002352231
-0.004686705
-0.007011202
-0.0007513799
0.004795462
0.004760864
0.003622625
3.84265e-05
0.001263527
0.005441527
0.005695587
0.005895586
0.0004937455
-0.004426656
-0.007433537
-0.0073488
-0.001249122
0.006802834
0.005278011
-0.001187692
-0.0007092366
0.002293719
-0.003013266
-0.006353691
-0.003986197
-0.004232963
-0.008003829
-0.006892976
0.0004184564
0.001651709
-0.003450259
-0.007674007
-0.005282036
-0.006344805
-0.002819615
0.004451015
0.005319105
0.004519494
0.002296983
0.003626112
0.00307538
0.004067908
0.008422356
0.008345923
0.00195773
-0.003942904
-0.006627478
-0.009559912
-0.001750727
0.005007858
0.002728223
0.002930247
0.007815091
0.01082007
0.007269517
-0.002427559
-0.006976696
-0.002224455
-0.004770313
-0.002693532
0.002093389
0.00514325
0.00309005
-0.00400603
-0.00146719
-0.0003604308
-0.001753692
-0.005704093
-0.005808075
0.0003262628
0.01004794
0.01735324
0.01254297
0.000572311
-0.002063313
0.006325223
0.01108664
0.002401394
-0.008602312
-0.01014246
-0.009022442
-0.003050289
0.001363305
0.004233638
0.00712335
0.0003169431
0.0006260552
0.004877467
0.003400558
0.005054029
0.0008119007
-0.007664249
-0.004598078
0.004291271
0.005063461
0.00463307
0.004981959
0.0002369676
-0.001311344
0.003594904
0.005817531
-0.002690241
-0.007743274
-0.005850107
-0.008900881
-0.01352653
-0.01176495
-0.006087584
-0.0004714188
0.002883406
0.00531819
0.005194815
0.003790319
0.002963142
0.003505825
0.006223148
0.004892091
-0.001753166
-0.006617504
-0.009567302
-0.007025421
-0.0025537
-0.004039799
-0.005213779
-0.006064418
-0.0009623385
0.003974501
0.00796682
0.009725339
0.007926098
0.004491797
-0.002137145
-0.01150275
-0.01320407
-0.004664592
-0.003153935
-0.008436478
-0.007043122
-0.005146905
0.0006701902
0.009870627
0.007704181
0.004991016
0.008917032
0.009889125
0.00670982
0.004070094
-0.001473573
-0.005311799
-0.001047146
0.001278486
0.001809939
0.007182311
0.009721123
0.005700315
0.0009879465
-0.002569782
-0.007040411
-0.009813762
-0.00472291
1.705959e-05
-5.227059e-05
0.003676879
0.007645728
0.006159616
-0.003460994
-0.008861865
-0.007938737
-0.003266089
0.002956958
0.005947626
0.006744273
0.00303048
0.001068027
0.006600533
0.008466139
0.001884105
0.003596711
0.001192596
-0.004698898
-0.006787834
-0.01069849
-0.009720284
-0.00847892
-0.002867877
0.006400887
0.009193671
0.009496633
0.007541316
-0.001012381
-0.007841259
-0.006968116
0.002248625
0.003605247
-0.001883351
-0.00247085
-0.004192589
-0.001610948
0.003019872
0.001024772
-0.005761268
-0.01223621
-0.007847127
0.001524651
0.0002700699
-0.008461112
0.001215647
0.007765085
0.003637164
0.007480541
-3.072059e-05
-0.007480783
-0.004893026
-0.003978069
-0.005073532
-0.005322395
-0.002012479
0.007135917
0.001626913
-0.002626472
0.01026532
0.01225128
0.002280794
-0.005953651
-0.006158657
-0.002958902
-0.002779368
1.748557e-05
0.002246199
-0.0001630273
-0.005042694
0.001576099
0.006624092
0.004669784
0.006093717
-0.000954471
-0.00968362
-0.01508655
-0.01698884
-0.008898184
-0.005147633
-0.01061686
-0.01520481
-0.007607841
0.01351535
0.02751996
0.02390611
0.0153932
0.01048803
-0.008545163
-0.01834021
-0.0102363
-0.01018529
-0.007210967
0.004828101
0.006968069
0.005768557
0.0141091
0.01048097
0.0006002403
-0.002905492
-0.002367945
-0.002359779
-0.005102552
-0.007724966
-0.01150712
-0.009251893
-0.01415299
-0.007431182
0.004566063
-0.004612911
-0.002274046
0.001671319
-0.001640617
0.002787208
0.005822731
0.004775196
0.00279334
4.852427e-05
0.001502028
0.002317011
0.002134435
0.002498578
-0.005346239
-0.007796277
-0.004583274
-0.001243792
0.002595491
0.001783573
0.007163054
0.008886857
0.009072499
0.01380224
0.01248032
0.002470041
-0.002584058
-0.003756037
-0.003759096
-0.002423916
-0.009577176
-0.01561762
-0.017116
-0.01360006
-0.007469856
0.0005840627
-0.002026118
0.001149141
0.00408572
-0.001666061
0.009723258
0.01355336
0.009408075
0.008910313
0.00339109
-0.002028172
-0.008793834
-0.005257497
-0.01004844
-0.01028814
-0.001642625
0.0003575914
0.001326588
-0.01121125
-0.0120242
0.004613017
0.01564023
0.007956569
0.002091565
-0.006600879
-0.002436223
0.01218751
0.009695647
0.006524462
-0.004634342
-0.01256383
-0.007440373
0.007106861
0.01041166
-0.00145911
-0.005162735
4.435848e-05
0.01239145
0.002024166
-0.01069626
-0.007749487
-0.01142863
-0.0128138
-0.006283767
-0.008439035
-0.0112777
-0.01078505
-0.007136516
0.008899916
0.01068695
0.01353172
0.01147131
-0.001249116
0.002148496
0.01415695
0.02238834
0.02350013
0.01581952
-0.0005729071
-0.009687637
-0.0113788
-0.006391014
0.0003552561
-0.0008157135
0.002465617
0.005558247
-0.003826782
-0.01072811
-0.01003452
-0.004340893
0.003529417
0.008378486
4.303586e-05
-0.008984995
-0.006569645
0.004620763
0.01165365
0.003947541
-0.00207863
0.003526259
0.009691127
0.0005029558
-0.008938176
-0.002569308
0.00295194
-0.001562592
0.001196496
-0.002578536
-0.001400448
0.00840174
0.003938207
-0.002168546
-0.003187538
-0.001608591
0.003703556
0.005390622
0.004007489
0.002405056
-0.001369977
0.004912189
0.0005149559
-0.002509358
0.008328128
0.01570985
0.01210618
0.001978587
-0.008755907
-0.0112437
-0.010952
-0.00616413
0.002495655
0.002115181
0.003127006
0.007517071
0.01723358
0.0170316
0.006822406
-0.001409009
-0.01307272
-0.01800036
0.003844965
0.02422557
0.02332591
0.01542906
0.006373483
0.001798767
-0.002380189
-0.008189105
-0.01267202
-0.01045048
-0.003905153
0.00459755
0.008601035
0.001855757
-0.001878479
-0.002830156
0.001616007
0.00621313
0.0009386938
-0.0009881032
-0.00243346
-0.004895757
0.001464945
0.009120029
0.01718617
0.01875491
0.0103093
0.009501439
0.007185001
0.002676583
0.005030725
0.007722487
0.007208389
0.002904992
-0.001345366
-0.001723804
-0.005679382
-0.0143341
-0.007180859
0.004321662
0.005806764
-0.003466074
-0.005770273
-0.001908572
0.00163897
0.004111431
-0.001071208
-0.0001522067
0.007928214
0.006998975
-0.01168744
-0.02509944
-0.0221027
-0.01707922
-0.00674256
0.0015184
0.0004320807
-0.007743238
-0.01318598
-0.008743899
0.0004748425
0.006189883
0.006599903
0.004271223
0.002603503
0.003892763
0.002958424
0.003583664
0.001730304
0.003000183
0.005970403
0.005849003
0.005109483
-0.006203357
-0.01981324
-0.02181552
-0.007969038
-0.000706659
-0.003623879
0.00126292
0.006464899
0.009472859
0.01574584
0.0129398
-0.01097718
-0.02169026
-0.009172845
0.005749734
0.01104249
0.004620552
-0.0005039493
0.00142893
0.007576448
0.002891567
-0.008148935
-0.009841135
-0.0139997
-0.0201748
-0.00938628
-0.00302558
-0.005265522
-0.005467503
-0.003358165
0.001444994
0.005494372
0.004586551
0.006804009
0.008772588
-0.0002411742
-0.006063355
0.0007767424
0.0003901406
-0.003591961
-0.0002555629
0.005548215
0.009437454
-0.008855248
-0.02597189
-0.01637677
-0.009088894
-0.01120542
-0.01224482
-0.01651252
-0.01450518
-0.009221605
-0.006196307
-0.01099951
-0.01076187
-0.0005680133
-0.004389975
-0.007488758
-0.00179106
0.004534958
0.008497635
-0.006519847
-0.01941675
-0.01334267
-0.001821794
-4.599636e-05
-0.004575839
-0.008758882
-0.01119058
-0.005844786
0.005336431
0.006655269
-0.003452953
-0.01554814
-0.01310526
-0.004259841
-0.004757623
-0.005077926
-0.004665869
-0.002399451
-0.005317694
-0.002280156
0.004554841
-0.002435242
-0.008577704
-0.01206409
-0.006900869
0.009206948
0.01560028
0.01099904
0.01109898
0.01020748
0.01045531
0.01140797
0.007392209
-0.001238034
-0.002534476
0.006421101
0.01161798
0.01148026
0.003749653
0.00259601
0.006180267
0.01138632
0.01217068
0.01970846
0.02203812
0.01048353
0.008977991
0.001122948
-0.01024395
-0.0004601372
0.00755908
0.008243477
0.01313843
0.008831973
0.007214229
0.01664105
0.01494578
0.002384461
-0.007627881
-0.02152846
-0.02752813
-0.02546163
-0.01848893
-0.003516375
0.009175462
0.02096766
0.03695002
0.04949803
0.05298233
0.04263951
0.03198865
0.03418264
0.03320648
0.02467824
0.01104592
-0.002207986
-0.003106628
-0.0009299707
-0.01071179
-0.01789976
-0.01177978
-0.01374228
-0.02295596
-0.02544988
-0.01345165
0.00715437
0.02024299
0.03886102
0.05598578
0.0503064
0.0279949
0.003365956
-0.01031329
-0.01044897
-0.01506755
-0.02459641
-0.03330111
-0.02558586
-0.01520534
-0.0216283
-0.01832148
-0.01177107
-0.01290941
-0.01693537
-0.01590213
-0.01396823
-0.01724041
-0.02458648
-0.02487822
-0.02109608
-0.018286
-0.01801878
-0.02320143
-0.01867571
-0.01404085
-0.01493541
-0.009964973
-0.003051435
-0.008137176
-0.01771194
-0.0190655
-0.02309656
-0.03185634
-0.03044162
-0.01304963
0.009509693
0.001926991
-0.01781105
-0.01493161
0.007512447
0.03195571
0.04601434
0.0523526
0.03817662
0.005244881
-0.01568758
-0.0143871
-0.002655082
0.004897997
-0.002935624
-0.007491984
-0.005107245
0.0005955535
0.009560313
0.01206745
0.009581691
0.01785795
0.03074359
0.02678597
0.01814655
0.003750248
-0.009736212
-0.01138659
-0.01409063
-0.01301455
-0.009863795
-0.006051054
-0.002034315
-0.008043155
-0.008592955
0.004328385
0.01089614
0.0113796
0.007962584
0.001518205
0.013494
0.02454262
0.01557986
0.009637326
0.008429626
0.0001920856
-0.01791701
-0.04067935
-0.03782949
-0.02147687
-0.02207971
-0.01303743
0.00893233
0.01636607
0.01024401
0.01546741
0.03825827
0.03470355
0.01419031
0.01905671
0.01843245
-0.002841703
-0.01047846
-0.002442921
0.00615974
0.005963881
0.001421802
0.01136474
0.01646778
0.01147691
0.009834689
0.00166243
-0.02087959
-0.03344295
-0.0362296
-0.05212224
-0.06888086
-0.07293028
-0.06769975
-0.05966929
-0.03174987
0.01014763
0.04305689
0.05094861
0.02103097
-0.005240163
-0.01195688
-0.009172299
-0.0004635555
0.009814967
0.02114205
0.01865935
0.01039733
0.004498658
-0.007176279
-0.01681836
-0.005133253
0.003568349
0.007139352
0.0143793
0.01978018
0.0291866
0.0318498
0.02499437
4.352109e-06
-0.02840776
-0.0248847
0.01037056
0.03112347
0.02916913
0.03787991
0.05115418
0.04239644
0.04708638
0.04415285
0.01335597
0.006385278
0.008076422
-0.006694213
-0.01615065
-0.007842764
-0.00700536
-0.01246136
-0.02277459
-0.01968503
0.007782538
0.0464701
0.06318585
0.05290933
0.0324981
0.0120583
-0.004437151
-0.01702193
-0.01327752
-0.009099616
0.0002598898
0.01003555
0.01694094
0.01252841
-0.006857728
0.001259418
0.01907676
0.008756389
0.01083106
0.013481
-0.003439792
-0.01947319
-0.03028214
-0.03001491
-0.01941815
0.003920459
0.02069129
0.01798623
0.007672999
0.002077266
0.002760653
0.009325361
0.008901027
0.007933033
0.02887056
0.04831889
0.03917865
0.02470076
0.02666527
0.006474357
-0.04352707
-0.07082228
-0.06391486
-0.04758467
-0.03250398
-0.01419908
-0.01150323
-0.0234148
-0.01396859
0.006496677
0.0115171
0.004202673
-0.003318818
-0.01281095
0.002845019
0.02689559
0.03315022
0.02761364
-0.003468826
-0.02178702
-0.02682787
-0.05129258
-0.06118761
-0.04625992
-0.02821103
-0.004214521
0.02453213
0.03900898
0.04642539
0.04496678
0.02347027
0.008231458
0.008824068
0.02205754
0.01886391
-0.007356222
-0.01490525
0.005563079
0.002382709
-0.01863134
-0.01036629
-0.01913626
-0.04610201
-0.0526392
-0.0263793
0.02457172
0.05112843
0.04539093
0.01635152
-0.007607269
-0.0297372
-0.04673244
-0.04653865
-0.04585832
-0.01239621
0.0240545
0.02906779
0.03807234
0.04822644
0.04315397
0.0282232
0.01028037
0.006884786
-0.001958621
-0.02329091
-0.03004739
-0.03394788
-0.04327987
-0.03407438
-0.002208564
0.01476729
0.007158082
0.0186749
0.05088343
0.05868744
0.01534866
-0.03936211
-0.05439793
-0.04944482
-0.02741079
0.01118703
0.01224986
0.007348754
0.02432665
0.01091772
-0.03064524
-0.05132983
-0.03944173
-0.05256098
-0.08879036
-0.09500217
-0.06248151
-0.04016494
-0.02279128
-0.005183028
0.004465147
0.0352161
0.08574079
0.1076789
0.06383015
-0.01171717
-0.06863318
-0.07255304
-0.04974993
-0.002977831
0.02711828
0.02176022
0.01418672
0.01217119
0.01751293
0.02126551
0.03206118
0.05332818
0.05564358
0.04187357
0.02892059
0.01707329
0.001934447
-0.01775563
-0.02984672
-0.0328802
-0.0100067
0.01354713
0.03300363
0.05102295
0.05189199
0.05297727
0.04009262
0.02369306
0.000794062
-0.01757308
-0.005324921
0.001348938
-0.01027396
-0.009463065
-0.01083293
-0.03152669
-0.05080163
-0.05048951
-0.02832185
-0.001505029
0.01262707
0.02036989
0.03036385
0.03988147
0.03708157
0.002152689
-0.02673269
-0.03922871
-0.03763241
-0.02495381
-0.01489763
0.01245979
0.02547091
0.02412349
0.01751797
-0.004517086
-0.01610326
-0.02643892
-0.02710804
-0.01330744
-0.0194764
-0.02230282
0.007232303
0.02900624
0.03288327
0.04355247
0.04673385
0.02651031
-0.007143566
-0.04705106
-0.06547736
-0.05875148
-0.0428813
-0.03244465
-0.03982333
-0.04148899
-0.007079285
0.02661744
0.04108614
0.037815
0.006009367
-0.02073809
-0.03380327
-0.04405936
-0.05541196
-0.05076076
-0.02401023
-0.01311765
-0.019001
0.00402856
0.02914606
0.01715495
-0.01682533
-0.04032714
-0.03352374
0.007021267
0.04713481
0.05670547
0.0421664
0.01401543
-0.0009867285
-0.01527998
-0.03220994
-0.02680393
0.004677353
0.02315262
0.007552744
-0.00133961
-0.007505504
-0.01407532
-0.01417323
-0.01080927
-0.004573999
0.007385507
0.01571381
0.01661142
0.01415119
0.002092753
0.00595346
0.02437875
0.01717755
-0.005365459
-0.01025941
0.006829675
0.03724608
0.03580483
0.01152272
0.0002792658
4.671359e-05
0.006568601
0.01720313
0.02542638
0.01206643
-0.009316846
-0.001308818
0.01933701
0.01046914
-0.001039512
0.02221038
0.026679
-0.01286231
-0.0485827
-0.05746281
-0.03864686
-0.02349985
-0.02819694
-0.00688097
0.02916788
0.03475443
0.05032474
0.06216287
0.04536654
0.02173723
0.01087118
0.004625729
-0.02725334
-0.05723011
-0.05940576
-0.04113041
-0.01595476
0.003043772
0.01746862
0.03782069
0.03414564
0.003391636
-0.02310183
-0.04085492
-0.04550305
-0.04572132
-0.03543664
0.01513599
0.0294058
0.007647169
0.003968041
0.04089409
0.07711736
0.06850144
0.02697317
-0.03091692
-0.05415148
-0.05866701
-0.05265104
-0.05319162
-0.05057837
-0.02491006
-0.001699947
0.006568186
0.002897219
0.002072053
-0.005390254
-0.01893482
-0.02750791
-0.02279651
-0.01721812
-0.03030266
-0.03080449
-0.004565997
0.01046678
0.02134917
0.04974496
0.06629346
0.06104455
0.02992947
0.005011905
0.006949919
0.02018545
0.01057911
-0.004299615
0.00107682
-0.008521365
-0.03405705
-0.04023823
-0.03505662
-0.02586232
-0.002094267
0.02501429
0.04080798
0.0463721
0.06842657
0.06532781
0.04234621
0.01845681
-0.01026434
-0.02572242
-0.0318271
-0.04041753
-0.04167925
-0.009731814
0.01615682
0.04106728
0.06465582
0.04365505
0.009553413
-0.01427989
-0.03429227
-0.04421481
-0.05243294
-0.06236364
-0.06244522
-0.0384395
0.005816275
0.05500273
0.08539467
0.07653598
0.03912649
0.006481406
0.007471845
-0.003107576
-0.04268152
-0.0594758
-0.02926134
0.01200992
0.04545166
0.08236753
0.09331927
0.08180553
0.06962267
0.04218265
0.01604007
0.01308311
-0.01396318
-0.0323966
-0.01936506
-0.01928038
-0.01391822
0.003982795
0.008600356
0.004306176
-0.0007489234
-0.006978043
-0.004225042
-0.01176384
-0.01768084
-0.00119966
0.003517861
0.001684942
-0.009986897
-0.01937801
-0.01895571
-0.01875067
-0.007238931
0.00349761
-0.0006272478
-0.01682075
-0.01444514
0.0003203977
0.0132173
0.01883344
0.007058584
-0.004269514
-0.004748891
-0.004879429
0.002903193
0.003419336
-0.005036441
-0.007789399
-0.0131709
-0.01196625
0.00209345
0.02183455
0.02807086
0.02136234
0.01624502
-0.004586414
-0.02786483
-0.03255273
-0.0205779
-0.00557368
-0.01457822
-0.01758311
-0.0001053886
0.01709183
0.02354642
0.02518252
0.03487969
0.03745317
0.0332202
0.01026104
-0.003110115
-0.0002163501
-0.01105077
-0.01389552
-0.01420558
-0.01742365
-0.004361506
0.02311732
0.02150778
0.001080269
-0.005131505
-0.00588118
-0.01479901
-0.02269175
-0.01595258
-0.0194532
-0.02392587
-0.01994785
-0.00930106
0.01851334
0.03158059
0.03270568
0.03097272
0.01208541
-0.008980625
-0.002903438
0.02402357
0.03763549
0.03357082
0.03003553
0.02796393
0.009460143
-0.0009162912
0.002876096
-0.009719858
-0.02455369
-0.01975252
0.003552464
0.02116993
0.02693602
0.01634029
-0.01097325
-0.01490328
-0.008037631
-0.01897608
-0.02497162
-0.01246537
-0.00205522
-0.005688432
-0.0115279
-0.002147956
0.01631713
0.02296552
0.01339387
-0.01199696
-0.03373517
-0.04414832
-0.04509486
-0.04018761
-0.03660636
-0.02568315
-0.006267423
0.02611964
0.03862385
0.02600138
0.01392971
-1.569813e-05
-0.01691503
-0.03395002
-0.03496183
-0.02836342
-0.01886719
-0.006449682
0.001949027
0.006854237
0.006160666
0.0001212762
-0.008126414
-0.01444936
-0.02235331
-0.02940964
-0.02433511
-0.01297534
-0.006425894
0.001941196
0.01237685
0.01380794
0.01131509
0.0119771
0.002804268
-0.01077394
-0.01356259
-0.009173501
0.00454553
0.02372564
0.03115943
0.02192438
0.001501974
-0.01034836
-0.01031466
-0.002378013
0.009577438
-0.009003871
-0.03554526
-0.03753525
-0.02909472
-0.01874169
-0.01046027
-0.004107683
0.005686388
0.01167382
0.009470652
0.004108543
0.0004294353
0.004341167
0.005998699
0.007485891
0.007577723
-0.004600025
-0.01498461
-0.01083114
-0.001556249
0.004197603
0.009454715
0.01521775
0.0155554
0.008277732
-0.001299015
-0.006863082
-0.00479245
0.002081362
0.002669935
0.009427468
0.01706424
0.006503193
-0.005838774
-0.007471761
-0.01042871
-0.0177074
-0.01589788
-0.006413889
-0.001443397
-0.007257363
-0.01149951
-0.003725037
0.003046776
0.006373029
0.0107917
0.004441216
-0.002917031
-0.007247917
-0.007784404
-0.002853691
0.004441383
0.005991816
0.009230351
0.004497584
-0.0141898
-0.02132059
-0.01742109
-0.01187532
-0.007559667
0.0005779261
0.00866758
0.01261603
0.003519708
0.004266382
0.009860096
0.00284049
0.001669564
0.007434638
0.01154935
-0.001433174
-0.01035508
-0.003839285
-0.002229691
0.006922803
0.01193002
0.002658252
-0.003423973
-0.01059658
-0.01756926
-0.01890135
-0.02006003
-0.02074646
-0.005891146
0.006274428
0.006218362
0.005241237
0.001760012
0.001311247
0.005361701
0.007872976
0.01133081
0.01350753
0.00554646
-0.003584545
-0.00437705
-0.0007233749
0.008865681
0.01252649
0.01305999
0.01010304
0.00137188
-0.001279065
0.005733469
0.009792086
0.00716052
0.005234795
0.00148123
0.003605925
0.00836018
0.004965656
9.417088e-05
0.002387166
0.002038361
0.005848096
0.01646327
0.02556273
0.02551584
0.020677
0.02423479
0.03027731
0.02235908
0.008917559
0.005020174
0.00647779
0.009794865
0.01012946
0.01066398
0.007795771
0.001853287
0.004138122
0.004113678
-0.0002875868
-9.091315e-06
0.0008395841
-0.00292928
-0.003959445
-0.002194809
-0.002069314
-0.004946698
-0.006718403
-0.009191867
-0.01494667
-0.01478344
-0.01014546
-0.003416485
-0.002963569
-0.008237955
-0.01157536
-0.01267896
-0.01469241
-0.02108981
-0.02549006
-0.02335312
-0.02084898
-0.01639563
-0.009676854
-0.005470338
-0.003151842
-0.002393947
-0.007058371
-0.01033662
-0.0044063
-0.003966645
-0.01020697
-0.01417269
-0.01488768
-0.0203528
-0.02326895
-0.01658791
-0.01135222
-0.0008339403
0.01359705
0.02187235
0.02291177
0.0145784
0.004649757
0.003277893
0.001930508
-0.001892416
-0.005623541
-0.002667545
0.00539151
0.005904605
0.005610881
0.006357556
0.008637291
0.008873967
0.0003427224
-0.0009628422
0.005498893
0.008549749
0.003510984
0.003485519
0.005923354
0.0003562295
-0.002665995
-0.00231304
-0.001744865
-0.00251901
-0.002336394
0.001227521
0.002192476
-0.006062349
-0.006633514
0.005243401
0.007727136
0.005028251
0.005222086
0.002942421
-0.001112044
-0.002416589
-0.001742334
-0.0008834594
-0.0003611844
-0.00232567
0.003142585
0.0137037
0.01859769
0.01149445
0.007420604
0.009421878
0.003107093
-0.003989012
-0.003486117
-0.002765963
-5.476838e-05
-0.001499054
-0.01171228
-0.01569738
-0.01012407
-0.003879596
0.001511138
0.005815572
0.002805586
-0.0009112592
-0.006076505
-0.01050021
-0.009749458
-0.006011123
-0.004808509
-0.002485935
-0.0006876408
-0.002754127
0.002708007
0.01151268
0.01506435
0.01248889
0.005712042
0.003718996
0.003646609
0.003793523
0.003407996
0.00581115
0.005875443
0.004367917
0.00640591
0.006430423
0.004585277
0.00291149
-0.004023457
-0.01095126
-0.009935311
-0.01252302
-0.01396016
-0.01220369
-0.01127648
-0.01015241
-0.01086433
-0.00317146
0.01008347
0.01263146
0.0121776
0.01249179
0.007244942
0.003743315
0.006674827
0.0122869
0.01463701
0.008646585
0.006510736
0.006563808
0.00650264
0.006479212
0.006975984
0.01026042
0.008719226
0.006949559
0.00932823
0.01215978
0.01070529
0.01011678
0.01286776
0.009950588
0.002807559
-0.002732029
-0.004396638
0.0006432126
0.006345043
0.004901774
0.0005647653
-0.0002522238
-0.001723033
-0.008154102
-0.01327855
-0.009006761
-0.004039331
-0.001698401
0.0006986297
0.0013739
0.00067013
0.0008894601
0.00050699
-0.00506014
-0.00621373
-0.00638608
-0.01087609
-0.01452766
-0.01985203
-0.02395444
-0.02453173
-0.0228487
-0.01927051
-0.01489264
-0.008108596
-0.004273367
-0.004473258
-0.005671729
-0.00883778
-0.01507199
-0.01889288
-0.01704563
-0.01291155
-0.009862739
-0.00420273
0.001529698
0.001140086
0.001667454
0.006725662
0.008645329
0.007863017
0.009434865
0.007041972
0.00646876
0.01121077
0.01279995
0.007091041
0.0003753884
-0.002998745
-0.002114378
0.001969729
0.004130115
0.004553442
0.01148131
0.01831431
0.01462704
0.009848368
0.009853494
0.009351679
0.01105408
0.01674877
0.02146324
0.02354916
0.01530555
0.007992173
0.007273098
0.005093383
0.008676669
0.01150107
0.01160106
0.01244462
0.009179627
0.005645351
0.004041936
0.00256398
-2.883562e-05
-0.001440492
-0.004683048
-0.007071864
-0.007669559
-0.009593256
-0.008575273
-0.00518885
-0.003591506
-0.004910343
-0.007868319
-0.01172084
-0.01766231
-0.02546835
-0.02462989
-0.02142197
-0.01815998
-0.01643922
-0.01889842
-0.01977254
-0.01902486
-0.01577919
-0.01407067
-0.01392275
-0.01402779
-0.01264363
-0.009355129
-0.007613968
-0.002258947
0.001269253
0.003155254
0.002903334
-0.001356165
-0.002179285
-0.004357985
-0.004949565
-0.002965646
-0.003359346
-0.003356267
-0.0001330474
0.001122592
0.002319071
0.00305349
-0.0009061314
-0.002492213
-0.002451394
-0.001633336
0.0007055423
0.00108092
-0.0007530217
-0.002307484
-0.004411726
-0.006799529
-0.007953132
-0.004997154
0.001087163
0.0048724
0.007136816
0.009267614
0.01050897
0.01012547
0.01280298
0.01323752
0.01186053
0.01385465
0.01685754
0.0149267
0.01274086
0.01169945
0.01090999
0.01223192
0.01345186
0.01730951
0.0180684
0.01802762
0.01553781
0.01022975
0.01123446
0.01371409
0.01239321
0.0100819
0.009615774
0.009450546
0.008339779
0.007424851
0.006665984
0.006946496
0.004946288
-0.0001863397
-0.001048228
0.001424264
0.006279475
0.01268713
0.01269428
0.009929069
0.00890296
0.004349689
0.00153756
7.590985e-05
-0.00324724
-0.005717669
-0.009620181
-0.01080133
-0.009412082
-0.008909212
-0.009805785
-0.01062993
-0.01060443
-0.01019336
-0.01197937
-0.0155565
-0.01833701
-0.01785149
-0.01811464
-0.01933251
-0.01534532
-0.011045
-0.01031977
-0.009589445
-0.007740178
-0.007356652
-0.007978846
-0.00387436
-0.0009683744
-0.001611989
-0.001932264
-0.001735399
-0.003464294
-0.002338209
-0.002415725
-0.006600781
-0.009733197
-0.01314611
-0.01252187
-0.008507147
-0.002368783
-0.0006653796
-0.001618057
-0.002877754
-0.001672112
0.0009288905
0.002434412
0.004232674
0.003676776
0.006101317
0.008136219
0.006998919
0.008681921
0.009697841
0.009394902
0.007037681
0.007692522
0.01049854
0.01270072
0.01533334
0.01412158
0.0119857
0.01103404
0.01266603
0.01172559
0.00965193
0.009580529
0.009607047
0.0103649
0.0127823
0.0142562
0.01185715
0.00983143
0.007776126
0.01007112
0.0120132
0.009783473
0.007592509
0.003370724
0.001181799
-0.0008928868
-0.001700732
-0.002788058
-0.006501883
-0.01043093
-0.01092054
-0.0104952
-0.01024327
-0.01051358
-0.008576606
-0.008060493
-0.01004338
-0.01066763
-0.01460586
-0.01672237
-0.0185441
-0.01805858
-0.01338291
-0.0108268
-0.008930635
-0.007024264
-0.007779075
-0.006191965
-0.004128516
-0.005625888
-0.007133459
-0.007591451
-0.009975203
-0.009637596
-0.007156967
-0.008312641
-0.01048729
-0.01049649
-0.008069919
-0.007000973
-0.007139707
-0.006914301
-0.006567516
-0.00858509
-0.009872344
-0.007434561
-0.003715656
-0.001429852
-0.0007923683
0.002604215
0.001280239
-0.002803858
-0.004803075
-0.006551372
-0.00871073
-0.01177483
-0.01040703
-0.004978605
-0.0002550035
0.004498177
0.007120578
0.008055899
0.006171939
0.003877939
0.006562558
0.0118033
0.01562522
0.01750811
0.01838835
0.01916047
0.01982243
0.01763859
0.01484376
0.01275172
0.0166583
0.02153285
0.02003751
0.01526185
0.01182238
0.0139103
0.01572383
0.01604817
0.01495572
0.01462114
0.01750057
0.01773208
0.01610516
0.01441397
0.01485356
0.01380804
0.008418329
0.0043026
0.005030852
0.004966563
0.003863914
0.002914264
-0.001685965
-0.007515295
-0.01329158
-0.01655868
-0.01789389
-0.0217536
-0.02487381
-0.02305926
-0.02002581
-0.01761355
-0.01667926
-0.01690369
-0.0180808
-0.018548
-0.01689053
-0.01422021
-0.01488324
-0.01721704
-0.01904899
-0.01932545
-0.02029958
-0.02215296
-0.02066176
-0.01813933
-0.01660223
-0.01328319
-0.01014775
-0.01099438
-0.007024582
-0.003124141
-0.0005507205
0.00354454
0.0026469
0.00274376
0.003886119
0.005214118
0.006438077
0.008945197
0.01223159
0.01269565
0.01133289
0.009695747
0.01021488
0.009586519
0.01118686
0.01496285
0.01485673
0.01433444
0.01500658
0.01598573
0.01794714
0.0188498
0.01847949
0.01669751
0.011064
0.00566509
0.004697062
0.002474434
0.003124125
0.006102476
0.007901708
0.009223577
0.01178577
0.01493548
0.01515371
0.01500677
0.009758822
0.002986991
0.001137678
0.004018106
0.007025012
0.007276899
0.007756245
0.006740271
0.001310757
-0.004382938
-0.009759413
-0.01457489
-0.01265326
-0.007501301
-0.000255278
0.005019085
0.002389467
-0.00237807
-0.004597649
-0.008435968
-0.01175715
-0.009342865
-0.01107795
-0.01787529
-0.02122503
-0.02287137
-0.02250117
-0.01874967
-0.01336923
-0.006772954
0.0001446225
-0.001860761
-0.006144824
-0.004401708
-0.005370773
-0.009057117
-0.009340744
-0.006351188
-0.003652334
-0.002239701
0.0004428325
0.002014585
-0.002467362
-0.00969413
-0.01413936
-0.01373143
-0.008357116
-0.005112565
-0.006147936
-0.008292047
-0.01135722
-0.007525148
0.00139468
0.006941368
0.005480655
0.0001694426
-0.003045671
-0.0007823643
0.001455468
-0.001139544
-0.005274632
-0.004215423
-0.0002769688
0.00309865
0.006112474
0.004332006
0.003248071
0.006899524
0.009339553
0.007863878
0.006724242
0.01079487
0.01518682
0.01737462
0.01855924
0.01560987
0.012971
0.007284539
0.002098904
0.004100703
0.005486429
0.003946875
0.00703279
0.009184039
0.005409939
0.005787174
0.005362853
0.005281335
0.006356374
0.005919024
0.006194078
0.004536397
0.002048452
0.002809225
0.007131206
0.008457508
0.008127363
0.008890543
0.007161288
0.004727503
0.003261777
0.004374347
0.007651682
0.01219565
0.01540321
0.01359801
0.008803084
0.003621225
0.001473539
0.001670678
5.734098e-05
-0.006120103
-0.008119682
-0.008255892
-0.007555411
-0.007278786
-0.008606704
-0.008027441
-0.009828517
-0.01048913
-0.008306985
-0.004814632
-0.002899076
-0.002271686
-0.005416073
-0.007487688
-0.00732715
-0.006464844
-0.007163054
-0.009269106
-0.008960761
-0.01111342
-0.01038381
-0.006222532
-0.00416171
-0.004462906
-0.007769678
-0.01019065
-0.01043342
-0.01062466
-0.008833365
-0.007663339
-0.006489367
-0.005816383
-0.006789503
-0.008276936
-0.00799866
-0.006190492
-0.005706418
-0.00527859
-0.004072753
-0.003138169
-0.001677935
0.0006916673
0.002448264
0.004360464
0.003394888
0.002437061
0.003885802
0.005436341
0.007889017
0.009769737
0.009224736
0.007545111
0.007187387
0.006368574
0.00464046
0.003214499
0.00382602
0.00475633
0.004990156
0.00602481
0.006204822
0.005204717
0.003761988
0.003845253
0.003903013
0.002779823
0.002001676
0.003473585
0.006880556
0.005891622
0.004235219
0.00338417
0.0007908201
-0.001193951
-0.001604019
0.0003433367
0.001173122
-0.0004180758
-0.001374612
-0.0005127359
0.0006147438
0.001348805
0.001442548
0.0009650332
0.0009248357
0.0008162028
0.0003625943
9.19172e-05
-0.0004808057
-0.0004384227
-0.001198073
-0.002537107
-0.003494073
-0.003667412
-0.002781459
-0.001709562
-0.001316255
-0.001636014
-0.001029972
-0.001315393
-0.001270209
-0.001351543
-0.002199142
-0.002667414
-0.003598246
-0.004489159
-0.004666604
-0.003729026
-0.002629461
-0.002137554
-0.001617672
-0.0016667
-0.002124841
-0.001293108
-0.0005847461
-2.619609e-05
4.709383e-05
0.0001833882
0.0005223102
0.0002955922
9.182816e-05
0.0002904966
0.0006670527
0.001004228
0.001473141
0.002034073
0.00210707
0.001161449
0.0003249665
-0.0001954573
-8.511824e-06
0.0005502549
0.000840577
0.001096638
0.001250664
0.001207073
0.001093815
0.001119935
0.001044238
0.0008347117
0.0008587882
0.0007149283
0.0003916842
0.000101538
-0.000274468
-0.0003092799
3.815283e-05
0.0003971233
0.0006237511
0.0004723514
0.0001720816
-0.0001283988
-0.0003665041
-0.0003494038
-0.000195902
-1.817915e-05
-1.07564e-05
-0.000153887
-0.0002050106
-8.832557e-05
-0.0001242314
-0.0002147919
-0.0003028714
-0.0002922938
-0.0002861099
-0.0003355795
-0.0003608064
-0.0002834797
-0.0002126798
-0.0001451739
2.071211e-05
6.595983e-05
1.853473e-05
1.921114e-05
2.675434e-05
3.03668e-05
5.162472e-07
-3.770781e-05
-4.407409e-05
-6.747664e-05
-9.975111e-05
-0.0001135846
-9.047804e-05
-5.964279e-05
-3.503107e-05
-2.777338e-05
-2.25347e-05
-8.308929e-06
1.244469e-05
3.029062e-05
5.044521e-05
7.082814e-05
8.869192e-05
0.0001035394
0.0001169302
0.0001293076
