0.002724919
0.0009768517
0.0001671831
0.0007498135
0.001927103
0.002613771
0.002510959
0.001895085
0.003444671
0.002756375
0.0009440387
0.001233921
0.001442203
0.004479963
0.004636223
0.001575402
-0.00142728
-0.0008671035
0.0006273924
0.001433387
0.002343421
0.002307914
0.0009943464
-0.001280062
-0.001830672
-0.001231743
0.0005922054
0.001659313
0.001656439
-0.0009576351
-0.00407763
-0.003615386
-0.002931804
-0.001829002
-0.001569741
-0.001446141
-0.001226661
-0.003463343
-0.004128205
-0.002157389
0.0001775666
0.001347681
0.002822775
0.002822948
0.0007168204
-0.001501508
-0.000552738
3.331522e-06
-0.0006890798
0.0007860079
0.003210715
0.005043821
0.003470126
0.00367633
0.002964534
0.002349636
0.001824498
-0.0002469608
0.0002805392
0.0003796385
0.0002655569
-0.0009664455
-0.001203949
-0.001293553
-0.0001662978
-0.0006608435
-0.00272313
-0.002780097
-0.004733246
-0.005777575
-0.004359624
-0.001404535
-0.0004751666
0.0008122211
0.000920488
0.0007584542
0.001583779
0.001595144
0.001797248
0.001354711
0.001486433
0.002331134
0.001041995
0.0009707348
0.001877654
0.0002794522
-0.00101887
-0.001789853
-0.002744437
-0.004021342
-0.005127908
-0.004974774
-0.004721681
-0.004863329
-0.003816677
-0.001722487
0.001672203
0.002493432
-0.0002604394
-0.001460852
0.001172915
0.001698341
0.001152767
0.001167172
0.0003880158
0.0002616592
0.0003444018
-0.0009794363
-0.001776955
-0.001483075
-0.002712055
-0.002765996
-0.002762818
-0.00439062
-0.004841343
-0.003556027
-0.001535291
9.886332e-05
0.0005457374
0.0008691908
0.002095344
0.004898415
0.007231267
0.008506377
0.006269627
0.003143437
0.001893026
0.0004936936
0.003331441
0.004914587
0.003497913
0.001539619
-0.002029256
-0.004130352
-0.004058849
-0.002360446
-0.0001347045
0.001077157
-0.001003542
-0.002519162
-0.003662483
-0.004331504
-0.004632306
-0.002718688
0.001491968
0.001069785
0.00154418
0.003018175
0.00214413
0.0007172435
-0.0003567233
0.0006878491
0.001985381
0.005339232
0.006050263
0.004025653
0.0008770027
-0.001964628
-0.0020186
-0.001939973
-0.002841565
-0.004002239
-0.001370553
0.0005491721
-0.0009042431
-0.005394199
-0.008651995
-0.008149052
-0.00441169
-0.0008793483
0.0005140529
0.002510273
0.004712533
0.005516373
0.004066012
0.00275029
0.001875208
0.002556645
0.005507582
0.007614978
0.006179914
0.000647509
-0.006332276
-0.007030902
-0.004667489
-0.002370376
-0.0001803639
-0.001942852
-0.003634961
-0.00449883
-0.0071732
-0.01041061
-0.009781201
-0.006322312
-0.003185744
-0.0005000169
0.00229179
0.001746157
-0.001156697
-0.001680912
-0.0003242468
0.002123818
0.001305842
0.001168205
0.003328628
0.00506269
0.004693512
0.002593394
0.004298895
0.002635335
8.029549e-05
0.001029975
-0.001107886
-0.005964047
-0.005056189
-0.001009792
-0.001519735
-0.003273058
-0.003799322
-0.003182166
-0.0001659709
0.004813724
0.005748098
0.004127372
0.001009285
-0.001211202
-0.001128529
-0.001259037
-0.0001451457
-0.001224255
-0.001737264
-0.001413874
0.0005996559
0.001201505
-0.002870286
-0.004252337
-0.001880789
-0.001852182
-0.005122255
-0.007662008
-0.005510782
-0.0001006559
0.001302909
1.775448e-05
0.001285659
0.004430363
0.004767007
0.00299837
0.002779113
0.004590676
0.002661898
-0.0008458405
-0.001467999
0.004008421
0.005251842
0.001476862
-0.001611658
-0.002707099
-0.00044062
-0.001852261
-0.003050723
-0.003663706
-0.003556568
-0.004871311
-0.003892075
-0.002081539
-0.001327723
0.0008989726
0.003755007
0.005439062
0.003518436
0.00202417
0.001482584
0.002689277
0.00309935
0.003313582
0.006360354
0.006628646
0.004719238
0.004128689
0.003191339
0.00115443
-0.0001327802
0.001109609
0.003614759
0.003633148
-0.001956424
-0.005112275
-0.004315627
-0.00535906
-0.005648713
-0.001859386
-0.0002069592
-0.002150033
-0.005262027
-0.004193041
-0.001044276
-1.811144e-06
0.001893373
0.002955218
0.005164562
0.004958545
0.002496289
0.0007714919
-0.0006983053
-0.0006738028
-0.003709301
-0.004226419
0.0006798026
0.001855884
0.002054805
-0.001294855
-0.006186754
-0.003686714
0.001145045
0.0006136449
-0.0009469358
0.003094323
0.006681681
0.00921538
0.0113064
0.01073012
0.009371494
0.00543227
0.001134007
-0.0001103762
-0.00170258
-0.005624464
-0.006420048
-0.007069772
-0.007477756
-0.006806582
-0.002466467
0.0002324672
-0.002973378
-0.002663285
0.0002478091
0.002819243
-5.510418e-05
-0.003202811
0.003598561
0.01064065
0.008609847
0.007646978
0.01096607
0.008849581
0.002763253
0.002453184
0.002339974
0.0004193249
0.0002357352
-0.003467875
-0.007725345
-0.008472995
-0.006775706
-0.004493957
-0.007310168
-0.01292118
-0.01064963
-0.007313202
-0.006790954
-0.005653646
-0.002063239
0.001259929
0.002056556
0.001577163
-0.0008198305
0.001923976
0.002734882
-0.001105411
-0.0003873253
0.00251764
0.004061926
0.005191071
0.003910976
-0.0006167985
-0.0006769738
0.001620071
0.004817775
0.007505479
0.006444683
0.003392847
0.003086851
0.005763334
0.005609317
0.001559921
-0.006859156
-0.01119313
-0.006778571
-0.001042089
0.001443653
0.003476515
0.004734177
0.003189899
-4.739295e-06
0.0008275822
-0.001373577
-0.006199194
-0.005823835
-0.003037194
-0.0007554535
-0.002475173
-0.003245273
0.002871667
0.008882527
0.007629967
0.0008143266
-0.003541074
-0.003161634
-0.003211615
0.0007133437
0.008134862
0.009056942
0.0063876
0.002722738
-0.004309143
-0.005540285
0.001115213
0.004480191
0.004083409
0.006242746
0.006766004
0.002890001
0.002190279
0.007794156
0.01043697
0.01030947
0.004672947
-0.0006545165
-0.0019336
-0.001192063
-0.002008067
-0.007646631
-0.008774755
-0.009431639
-0.01132578
-0.01025989
-0.005503631
-0.004520356
-0.00683168
-0.005403685
-0.00217641
-3.814916e-06
0.00178628
0.004100655
0.00283891
-0.0006423553
-0.006959221
-0.01123405
-0.009986591
-0.003249497
0.0003918968
-0.005399669
-0.007503935
-0.004317461
-9.160699e-05
0.001784167
0.00307344
0.004409634
0.003180528
0.004664621
0.01038375
0.01170057
0.006074241
0.0007294345
0.0005937675
0.0005152207
0.0005774335
-0.002004193
-0.0034271
-0.005801668
-0.01221543
-0.01055488
-0.00411155
-0.001322877
-0.003045665
0.0004172273
-0.0006578603
-0.003106888
-0.002071596
-9.688372e-05
0.005599808
0.008560861
0.01018571
0.01154536
0.015403
0.01325181
0.0075653
0.005004071
0.004078923
0.005916955
0.008913706
0.006087278
0.003226169
0.003241461
-0.002448108
-0.006398576
-0.009769686
-0.01617223
-0.02130182
-0.01631199
-0.00946576
-0.007748088
-0.001263957
0.002781354
0.006275865
-0.002331924
-0.01822047
-0.0180991
-0.01293689
-0.0074187
-0.001270149
0.003850241
0.005372072
0.002714963
0.003651314
0.008548325
0.009469376
0.005487286
0.008716598
0.01473357
0.01365236
0.00457945
-0.002077079
-0.001963869
-0.0009000182
0.0003627326
-0.006616116
-0.01281569
-0.01297175
-0.01010352
-0.003868274
-0.002652443
-0.0003156326
0.003323718
0.002364909
0.004153979
0.00524945
0.004724141
0.005867551
0.003648022
0.0001065729
0.001657984
0.003457254
0.001402965
-0.005145444
-0.007197693
-0.003554263
-0.002906572
-0.005254621
-0.00491905
-0.006848899
-0.01109007
-0.008516617
-0.006610247
-0.01193874
-0.01205808
-0.007981154
-0.004005203
0.002697208
0.01011566
0.01247185
0.009910621
0.01103669
0.01310422
0.01240959
0.008329586
0.008908936
0.009636187
0.00811332
0.00694031
0.008857902
0.009657573
0.007721604
0.003242776
-0.002152013
0.001898399
0.00620789
0.005713182
0.005499993
0.005693785
0.002352257
-0.0002487516
-0.00353928
-0.01143817
-0.01756634
-0.01951862
-0.01484499
-0.00649324
0.0009507118
0.004583944
0.007913216
0.004231008
-0.005985319
-0.005927187
0.001045525
0.005707937
0.01154131
0.01562538
0.01258067
0.005531447
-0.00276218
-0.005457027
-0.008639435
-0.01067332
-0.006459708
-0.005837516
-0.008994422
-0.00808255
-0.006888136
-0.005959943
0.00330879
0.0139331
0.0135659
0.01231741
0.01504998
0.01305282
0.008665791
0.003247544
0.001635938
0.004886672
0.006121886
-0.0004499798
-0.004456546
-0.002013652
-0.001855557
-0.002014683
-0.001709709
-0.0008814743
-0.00235946
-0.002205445
-0.00500841
-0.01196482
-0.0175228
-0.02075825
-0.01730147
-0.01045728
-0.002495161
0.001464474
-7.675053e-05
-0.007866495
-0.01054196
-0.001781184
0.008088332
0.01052001
0.01071482
0.01001816
0.007860855
0.008386152
0.006752107
0.002790423
-0.00313782
-0.004954444
0.001155352
0.007283509
0.008089305
0.007853682
0.003137199
-0.001824084
-0.005000367
-0.00626721
-0.003777392
-0.0001349752
0.002559862
0.00380936
0.0002607773
-0.006776205
-0.01080521
-0.01148657
-0.00713729
-0.003641753
-0.001419175
0.001137963
0.003707341
0.00357576
0.004301998
0.004767117
0.002716916
0.002900515
0.007128414
0.01152563
0.01175615
0.009013371
0.004414191
0.0002536102
-0.00185779
-0.00503305
-0.00684355
-0.003124631
-0.002555471
-0.004046711
-0.00554611
-0.00500143
-0.006773169
-0.00972811
-0.008461268
-0.008451067
-0.01090621
-0.01138561
-0.006955744
-0.003640743
-0.003039962
-0.003672361
-0.001383479
0.001344002
0.002591464
0.002563926
0.006327728
0.00407761
-0.004036487
-0.004296585
-0.001052983
0.00599522
0.008109683
0.002836285
0.0002199883
0.001707151
0.006506254
0.009526477
0.008199461
0.007936305
0.01047713
0.01321175
0.01226418
0.008876759
0.004852864
0.0002088081
0.001562352
0.003822677
0.004197021
0.004278626
0.006351271
0.004595856
-0.001534339
-0.002957234
-0.007350368
-0.005382783
0.002071382
0.000544448
-0.006050866
-0.0053797
-0.0003296742
0.000518972
-0.002097322
-0.003219315
-0.005548989
-0.001907582
0.005759764
0.01004377
0.008998278
-0.002757214
-0.006253767
-0.0001714996
0.009503209
0.01222254
0.007385703
0.005582351
0.007964059
0.01443495
0.01591906
0.009660345
-0.0004825271
-0.008623139
-0.01166069
-0.00795298
-0.004643072
-0.008961742
-0.01521127
-0.0129693
-0.005605914
-0.008919884
-0.01532547
-0.01380974
-0.01448089
-0.01827426
-0.01490825
-0.007489783
-0.001475853
0.002354258
0.003526249
0.00385572
-0.001375849
-0.007335698
-0.006137186
0.0003449251
0.005892717
0.004942088
0.00281132
0.005451092
0.007994983
0.004630017
0.002678769
0.008502983
0.01024311
0.002692068
0.001138621
0.002721674
0.004794327
0.00736882
0.008402094
0.01070527
0.007137321
0.001951655
-0.001643831
-0.005095497
-0.007067142
-0.007088548
-0.006458173
-0.002858579
0.001868116
0.004077451
-0.004054994
-0.0135981
-0.01262296
-0.003900928
0.005900268
0.01050558
0.009474379
0.008085155
0.006123711
-0.0005695122
-0.001234536
0.00546484
0.01268136
0.01578931
0.01447047
0.009376608
0.004432685
0.002944523
0.00231928
0.002691598
0.0006699754
-0.001030347
0.005555811
0.01294981
0.01496739
0.01074359
-0.0002509756
-0.009293258
-0.008175318
-0.005536559
-0.00587824
-0.006700341
-0.01021728
-0.01063852
-0.01146062
-0.0205641
-0.0294391
-0.02508368
-0.0132078
0.001994297
0.01539814
0.01474128
0.01464542
0.01522888
0.01094286
0.00778904
0.004567902
0.000303303
-0.007711835
-0.01019143
-0.005986972
0.004794449
0.01574315
0.01314523
0.002826935
-0.007377122
-0.01014946
-0.008181858
-0.002985955
0.007150827
0.00590645
0.001538833
0.001061497
-0.00555012
-0.009037476
-0.004651453
-0.002704249
-3.692582e-05
0.004300138
0.006126982
0.008126206
0.00914521
0.006663575
-0.001616761
-0.007603116
-0.006881951
-0.002255206
-0.0009546816
0.002923383
0.01011645
0.01217279
0.01034906
0.006253785
-0.001416589
-0.008215884
-0.004140957
4.106875e-05
0.002430955
0.004501581
-0.004016412
-0.01839839
-0.02369828
-0.01613699
-0.01204167
-0.01702842
-0.02342685
-0.02816676
-0.02399494
-0.01344709
-0.0005838417
0.008727767
0.003486014
-0.003335718
-0.00180773
0.003088298
-5.32737e-05
-0.003370285
-0.0007437568
-0.002923468
-0.0008344796
0.01481847
0.02335182
0.01598541
0.008617977
0.005301986
0.004682875
0.009172944
0.02488199
0.03313382
0.02747489
0.01371614
-0.008993106
-0.0285883
-0.04007856
-0.03386367
-0.006916265
0.02494958
0.02752512
0.01307175
0.003406258
-0.007519951
-0.01082166
-0.002315849
0.006475562
0.006023735
-0.0006286747
-0.005217623
-0.006758811
-0.01841534
-0.02708939
-0.01827758
-0.004874744
0.01185329
0.0170135
0.001085213
-0.01448199
-0.009294243
0.01138935
0.0264966
0.03221578
0.01202287
-0.01769378
-0.02427988
-0.01246825
-0.004938578
-0.006377764
-0.006061531
-0.002697537
0.002771736
0.01295953
0.03194686
0.03288122
0.01037801
-0.006778354
-0.00113364
0.01146543
0.009400988
-0.007385117
-0.03172228
-0.04384495
-0.04633677
-0.03343272
-0.01297352
-0.005723328
-0.007494013
-0.0132886
-0.02421174
-0.04109985
-0.03994619
-0.01816916
-0.003543341
-0.002108166
-0.00123195
-0.001478755
-0.006311479
-0.01048834
-0.01026493
-0.01400217
-0.01105739
0.01709974
0.0444317
0.04655435
0.04088727
0.02900941
0.006741823
-0.00418336
0.003832856
0.01513857
0.01032523
-0.001362913
-0.003632376
-0.001313879
0.003761677
0.01110877
0.02537147
0.04149159
0.03592956
0.006087463
-0.02817532
-0.0453582
-0.04173614
-0.03281009
-0.03047425
-0.03825681
-0.03846995
-0.01766702
-0.001722338
0.0006451198
-0.008438963
-0.0151648
-0.006931326
0.003740972
0.01286593
0.01077395
0.0007422861
-0.007654315
-0.009954378
-0.01434034
-0.01619262
-0.008365102
0.0100133
0.02856203
0.02741559
0.01240021
-0.0003242494
0.01107225
0.04402441
0.07376255
0.07808228
0.06206628
0.0410125
0.019922
0.001867021
-0.01241192
-0.02350132
-0.03886962
-0.04952042
-0.0456811
-0.03038106
-0.01432623
-0.004628027
-0.008133728
-0.01704135
-0.02016149
-0.01969633
-0.02332239
-0.03755951
-0.05378155
-0.06193029
-0.05854997
-0.05385691
-0.04441167
-0.03521837
-0.03041108
-0.01978264
-0.01000488
0.003218442
0.03709676
0.06800994
0.07043656
0.06208688
0.05631066
0.05884846
0.07205444
0.08709132
0.06980235
0.02293952
0.003171955
0.01676043
0.02861899
0.03711155
0.05146605
0.04334077
0.01221551
0.005971112
0.02482687
0.03278801
0.02430471
0.009603489
-1.405117e-05
-0.01768449
-0.03878723
-0.04015093
-0.03767433
-0.04765193
-0.06655045
-0.09256755
-0.1165528
-0.1188845
-0.09835492
-0.07211742
-0.0471335
-0.02379892
-0.006866881
0.002006138
0.003386237
0.008169056
0.01745109
0.02719417
0.02902919
0.01786737
0.01129555
0.03499427
0.07210599
0.07498242
0.05068912
0.02721794
0.01820424
0.02790754
0.04311986
0.05731524
0.0624214
0.04947865
0.02592281
0.01286889
0.009886451
0.007738369
-0.01049103
-0.04648271
-0.07355041
-0.08176036
-0.07405626
-0.05851958
-0.04511674
-0.03597751
-0.03112023
-0.03200657
-0.03331009
-0.02932084
-0.02769798
-0.02970428
-0.02693698
-0.01832407
-0.01103205
0.003024608
0.0307207
0.05179802
0.05987034
0.0660638
0.07883017
0.08824481
0.08437701
0.08900682
0.1013948
0.09498104
0.08334186
0.07829085
0.07216884
0.05123848
0.01220414
-0.006661748
0.007621348
0.03233496
0.03938626
0.03292765
0.01721357
-0.006719675
-0.02195232
-0.0240137
-0.01890245
-0.01166551
-0.01071484
-0.027249
-0.05360475
-0.07071317
-0.07761956
-0.08626606
-0.08527969
-0.06575481
-0.03565152
-0.005400331
0.0284892
0.05080683
0.04299775
0.01753756
-0.02305024
-0.05746195
-0.058894
-0.04558194
-0.03125193
-0.01285722
-0.001182268
0.005620144
0.01016428
0.01207477
0.01284388
0.008443633
0.005911004
0.009807435
0.02209031
0.03162632
0.03910397
0.06043526
0.08049054
0.0714248
0.03306059
-0.005903377
-0.02545165
-0.02290366
-0.005834947
0.016856
0.03014357
0.02140322
0.00211403
-0.01621126
-0.02437735
-0.036703
-0.05507317
-0.0603037
-0.0538328
-0.05562389
-0.05957942
-0.05178557
-0.0562766
-0.06337068
-0.04810125
-0.0253542
-0.02205754
-0.02255017
-0.007705065
0.01193506
0.02482279
0.03650487
0.0471792
0.04596746
0.03352961
0.01574593
0.01365088
0.01669254
0.02169669
0.03733025
0.05014964
0.04445092
0.03342678
0.03535461
0.02965079
0.01413866
0.006452978
0.006495841
-0.006821256
-0.02407555
-0.01910711
-0.00188847
0.009398872
0.01795669
0.02265279
0.01397567
-0.01018912
-0.031961
-0.03068292
-0.005997883
0.02606176
0.04827533
0.05152915
0.03687789
0.01944815
0.01160947
0.01211745
0.007580508
-0.006486294
-0.02180872
-0.03307052
-0.03677616
-0.0336172
-0.03311025
-0.03119875
-0.02947901
-0.02933416
-0.02507972
-0.02514499
-0.03145979
-0.03519502
-0.03592124
-0.03438511
-0.0214668
0.003577278
0.02485245
0.03425482
0.03524016
0.03742195
0.04071452
0.03375915
0.02887541
0.03339606
0.03517087
0.02905802
0.02737095
0.02592256
0.01384985
0.004904461
0.008893691
0.01031048
-0.007923032
-0.02456636
-0.02718877
-0.03729697
-0.05153616
-0.04962161
-0.04177066
-0.03389014
-0.02228457
-0.02693678
-0.03974798
-0.04449301
-0.04120861
-0.03230094
-0.009305041
0.02761284
0.05105755
0.06181754
0.06389323
0.0572408
0.0482597
0.03116042
0.01427942
0.01796162
0.03082077
0.03760275
0.03206007
0.01406829
0.0006185676
-0.004894533
-0.01211613
-0.01691319
-0.01609822
-0.01227322
-0.0143632
-0.02898286
-0.04521617
-0.05298347
-0.04982453
-0.04370964
-0.02993556
-0.01919089
-0.01510069
-0.006666319
-0.005211805
-0.004772192
-0.006155318
-0.006622486
0.004096686
0.02197932
0.02995571
0.02633062
0.01986585
0.008584642
-0.0005535475
-0.004127638
-0.008846168
-0.01128602
-0.01002837
-0.01092904
-0.01301292
-0.01249783
-0.01166144
-0.01346482
-0.01510295
-0.008301604
-0.001451299
-0.0001477545
0.00268885
0.01517771
0.03188326
0.03267374
0.03216678
0.03351724
0.0355562
0.04135183
0.03258491
0.01669737
0.008923929
0.005290668
-0.0008436333
-0.005059315
-0.0115088
-0.01307656
-0.01815924
-0.02904062
-0.03038195
-0.02782891
-0.02986588
-0.03037998
-0.01761165
0.0005463652
0.0131617
0.01268737
0.007271143
0.008841917
0.01739561
0.03051788
0.03876863
0.0424763
0.04058417
0.02913872
0.009345586
-0.01290064
-0.02159618
-0.02434205
-0.02740514
-0.02525502
-0.02093127
-0.01668709
-0.0143248
-0.02078246
-0.03098657
-0.03336321
-0.03067861
-0.02125895
-0.008306007
0.002143855
0.008806455
0.006768455
0.001246134
-0.003803927
-0.01044927
-0.01622761
-0.01906631
-0.02162962
-0.0138491
0.002936995
0.01720471
0.02314616
0.01829602
0.004200591
-0.01217658
-0.01804366
-0.01538457
-0.003875961
0.01070285
0.01047024
0.003135369
0.001508418
-0.0003164138
-0.007598246
-0.01033496
-0.007228092
-0.008001307
-0.01293816
-0.02111046
-0.02840759
-0.03033239
-0.0234811
-0.0130792
-0.01183384
-0.01619236
-0.02019796
-0.02486656
-0.03113758
-0.035695
-0.03252388
-0.02224133
-0.01061441
-0.004283333
-0.005069817
-0.01038306
-0.01115935
-0.004456994
0.007156659
0.01129983
0.01143746
0.02009311
0.02544192
0.02822237
0.0306754
0.03429837
0.03731444
0.03123925
0.02295269
0.01755784
0.01701105
0.01303501
0.005049356
0.002017839
-0.003436178
-0.012705
-0.01868839
-0.02677503
-0.03477803
-0.03756577
-0.03346341
-0.02445486
-0.02251592
-0.0224854
-0.02356159
-0.02286603
-0.01103616
0.002605236
0.006835089
-0.001536139
-0.009603407
-0.009070036
-0.001824046
0.008715525
0.01430299
0.01996288
0.01891831
0.009422016
0.002096281
0.001356686
0.003265011
0.004023794
0.01261006
0.02214594
0.02777726
0.03102484
0.0269886
0.01855004
0.00977794
0.002705158
0.003768915
0.007615232
0.009174708
0.01123602
0.01139096
0.01142757
0.01140502
0.01146815
0.008674264
0.001273035
-0.002718336
-0.005162367
-0.005047219
-0.002147472
0.0008858941
-0.0006656404
-0.006885716
-0.01296197
-0.01900355
-0.02040821
-0.0131041
-0.002404424
0.001771335
0.005579895
0.005347212
0.00331933
0.004046467
0.007778522
0.01338534
0.01222037
0.004485585
-0.004099883
-0.008405431
-0.00837904
-0.00404621
0.0001305586
-0.002954053
-0.003769166
-0.004145679
-0.009089754
-0.001145109
0.01082139
0.01336004
0.01108938
0.005485362
0.001759162
0.002537282
0.005700161
0.01263704
0.0158805
0.01799379
0.02086801
0.0204364
0.02109517
0.02261789
0.02404574
0.02119775
0.01468388
0.01122083
0.009706997
0.004578284
0.00250957
0.002418636
0.00256944
0.0008414035
-0.004580054
-0.005218732
-0.001532612
-1.399183e-05
-0.006555413
-0.01058151
-0.004384158
0.001866238
0.004091713
0.007430007
0.01466878
0.01829165
0.0154161
0.01050565
0.005789003
0.007042412
0.01042354
0.008601646
0.004959051
-0.002078104
-0.00561054
-0.002051938
2.154353e-05
-0.002373596
0.0003047437
0.006383762
0.01218432
0.01764012
0.01744205
0.01507139
0.0138931
0.01362057
0.01086638
0.009517756
0.008419025
0.006581813
0.001257221
-0.001082853
0.003622213
0.005204037
0.004959041
0.002695463
-0.002808655
-0.007405995
-0.01071304
-0.008571239
-0.00552062
-0.005974724
-0.004239909
-0.005351914
-0.006201782
-0.008639791
-0.01451724
-0.01690323
-0.01342524
-0.007640014
-0.003517387
-0.003303402
-0.003630018
-0.001808514
-0.0002562924
0.003346129
0.004387328
0.004223907
0.004053345
0.003723662
0.003919277
0.003662012
0.0005824052
-0.003836462
-0.002717751
-0.001175741
-0.003586233
-0.006681145
-0.003650958
-0.0005167329
-0.006721628
-0.01409749
-0.0129492
-0.007580163
-0.003366783
0.002496956
0.002192753
-0.00308599
-0.006113595
-0.007788681
-0.01118757
-0.01058398
-0.004501967
-0.004474677
-0.005378649
-0.001861942
-0.001952977
0.003956648
0.003947211
-0.006721227
-0.009644806
-0.005817006
-0.002178927
-0.00386117
-0.006085034
-0.006563679
-0.007335065
-0.007191513
-0.006790923
-0.005835452
0.000915657
0.005826684
0.009109792
0.006370816
0.00176626
-0.0008513375
-0.005364096
-0.007475776
-0.01110012
-0.01200718
-0.01186976
-0.01262281
-0.01171325
-0.008511762
-0.00698409
-0.0060674
-0.003798191
-0.006043504
-0.006619078
-0.007283393
-0.00956849
-0.008945567
-0.007158826
-0.006316606
-0.002319528
0.0006085893
-0.003318715
-0.00387798
-0.0007611672
0.003871365
0.007809275
0.006632904
0.005310672
0.006139619
0.008286405
0.01075245
0.01369891
0.01870577
0.02285175
0.02080123
0.01822337
0.01793234
0.01484448
0.00807339
0.002588522
-0.001543827
-0.007170478
-0.01050111
-0.01167648
-0.01465114
-0.01319798
-0.008742955
-0.01169517
-0.01634773
-0.01628178
-0.01420132
-0.01382834
-0.01260469
-0.009860219
-0.005581667
-0.003744998
-0.00188181
0.003580956
0.001119342
-0.002673375
-0.003360192
-0.003284051
-0.001785012
0.001474546
0.007552362
0.01524688
0.02298933
0.02074496
0.01524883
0.01691616
0.01624565
0.01214692
0.008348062
0.005111226
0.0009196678
-0.006257432
-0.009542213
-0.007487295
-0.001031079
0.0007127349
-0.001131812
-0.003393541
-0.01115205
-0.01506414
-0.01263795
-0.01207837
-0.01027541
-0.005356344
-0.005836143
-0.0139639
-0.02040765
-0.01556917
-0.007467715
-0.001913202
0.003854918
0.008974116
0.009182443
0.007322632
0.004987145
0.005028688
0.00781611
0.01097928
0.01773219
0.02010096
0.02002607
0.01984401
0.02104206
0.01942623
0.01314634
0.00768458
0.007106117
0.005253279
0.001562032
0.001459516
0.001297436
0.0005594825
-0.004535946
-0.006454313
-0.001675074
0.001870452
0.001180412
-0.0002419883
-0.001354174
-0.001224307
-0.0003404443
-0.001669722
0.002642644
0.005531943
0.005419781
0.007260259
0.007959869
0.006957386
0.005162408
0.005452213
0.004091244
0.002193336
0.003688151
0.007206978
0.008928373
0.008010794
0.005454978
0.001711372
0.001866016
0.003714975
0.005609027
0.005280075
0.002523149
0.001546463
-0.002206755
-0.005168367
-0.00835785
-0.01089007
-0.0120115
-0.01256754
-0.009159089
-0.004388103
-0.001824266
-0.002676917
-0.005327161
-0.007406229
-0.005273066
-0.004488107
-0.006155135
-0.007758218
-0.00908863
-0.008595344
-0.007276947
-0.00633622
-0.006376722
-0.006240206
-0.003124747
-0.001119448
0.001323852
0.005529612
0.006282702
0.005671506
0.005622918
0.004976015
0.003022461
0.0006515923
-0.002674531
-0.004315387
-0.005083636
-0.004948701
-0.00330527
-0.001248327
-0.0009324985
-0.001546395
-0.000452418
0.0001915003
-5.075462e-05
0.0008754267
0.000746816
-0.002240853
-0.003425239
-0.002657654
-0.002527593
-0.002881929
-0.003509829
-0.005163526
-0.006970186
-0.007518623
-0.006270792
-0.0041539
-0.001511519
-0.0005099252
-0.0008854966
-0.001463282
-0.001370825
-0.0007332428
-0.0004931435
0.000351938
-2.595796e-05
-0.0005777309
-0.0004761761
-0.0004710493
-0.0008492965
-0.00102392
-0.00106859
-0.0008070512
-0.001292169
-0.001242009
-0.0003922733
0.0003071503
0.001464098
0.001839101
0.001883138
0.002636452
0.002807669
0.002913902
0.002746826
0.001549426
0.001060561
0.001387464
0.001871909
0.002366895
0.002340153
0.001230063
0.0005101512
0.0003950118
-9.13344e-05
-0.0003812477
-0.0003706963
-8.351182e-05
0.0001189722
0.0004161212
0.0002121993
0.0001428
0.0002307688
4.415869e-05
1.687209e-05
-0.000321616
-0.0004240996
-0.0002885483
-3.926839e-05
-0.0001296782
-0.0003432223
-8.960466e-05
1.202992e-05
0.0001862851
0.0002942594
0.0002540023
0.0003455954
0.0004590618
0.0005611204
0.0005709618
0.000706651
0.0007867529
0.0007519158
0.0006183969
0.0005425619
0.0003976489
0.0003337872
0.0003445609
0.0003164781
0.0003501314
0.000349399
0.0003791352
0.0003708882
0.0003253394
0.000282891
0.0002626472
0.0002940669
0.0003102194
0.000319607
0.0003260211
0.000312487
0.0002851306
0.0002564291
0.0002327807
0.0002141435
0.0001979092
0.0001823369
0.0001659248
