0.005005224
0.00345352
0.001683536
0.0001695741
-0.001717707
-0.002832847
-0.004123425
-0.004816282
-0.003889378
-0.001864953
-0.001110427
-0.0005945791
-0.0002704903
-0.0003248202
-0.001531749
-0.002093016
-0.0006306027
-0.001119448
-0.002183572
-0.002453114
-0.001950516
-0.002165996
-0.001087095
0.0008027067
0.0008524299
-0.0006125457
-0.00112382
5.402662e-05
6.907454e-05
-0.0004472964
-0.0001956061
8.974531e-05
-0.0001920221
0.001733492
0.004709606
0.006674902
0.006635899
0.005332098
0.005108477
0.003712878
0.00131258
-0.0002513174
-0.0004269934
-0.0004690483
-0.0007814021
-0.0008642548
-0.0006207063
-0.001269657
-0.002994706
-0.002293174
0.0003443186
0.0004715926
-0.001363612
-0.0006906361
0.0005790411
0.002260799
0.003944599
0.004072899
0.003206701
-0.0003798362
-0.002392512
-0.002703827
-0.003374182
-0.003844615
-0.003313407
-0.002017197
0.0002520926
0.002783524
0.004883496
0.006399009
0.005215604
0.003364099
0.003316975
0.001394073
-0.001868088
-0.002920929
-0.003958468
-0.003635327
-0.003185704
-0.00139988
8.198423e-05
-0.0002456301
4.69166e-05
0.0002374643
-0.001099947
-0.002290477
-0.002450806
-0.0006496748
0.002541718
0.004939551
0.006631546
0.007720722
0.008776239
0.006429036
0.003316835
0.002255854
0.001533515
-0.001121723
-0.002587641
-0.001498458
-0.0007458731
-0.0003564077
0.001355999
0.002832786
0.002317514
0.0002304233
-0.0003664465
-0.0005338954
0.0005736567
0.001935189
0.003610883
0.003898358
0.001983654
0.002118131
0.001951708
0.003400967
0.005146026
0.005330486
0.004348068
0.00222835
0.001301013
-0.001104303
-0.003761558
-0.003559752
-0.003361005
-0.004230198
-0.005928648
-0.0064592
-0.007516069
-0.0109577
-0.01225631
-0.01079377
-0.00704338
-0.002267885
0.00136419
0.003384667
0.003606884
0.001265842
-0.000501959
0.0002465808
6.692152e-05
0.0009572431
0.001351845
0.0009651287
0.0006569527
-0.001523942
-0.004984936
-0.00782985
-0.007055802
-0.005742174
-0.004066445
-0.0004068153
0.002073695
0.001947087
0.001499179
0.001941732
0.0004024265
-0.002910659
-0.002060103
0.001679093
0.00350477
0.004148268
0.004125707
0.003909347
0.001550987
0.0004615087
0.003406131
0.004369913
0.005679477
0.007073701
0.006217806
0.002887392
0.000310759
-0.0004247736
-0.001841665
-0.002233456
-0.002084647
-0.003681056
-0.005075505
-0.004268793
-0.0017648
-0.001001947
-0.002282152
-0.002108857
-0.001428622
-0.0007096253
-0.001195248
-0.0004935901
0.001602408
0.001880768
0.0009840882
0.003291229
0.00765571
0.007627053
0.005387036
0.00272474
-0.0002160159
-0.003354651
-0.004366585
-0.001085338
0.0003109489
0.0007259969
0.002643506
0.003856195
0.0009246251
-0.001054264
1.358724e-05
-0.003421861
-0.007261228
-0.006015894
-0.00278564
-0.001082325
0.0003404903
0.003067886
0.003625743
0.002781101
0.004196779
0.004481278
0.004756597
0.003973158
0.002001418
0.00130672
-0.0009577578
-0.002152255
-0.003840431
-0.002981667
-0.001137583
-0.001048917
-0.001073471
-0.001358125
-0.001333717
-0.00194477
-0.001894861
-0.003219912
-0.003583102
-0.003260852
0.001133239
0.004058531
0.004431783
0.004424576
0.004010389
-0.0001716764
-0.004647502
-0.003627566
-0.00365415
-0.001656034
0.000457343
0.001799601
-0.0001435611
-0.001188102
-0.0008821629
-0.002578483
-0.003849462
-0.003525161
-0.003886299
-0.005720317
-0.004710574
-0.00257169
-0.004545446
-0.007507582
-0.005472736
-0.003811211
-0.003466504
-0.003401278
-0.0005871503
0.001033578
0.001347686
0.003309095
0.005422485
0.005526474
0.002502126
0.000795617
0.0009648889
0.0006976011
-0.002826546
-0.001462853
0.0009147213
-0.0007560842
-0.002074989
0.001619406
0.005274022
0.003771519
0.003085016
0.003279793
0.0005124914
-0.00413875
-0.002582271
0.003103169
0.005345089
0.002215689
-0.0001466695
5.525213e-05
-0.0007842457
-0.003150683
-0.00308952
-0.001155636
0.0003467875
-7.450792e-05
-0.001723883
-0.003787377
-0.005535691
-0.006349685
-0.006833198
-0.00455251
-0.003363223
-0.004963634
-0.005553225
-0.001846576
-0.001433506
-0.003450076
-0.003058426
-0.003410354
-0.002953423
0.001899709
0.007604541
0.008182855
0.004113028
0.001649702
0.001254936
-0.001590889
-0.004110314
-0.006944919
-0.008391303
-0.009561266
-0.007936429
-0.004573512
-0.004247134
-0.003051716
0.0008977023
0.003558861
0.001911541
0.0009517004
0.001520841
0.001901281
0.001120962
0.003424104
0.006844145
0.007052208
0.00407379
0.001749194
0.0001834771
-0.004942039
-0.008529395
-0.00707489
-0.006787265
-0.01042052
-0.01183221
-0.009531107
-0.006184501
-0.003794654
0.0002547333
0.003011781
0.004823289
0.004389777
0.002747566
0.003510516
0.003072925
0.002058015
0.003065765
0.006726536
0.008775708
0.009846699
0.01133385
0.01188872
0.01035769
0.003878648
0.002232361
0.003821514
0.003300288
0.003457362
0.004424317
0.003951032
0.001520367
3.014248e-05
9.643836e-05
-0.0006338854
-0.003734689
-0.006860992
-0.006061315
-0.005836917
-0.006237779
-0.003342001
0.002357757
0.006472436
0.007900434
0.004627254
-0.001350966
-0.002140446
-0.001664105
-0.001754885
-0.002290384
-0.0008042424
0.0007685992
0.002512801
0.006045063
0.008162587
0.005312708
-0.0007726083
-0.004439505
-0.005208581
-0.005516617
-0.007550493
-0.005261609
-0.0007858439
-0.0009021188
-0.002890093
-0.004208948
-0.001911902
-0.001008176
-0.002772769
-0.002224003
-0.0003665756
0.001751972
0.004202019
0.005927867
0.006704095
0.006417483
0.004847712
0.001244061
-0.00726579
-0.01073072
-0.005867352
-0.0006775814
0.001844889
0.003894079
0.004670309
0.00270988
-0.001440489
-0.001387437
0.0009208344
-0.0002246139
-0.001127302
0.00170321
0.006466623
0.006342195
0.005684308
0.006066821
0.004642915
0.001397289
0.001612522
0.004404276
0.005266191
0.007269485
0.009235041
0.008542476
0.00483275
-0.0009832746
-0.007442919
-0.009695064
-0.006161767
-0.003378171
-0.003766774
-0.004068678
-0.004667401
-0.003652484
-0.000562887
0.00148631
0.005228708
0.005576546
0.001353764
-0.001475698
-0.0003740798
-0.0004240413
-0.003675782
-0.001005404
0.002154575
0.001009135
-0.003057586
-0.001203206
0.001021433
-0.001725406
0.0004472136
0.009120294
0.01603999
0.01525359
0.01520058
0.01550048
0.009765039
0.0004493993
-0.003289899
-0.004597517
-0.007598336
-0.009133415
-0.009226211
-0.00923435
-0.007570707
-0.006679204
-0.006615942
-0.00845396
-0.008479436
-0.006404733
-0.007034049
-0.004931806
-0.0007487625
0.001125001
0.000434485
0.003604669
0.007812193
0.009003578
0.01156686
0.01439433
0.01345085
0.01022258
0.0122728
0.01632631
0.01601013
0.01300218
0.01149668
0.01193939
0.01068685
0.006007118
-0.0009359959
-0.00611859
-0.007795443
-0.01067998
-0.01212325
-0.01175908
-0.0107564
-0.009518091
-0.009184526
-0.007175098
-0.007240351
-0.008773385
-0.009846397
-0.004841229
0.006168678
0.01129828
0.01135849
0.01228366
0.01056091
0.005135556
0.003301624
0.002376512
0.0009740398
0.000623188
0.002595896
0.002152225
0.000952733
0.003196761
0.00444425
3.787872e-05
-0.003923772
0.001670956
0.001261965
-0.004558126
-0.003350417
0.0005439721
-0.003411559
-0.003643069
0.00197716
0.006411129
0.006422378
0.006910988
0.01184884
0.01227421
0.006738697
0.002270107
-0.0005236436
-0.005148294
-0.008381665
-0.009598495
-0.01225352
-0.01243607
-0.004816644
0.0004639263
-0.001101743
-0.007133993
-0.007790843
-0.005718172
-0.004595122
-0.002440852
-0.0003732815
-0.000325311
-0.0007047204
-4.372991e-05
-0.0002099593
-0.0006250687
-0.000867798
-0.0005219873
-0.0004995166
-0.001699006
-0.002549655
0.0004144957
0.005467606
0.007919717
0.004167168
0.002048659
0.00403463
0.001537701
-0.006722228
-0.0116233
-0.01194457
-0.01374891
-0.01161606
-0.008025633
-0.005829543
-0.00582339
-0.005986559
-0.005866168
-0.005827377
-0.003268166
-0.0005386151
0.003056916
0.007030867
0.008538458
0.006026229
0.00619558
0.008654831
0.008934344
0.004592234
0.0009855451
0.003926236
0.008717206
0.007956318
0.00455057
0.003270501
0.004170172
0.002768723
0.001341774
0.0008154851
-0.0006512438
-0.007093533
-0.01212108
-0.008235871
-0.00684762
-0.005066669
-0.0005857778
0.004736613
0.006495124
0.006064715
0.007037827
0.007680456
0.005278387
0.003245558
0.002215389
-0.0001917801
-0.001718689
0.0004590412
-0.0006955681
-0.005661917
-0.006467687
-0.003076156
-7.834573e-05
0.0006611847
0.002695095
0.001520086
-0.0001598239
0.0008602065
0.003872297
0.003970247
-0.001330663
-0.006724392
-0.009308023
-0.01045651
-0.0134665
-0.01537897
-0.01593178
-0.01354699
-0.01053592
-0.005345113
-0.001373203
0.0002476068
0.0002721165
0.001679746
0.005389516
0.002884425
-0.002643945
-0.006281236
-0.005391766
-0.005108177
-0.005219328
-0.005167279
-0.00314255
3.171925e-05
-0.0009841717
-0.001087163
0.002861286
0.005776475
0.003678363
0.002499272
0.002989921
0.003313289
0.003123598
0.003196046
0.005082054
0.007277122
0.008239011
0.009035659
0.009520188
0.005784976
0.004433503
0.005551451
0.004619199
0.003471726
0.002741434
0.002419141
0.002163149
0.002612996
0.001602204
-0.002875569
-0.006817842
-0.009050596
-0.01268279
-0.01306934
-0.01071923
-0.008560887
-0.006036361
-0.004784794
-0.002849828
-0.002842662
-0.002877315
-0.003515809
-0.003311783
-0.002140797
0.0001266886
-0.0007515055
-0.00228556
-0.0004740142
0.001682291
0.002479957
0.0008643021
0.001679307
0.003262372
0.005557397
0.007247561
0.01051363
0.01193553
0.01067076
0.008205441
0.004770106
0.00271993
0.002632234
0.001469459
-0.0007102571
-0.0006612733
6.295054e-05
0.002322274
0.000852478
-0.002052458
-0.002737875
-0.004106692
-0.005352088
-0.005322485
-0.004840002
-0.006908539
-0.008027457
-0.005447854
-0.001905372
-0.001975729
-0.002997747
-0.002167445
-0.001274923
-0.001978701
-0.001364639
0.002388983
0.002716425
0.001307826
0.004079187
0.005702029
0.00477181
0.003948691
0.006540532
0.006021373
0.005835753
0.01099391
0.01345315
0.005602235
-0.005116925
-0.008233006
-0.0101057
-0.01016382
-0.007755585
-0.003571526
-0.003252246
-0.002857487
-0.001620208
-0.002082249
-0.0008123299
0.002246669
0.001027788
-0.003421434
-0.003972215
-0.003214337
-0.001277339
0.002131519
0.002528317
-0.001039625
-0.004971707
-0.00587439
-0.003464112
-0.0009151151
0.002802802
0.005109039
0.004483796
0.004290012
0.008049749
0.01507859
0.0213261
0.02288468
0.02041221
0.01433303
0.006647346
0.001902322
-0.002187863
-0.005323327
-7.847233e-05
0.01109564
0.0154276
0.01371605
0.008341688
0.004445302
-0.001047384
-0.008298549
-0.01103112
-0.01116574
-0.01061799
-0.01094641
-0.01265796
-0.01293131
-0.01086579
-0.01306592
-0.01448269
-0.009973256
-0.005700462
-0.00821271
-0.01064336
-0.006862205
-0.003602273
-0.004094921
-0.006309329
-0.003618558
0.001351914
0.003717305
0.004167136
0.001101027
-0.001024642
-0.001198031
0.0008327998
0.00507193
0.00812684
0.009118292
0.009029562
0.00731699
0.008036101
0.01368283
0.01685708
0.01632465
0.01431016
0.01401743
0.01440096
0.01268022
0.007486393
0.003032061
-0.0008459707
-0.003879442
-0.001404915
-0.0001870269
-0.003117479
-0.01030133
-0.01467814
-0.01617244
-0.01843377
-0.01689356
-0.01169564
-0.00970153
-0.009490385
-0.007770658
-0.005573572
-0.003164326
0.0006973999
0.003934885
0.001279831
-0.002862384
-0.003969078
-0.003930313
-0.006460929
-0.005229784
-0.002028
-0.005247115
-0.009902391
-0.01162517
-0.007040263
-0.0005969194
0.002822124
0.001890868
-0.001420049
-0.004747286
-0.01062146
-0.01472798
-0.0141374
-0.01150069
-0.009418873
-0.00872221
-0.01037869
-0.01432915
-0.01432098
-0.01061532
-0.008260143
-0.004489201
0.00428484
0.01132488
0.01838634
0.02346594
0.02477256
0.02166768
0.015513
0.01224492
0.01153908
0.01215822
0.01154316
0.01043952
0.00761106
0.003748319
-0.000763142
-0.004083243
-0.007917425
-0.01056025
-0.01380895
-0.01483609
-0.01204639
-0.01032973
-0.009589217
-0.01138442
-0.01474736
-0.02000036
-0.02198937
-0.01911603
-0.01483917
-0.007439078
0.0005097778
0.004977374
0.00151141
-0.008202054
-0.01067454
-0.003303003
0.006769492
0.009707088
0.007159122
-0.0009356025
-0.004635148
0.002457927
0.01083314
0.01604635
0.01677973
0.02112594
0.02828532
0.03511931
0.03601588
0.03183592
0.02677467
0.02349332
0.01974992
0.01654711
0.01059948
-0.004742346
-0.02338285
-0.02718236
-0.01544931
-0.003186878
0.004637534
0.008175906
0.005662616
0.003980628
0.006229719
0.005057729
-0.0011704
-0.00985571
-0.0112368
-0.006041948
-0.0008358786
-0.001823249
-0.006126639
-0.01094411
-0.01765674
-0.01638889
-0.009775221
-0.006481652
-0.007402723
-0.01024649
-0.007126326
-0.002971878
0.0003420903
0.002050578
0.001421226
-0.001742826
-0.003820578
0.002017889
0.009221117
0.008506084
0.005274711
0.006949538
0.007186164
0.007134131
0.003002098
-0.01084238
-0.02695023
-0.03239398
-0.02765712
-0.02151877
-0.01198791
-0.001683881
0.002006464
-0.0001069908
0.003347734
0.0101858
0.01181166
0.005456028
0.0004651527
0.01078958
0.02189532
0.02323048
0.01276731
-0.0005069873
-0.001046584
0.005965899
0.01437578
0.01944721
0.01987661
0.01071495
-0.005858025
-0.01159656
-0.01167002
-0.01887532
-0.02774933
-0.02791357
-0.02353473
-0.01792271
-0.009212949
-0.002418747
-0.001166206
0.002241595
0.01120942
0.01852178
0.01993446
0.02019352
0.02115026
0.01740072
0.00559114
-0.001446879
0.00158964
0.00779326
0.01266578
0.01444872
0.01594708
0.01524428
0.0147771
0.01827568
0.0226535
0.02649071
0.02803191
0.02578891
0.02240453
0.02043795
0.01602847
0.01138642
0.0106418
0.0107856
0.002127819
-0.0157324
-0.03045103
-0.03639765
-0.03823061
-0.03965659
-0.04458832
-0.05412432
-0.05700074
-0.05152439
-0.04108471
-0.02985045
-0.01899972
-0.01236464
-0.006530266
0.00320255
0.01741929
0.03195936
0.03460624
0.02119015
0.002986188
0.0007972433
0.009947638
0.01622367
0.01321057
0.0001157833
-0.01205998
-0.009967987
0.000158547
0.005816461
0.0111592
0.02683555
0.04831366
0.05605646
0.04550963
0.02686604
0.008183699
-0.009176728
-0.01744997
-0.0160628
-0.01617299
-0.01812733
-0.02139952
-0.02267047
-0.02538573
-0.03508086
-0.04743513
-0.04978626
-0.03711788
-0.01506245
0.005099859
0.009612311
0.006382963
-0.001789304
-0.01155481
-0.01269316
-0.006680289
0.002032522
0.004521294
0.001978405
0.001188897
0.003780688
0.006179699
0.007941211
0.009569102
0.005548232
0.007104723
0.02363379
0.04328916
0.05193159
0.05133078
0.04306263
0.01988923
-0.004962083
-0.01162067
-0.006523763
-0.002426453
-0.001211663
-0.002616233
-0.003621984
-0.005043894
-0.005869104
-0.0001969147
0.002832455
-0.001951376
-0.009600386
-0.01737384
-0.01947507
-0.0117996
-0.003718169
-0.0035091
-0.002094392
0.001222617
0.002604686
-0.007274044
-0.02658064
-0.04581889
-0.05675026
-0.04906153
-0.03695824
-0.03254473
-0.03020794
-0.0253793
-0.01743965
-0.00543224
0.01148647
0.03501375
0.05905818
0.07311783
0.0772641
0.08370536
0.09017417
0.0895397
0.07590736
0.0574331
0.04161796
0.02248885
0.001871561
-0.01328567
-0.01830002
-0.01765542
-0.01164051
-0.005756161
-0.008353115
-0.02484349
-0.03983038
-0.03892669
-0.0279709
-0.02038112
-0.02059637
-0.031796
-0.03967758
-0.03454089
-0.02237028
-0.008475876
-0.006295149
-0.009769302
-0.01144621
-0.007664088
0.01035928
0.03634476
0.05299317
0.05206188
0.03007064
-0.007799947
-0.0318016
-0.03142933
-0.02339993
-0.01364774
-0.004514694
0.001873533
0.003972659
0.001131926
-0.003734527
-0.007964501
-0.009168134
-0.006403967
-0.005154501
-0.01712525
-0.04233561
-0.05184408
-0.03963369
-0.01865335
0.001786398
0.02191912
0.03681823
0.03831658
0.03839406
0.04740777
0.06296478
0.07101866
0.06564017
0.0554177
0.04949758
0.04865707
0.04600912
0.04170264
0.02926065
0.006489118
-0.01680465
-0.03801355
-0.05310346
-0.05941117
-0.05576369
-0.05043014
-0.04846259
-0.04661541
-0.0451854
-0.04563219
-0.05428386
-0.06819976
-0.06995113
-0.06039172
-0.0557069
-0.05129543
-0.04089758
-0.03188388
-0.02907075
-0.02315172
-0.007588595
0.01205861
0.024932
0.02920475
0.02948521
0.03254518
0.04341631
0.05919262
0.07519842
0.08024127
0.0796476
0.07938951
0.07673441
0.07105604
0.06492275
0.05731046
0.04501841
0.02921042
0.01705504
0.01439791
0.01249354
0.005456531
0.001039899
-0.0008328522
0.001389696
0.004470065
0.003200134
-0.004467237
-0.01566279
-0.02465616
-0.03534069
-0.04222572
-0.04212171
-0.03689628
-0.03281835
-0.03153522
-0.02972577
-0.0277215
-0.02574069
-0.02570808
-0.02951271
-0.03854688
-0.04559307
-0.03828072
-0.02524311
-0.005916183
0.01574859
0.02240304
0.01617999
0.005294519
0.00227019
0.01035162
0.02447961
0.04229796
0.05688393
0.06127704
0.05448483
0.03946123
0.0213664
0.003290953
-0.01699687
-0.03650338
-0.05355373
-0.0644749
-0.0685182
-0.0709397
-0.06692298
-0.05605287
-0.04167497
-0.02946866
-0.01873421
-0.01070581
0.007064599
0.02548985
0.02819895
0.0266526
0.02467173
0.02463805
0.02582938
0.03254504
0.04309691
0.04978809
0.05038476
0.04386388
0.02951959
0.01595357
0.008540183
0.002454839
-0.005226805
-0.01232195
-0.02141017
-0.03324832
-0.04150014
-0.04545674
-0.04668281
-0.04621975
-0.04728465
-0.04887893
-0.04528346
-0.03498658
-0.0198345
-0.007470084
-0.003092266
-0.001370528
-2.312934e-05
-0.001148211
-0.002363052
0.002399307
0.01150993
0.01660889
0.01607439
0.01066735
0.006578145
0.006909626
0.008675227
0.01075397
0.01010523
0.01014907
0.01348445
0.02160567
0.02767567
0.02659547
0.02343142
0.02300912
0.02522352
0.02818354
0.03051015
0.03012049
0.02583647
0.01646062
0.01332716
0.009030905
0.0002476688
-0.007264647
-0.0126217
-0.01727394
-0.02114179
-0.02157327
-0.01790536
-0.01165788
-0.008236809
-0.006959783
-0.008668296
-0.01188641
-0.01665084
-0.02329105
-0.03438459
-0.0453904
-0.04940819
-0.04694592
-0.03915415
-0.03207231
-0.02596456
-0.02326463
-0.02185704
-0.02193661
-0.02416634
-0.02099721
-0.01027804
0.001237752
0.009836343
0.02122871
0.03187853
0.03647566
0.03621045
0.03298112
0.03017407
0.02786173
0.0240714
0.01946304
0.01566353
0.01741792
0.02129086
0.02295447
0.01992609
0.01646216
0.01398866
0.008542876
0.001085651
-0.006154312
-0.004386655
0.002934902
0.008539799
0.01355616
0.01761983
0.01995767
0.02203337
0.02536265
0.03152345
0.03491495
0.03251387
0.02636837
0.01576343
0.001686412
-0.01079737
-0.02114424
-0.02599638
-0.02431134
-0.019806
-0.01239569
-0.009538671
-0.01217231
-0.02001916
-0.02904922
-0.03715005
-0.04194711
-0.04002644
-0.03588218
-0.03322915
-0.031386
-0.02663994
-0.01686527
-0.0102628
-0.009021457
-0.008270729
-0.004702759
0.0005267896
0.006208199
0.01301773
0.01663058
0.01991193
0.02816272
0.03577601
0.0384015
0.03761509
0.03554349
0.0355231
0.03555779
0.03461329
0.031385
0.03102087
0.03188483
0.02928486
0.02141252
0.009864098
-0.001472166
-0.01221887
-0.01800939
-0.02124991
-0.02180172
-0.01930168
-0.01498706
-0.01260024
-0.0134101
-0.01149962
-0.006642359
-0.003293678
-0.002436857
-0.003791395
-0.006590252
-0.00822529
-0.007486786
-0.006388223
-0.007105258
-0.009475714
-0.01193593
-0.01102504
-0.008398518
-0.005602671
-0.004859065
-0.003509577
-0.00189591
-0.001195142
-0.001739793
-0.002626144
0.0003298455
0.002753395
0.001659986
-0.002274123
-0.003600091
-0.00170184
5.259277e-05
0.0002321456
0.000326019
-0.001267187
-0.005218633
-0.006487478
-0.008048042
-0.009892167
-0.009384171
-0.005028734
-0.002628636
-0.003418079
-0.00904742
-0.01687996
-0.0211578
-0.02063042
-0.01508464
-0.009244081
-0.0059882
-0.003388178
-0.0006769753
0.002793107
0.01077669
0.01780453
0.02246394
0.02626552
0.02928375
0.03069446
0.02937258
0.02744483
0.02358418
0.01978371
0.01572007
0.009819424
0.005150934
0.002547945
-0.003262944
-0.01390353
-0.01891882
-0.01926659
-0.02053643
-0.02217348
-0.02234886
-0.01975903
-0.01543213
-0.009428359
-0.005913383
-0.006729324
-0.008047107
-0.009429148
-0.00959025
-0.008744609
-0.005783489
-0.001300528
0.003979053
0.006274115
0.005703998
0.001293581
-0.007057095
-0.01312399
-0.01884306
-0.020373
-0.01780151
-0.01337669
-0.00852958
-0.00746973
-0.009117981
-0.01064383
-0.008552763
-0.001871692
0.00908726
0.01405167
0.01286956
0.008222517
0.005133011
0.008655145
0.01088596
0.01117368
0.01175617
0.01339743
0.01562111
0.01710631
0.01681059
0.01495426
0.009513667
0.004573887
0.001698589
0.0006439912
-0.0003759257
-0.0001973419
0.0009461627
0.0007616277
0.0005495535
0.0004282601
0.0003895874
0.001668755
0.004995064
0.009941134
0.01369278
0.01470777
0.01302486
0.0120121
0.01744573
0.02359438
0.02508572
0.02171267
0.01851303
0.0144882
0.008116362
0.0009550401
-0.002232361
-0.004342642
-0.005148342
-0.005056441
-0.005242999
-0.006207817
-0.007523514
-0.00567619
-0.003601406
-0.001022741
-0.002636275
-0.005028068
-0.00531356
-0.005376692
-0.005326603
-0.005392793
-0.005236623
-0.006897071
-0.00834026
-0.009342806
-0.008517513
-0.008220578
-0.01047976
-0.01193417
-0.01125269
-0.01059569
-0.009292015
-0.006049314
-0.001048135
0.003779646
0.004447867
0.00512221
0.006140293
0.005433557
0.005874322
0.007023987
0.009754654
0.0107554
0.00784241
0.006025918
0.004598048
0.004052479
0.00249507
0.001661863
0.001923116
0.00143569
0.001675524
0.0013819
0.001634997
0.000466214
0.001906592
0.004726011
0.005612531
0.004888472
0.003863514
0.003965656
0.00332116
0.002115664
-0.0005698509
-0.002943245
-0.005122838
-0.00641299
-0.009496301
-0.01217161
-0.01336384
-0.01312705
-0.01226704
-0.01410084
-0.01287975
-0.009108655
-0.00314864
0.001003937
0.001247875
0.002613813
0.005303713
0.006465653
0.007511315
0.009109818
0.009228301
0.008572605
0.008100509
0.008970735
0.0106692
0.01187909
0.009706659
0.003888749
-0.00211174
-0.007242168
-0.009214675
-0.009871382
-0.01094119
-0.01050955
-0.007864515
-0.003545657
-0.001269859
0.00147922
0.003116501
0.002107902
0.002199885
0.003046668
0.004808392
0.002387098
-0.0005911156
-0.005484888
-0.00756346
-0.00519993
-0.00526094
-0.004735449
-0.005753216
-0.005615324
-0.005780368
-0.004016593
-0.001652036
-0.0007501588
-0.00130382
-0.002834641
-0.003883
-0.005649438
-0.006422395
-0.007036232
-0.004647187
-0.003739181
-0.006840794
-0.009850605
-0.009741257
-0.009065808
-0.006374836
-0.003645104
-6.265063e-05
0.002958804
0.001746239
-0.001129944
0.0002013733
0.004321372
0.008475032
0.01146487
0.01018907
0.008063617
0.003381022
0.001808407
0.003157073
0.006114281
0.009633509
0.01199096
0.01058461
0.007524841
0.007051795
0.00827501
0.01093948
0.01175572
0.009720039
0.006589898
0.004611337
0.002951018
-0.0004045401
-0.007241357
-0.01322443
-0.01721851
-0.01857282
-0.01661519
-0.0141394
-0.01089249
-0.009065422
-0.007548252
-0.005528349
-0.002463909
0.00203384
0.003523886
0.004019178
0.003670813
0.005194525
0.008066801
0.01060948
0.01029782
0.01088957
0.01061595
0.006518378
0.002206084
-0.001789538
-0.003595816
-0.005400234
-0.006921813
-0.007657525
-0.009722256
-0.01440917
-0.01524709
-0.01257382
-0.007393592
-0.003793076
-0.001935731
-0.001250386
-0.002516477
-0.000578703
0.004181781
0.007514
0.008454096
0.00878764
0.006623751
0.004158845
0.004305914
0.004671806
0.004676819
0.007056535
0.008756945
0.01032908
0.01144383
0.01079689
0.007363709
0.001992351
2.811055e-05
0.001428745
0.00377478
0.00776778
0.01110568
0.01162385
0.008099892
0.004195461
0.001783167
-0.00109808
-0.003071773
-0.003556619
-0.004751526
-0.006733635
-0.007925541
-0.008030951
-0.007634373
-0.008957543
-0.00930595
-0.01073492
-0.01047831
-0.009485786
-0.007483786
-0.004945967
-0.004121877
-0.004025748
-0.0036847
-0.001380137
-0.0003908608
0.0003142472
0.0005443892
-0.0003764205
-0.002085048
-0.0028084
-0.002638666
-0.003352219
-0.004060078
-0.003055064
-0.002604391
-0.00164684
-0.0009990868
-0.001453406
-0.001507101
-0.001259568
-0.0002826106
0.001343671
0.001965013
0.001416666
0.002186892
0.002079252
0.002486263
0.002841675
0.002488903
0.002347956
0.003091396
0.003960263
0.004834845
0.004586227
0.003653043
0.003402332
0.002894075
0.002459827
0.001787089
0.001109578
0.0006136678
0.0003697624
-0.0002998052
-0.0005419428
-0.000564757
-0.001286643
-0.002145025
-0.002325804
-0.002154148
-0.002165798
-0.00200903
-0.001813412
-0.00206328
-0.002502869
-0.002916703
-0.0027278
-0.002065489
-0.001571237
-0.0009425706
-0.000287806
0.0003319687
0.0008331066
0.0008814288
0.0006744304
0.001016918
0.001130851
0.001222791
0.001573146
0.001765992
0.001757442
0.001936197
0.002694177
0.003063851
0.002873787
0.002638762
0.00223263
0.001582083
0.0009858096
0.000699495
0.0007489431
0.0006233639
0.000323477
-0.0001135999
-0.0004443074
-0.0006185814
-0.0006419181
-0.0005679714
-0.0005884534
-0.0004410361
-0.000512471
-0.0004588572
-0.0003549818
-0.0001968693
-5.021981e-05
-3.009513e-05
-0.0001055084
-0.0001842782
-0.000216743
-0.0002675016
-0.000194023
-0.0001568744
-9.09669e-05
-5.685375e-05
2.662661e-05
7.67709e-05
9.259268e-05
0.0001263465
0.000183067
0.0002215585
0.000245021
0.0002849994
0.000286615
0.000246836
0.0002136339
0.0001856155
0.0001360319
8.209063e-05
4.085719e-05
-2.534789e-06
-4.935827e-05
-8.969688e-05
-0.0001106143
-0.0001209703
-0.0001310177
-0.000138279
-0.0001430071
-0.0001463884
-0.0001496465
-0.0001537978
-0.0001604432
