-0.001061175
-0.0002677009
-0.001585634
-0.001540854
0.001938259
0.002160505
0.0007731837
-0.001160864
-0.002071859
-0.001187661
-0.0002861303
-0.0001975462
0.002274771
0.002496961
0.0002425848
0.0001087813
0.001898691
0.001103914
-0.00204503
0.0009198991
0.003068821
0.001728317
-0.000666874
-0.0006609919
-0.0007591566
-0.003523608
-0.004364346
-0.0002172909
0.005336337
0.004495579
-0.001270765
-0.003448757
-0.003392955
-0.0019316
0.001876769
0.005123111
0.005106466
0.002147115
0.0007901772
-0.0008411471
-0.003172198
-0.000537895
0.0009489011
-0.0009394891
-0.0003166459
-0.001163629
0.001270721
0.005195285
0.003853582
0.003106534
0.002627738
-0.001505723
-0.002865811
0.000339614
0.001339793
0.001521926
-0.0009469273
-0.004768307
-0.001817913
0.001850555
-0.0004643039
-0.0007299887
0.00106268
-6.389707e-05
-0.00444632
-0.00443969
0.003273034
0.004196632
0.0009239438
0.0004419694
0.001322709
0.004466822
0.006656209
0.002669491
-0.002307654
-0.005104045
-0.006674402
0.0004833751
0.004585226
-0.001722029
-0.00811905
-0.007433197
-0.00046619
0.003448971
0.006374726
0.009102596
0.005682918
0.003925836
0.003065327
-0.001299907
-0.0008079076
-0.001801034
-0.002801306
0.001608496
-0.0005362273
-0.005799097
-0.005798772
-0.002663993
-0.00086134
0.0009821074
0.001046669
0.000409465
0.003130095
0.00203082
-0.001693941
-0.001062288
0.0005403992
0.002025781
-0.0003709627
-0.004863812
-0.003745647
-0.002009368
-0.0008014542
-0.001460146
-0.002983803
-0.001608626
-0.001679815
0.0003838513
0.002629072
0.003003607
0.003189436
0.00293054
-0.0002802411
-0.006572448
-0.00558594
-0.005208378
-0.005548901
-0.00330475
-0.001102424
0.0006908768
0.0004472321
0.001232762
0.001780627
0.004523526
0.00519378
-0.0001162314
-0.006125968
-0.00978053
-0.009570318
-0.01049231
-0.005825727
-0.0001575102
-3.911827e-05
-0.0009152317
-0.00262877
0.0003680462
0.003380157
0.003265963
-0.001861536
-0.00601086
-0.007022669
-0.007050184
0.0007089764
0.005033791
0.005342862
0.005110307
0.0009068872
0.001792242
0.007223732
0.005950757
0.0004733375
-0.002459187
-0.004282977
-0.006318933
-0.002326692
0.005558883
0.006112693
0.006861319
0.005714779
0.004613115
0.002616906
-0.0006390081
-6.686709e-05
0.001081569
0.00583162
0.006514927
0.003056009
0.0008894256
-0.002483822
-0.002647135
-0.0007704522
-0.001133694
-0.002513881
-0.002679253
0.001333291
0.00461551
0.005046824
0.005421014
0.004970019
0.007609619
0.006570075
0.002859146
-0.001755508
-0.004193486
0.001723351
0.008510245
0.01160779
0.007687735
0.002392714
-0.0008347711
-0.005023101
-0.003485156
0.003689305
0.006690941
0.008647073
0.00728412
0.006913623
0.001186082
-0.003942724
-0.009128655
-0.01080273
-0.0005387279
-0.001160171
-0.002115159
-0.005176451
-0.008813028
-0.0009878693
0.003578385
0.001608476
-0.001874098
-0.006254276
-0.01116996
-0.004834025
0.0002799433
-0.002236712
0.0002436084
0.002755545
-0.0003435434
-0.0003928356
0.000523808
2.774742e-05
0.001199383
0.003027894
0.002275801
-0.002113617
-0.005233139
-0.007420383
0.002109107
0.008184873
0.004896015
0.002251794
-0.007514072
-0.007066682
-0.0003218161
0.001105786
0.005105823
0.002103558
0.003323068
0.005169873
-0.004230864
-0.006552806
-0.005655632
-0.006192582
-0.008435997
-0.01095583
-0.004688375
-0.002393821
0.00303213
0.006912776
0.004478599
0.002047478
-0.005671326
-0.003672595
0.0007455721
0.003511336
0.007158375
0.005527932
7.204021e-06
-0.006054127
-0.002981363
0.001338858
0.002224736
0.006349109
0.007878599
0.003801145
0.0008293675
-0.002260734
-0.003452619
-0.001748727
-0.0008598196
-0.002116995
-0.003262995
-0.001257198
-0.005488705
-0.004883375
0.001625711
0.005498093
0.006817411
0.005203207
-0.001524261
-0.003132352
-0.005310627
-0.006559686
0.005661371
0.008290346
0.004769736
0.001966184
-0.0009301926
-0.005541193
-0.005725395
-0.001810222
0.005357728
0.01663321
0.01233126
0.006801218
0.003089834
-0.007921692
-0.006756463
-0.0007003365
0.003939006
0.01163427
0.004831242
-0.001531144
-0.002373294
-0.005708328
-0.002220585
0.000703095
0.001523532
-0.001119955
-0.008248385
-0.009075258
-0.001432054
-0.001156313
0.0006382038
-0.001203582
-0.004309151
-0.001766983
0.0008068014
0.005739843
0.003559401
0.002607036
-0.001967351
-0.001123503
0.002699763
0.001933026
0.005017807
0.0008799625
0.001278056
0.001726126
-0.001531466
0.003265878
0.00134346
-0.002140582
-0.004952446
-0.002778554
-0.002861924
-0.007051817
0.001584786
0.006380066
0.007247324
0.01129494
0.00332491
-0.008488481
-0.001886795
-0.001460192
-0.004904492
1.945632e-06
-0.00345868
-0.007791408
-0.00353064
-0.002062634
1.940933e-05
0.006779169
0.001499867
-0.003089918
0.001604333
0.007070722
0.001799569
-0.004378367
-0.0001614868
-0.002829609
-0.003145613
0.001735279
-0.0003422709
0.002210976
-0.002894959
-0.01393424
-0.01260296
-0.008440162
-0.002885068
-0.003006277
-0.004442268
0.0007262375
0.001497521
-0.007887337
-0.0074955
-0.005534905
-0.009994193
-0.009107662
-0.005842494
-0.0007301088
-0.001515366
-0.002689246
-0.004936168
-0.007401373
-0.002261461
-0.0001356508
0.001133357
0.0009019418
0.003021624
0.01629704
0.008057602
0.003103577
0.01298647
0.004672561
-0.003904511
0.001091554
-0.005522022
-0.01422456
-0.005516723
-0.005803247
0.008998066
0.01496618
-0.004894153
-0.009626867
-0.005469262
-0.00235614
-0.002242841
0.008799757
0.01700063
0.0105747
0.008041095
0.008773524
0.002252729
-0.003273567
-0.003796765
-0.004013966
0.001207471
0.008419945
0.01075682
0.007003268
0.003233397
0.003625123
-0.001407513
0.0006682285
0.008888448
0.007462525
0.002518621
-0.005389406
-0.007703755
-0.008754326
-0.009203099
0.001594646
0.004577148
0.005092269
0.009754708
0.007573964
0.001808938
-0.006494869
-0.005644179
-0.00135813
0.0005829358
-0.00231182
-0.002867717
0.006125623
0.007222121
0.004139677
0.005703332
0.01177844
0.01485271
0.007175163
0.00200375
-0.002027305
0.002944157
0.01515762
0.01623778
0.01034011
0.007003669
-0.000868717
-0.007183565
-0.0007178159
0.006708772
0.005370498
0.008830302
0.0009762641
-0.01526829
-0.008920876
-0.00527442
-0.001936005
0.01034373
0.009982601
-0.00603247
-0.01238508
-0.005944856
-0.006571191
0.002572031
0.007829052
-0.01355327
-0.01777919
-0.005396455
-0.002957701
-0.003881888
0.006776022
0.007151311
-0.004473701
-0.006665755
-0.004126031
0.005769931
0.01440211
0.01357379
0.01128279
0.003914226
0.00115504
0.001715953
-0.007672215
-0.008131307
0.001615722
-0.003504771
-0.005848826
-0.006159002
-0.00667318
0.0001749997
-0.001104181
-0.006176744
-0.004966108
-0.01151053
-0.02186976
-0.01615991
-0.003932259
0.007403909
0.01202134
0.008236001
-0.0005687542
0.001189608
0.00490331
-0.00741433
-0.01018681
0.001197285
0.01338718
0.02091975
0.01899081
0.01738316
0.01225957
0.004843018
0.002913045
0.006926611
0.007777156
0.00942228
0.009153882
0.002781802
-0.001841999
-0.004068801
-0.004534064
-0.008391848
-0.01505259
-0.01390626
-0.01142169
-0.001223879
0.00535497
0.004401118
0.002477245
-0.01878685
-0.0204139
-0.0002629426
0.004748159
0.01206548
0.0209026
0.02036388
0.009965835
0.0002052903
-0.008837175
-0.01550814
-0.01277471
-0.008456197
-0.008527768
-0.0100865
-0.009149291
-0.001970704
0.006134041
-0.003074694
-0.01352885
-0.01512431
-0.01704311
-0.006770866
0.01009567
0.01725385
0.01625815
0.004809483
-0.006483121
-0.006777067
-0.001127475
-0.003666443
-0.01656351
-0.0112087
-0.005693753
-0.006057065
-0.009779238
-0.005022153
0.006190512
0.008379237
0.007087718
-0.02245474
-0.02902374
-0.0124724
-0.004614518
-0.0046596
-0.006255082
-0.009723286
-0.00683995
0.01315388
0.0193869
0.01946931
0.01839402
0.01088865
0.009514505
0.01138701
0.001309202
-0.009299011
-0.004221663
-0.002536837
0.005098668
0.01865629
0.0229717
0.03674556
0.02856596
0.008736943
-0.002646477
-0.009545978
-0.007998857
-0.00874776
-0.01191304
-0.004056206
0.00801527
0.009410404
0.01182248
0.002840133
-0.01082911
-0.02157912
-0.01531349
0.00136838
0.00621519
0.02130178
0.01741331
0.01277412
0.0140805
-0.004933549
-0.009076004
-0.007787978
-0.009907773
-0.003990989
-0.006220945
-0.01249928
-0.01754852
-0.02430218
-0.01801208
-0.0119729
-0.02149382
-0.03713984
-0.03078446
-0.01751246
-0.01393964
-0.005601387
-0.003197491
-0.006021095
-0.00528898
-0.006920205
-0.007097931
-0.008202837
-0.02110506
-0.02634403
-0.01900028
-0.01050597
-0.006933157
-0.007648426
0.001489504
0.008168213
0.004135902
0.001191931
-0.0009595007
-0.006080153
-0.01020121
-0.00814106
-0.008697213
-0.01541111
-0.0174636
-0.006676336
0.004060948
0.005768173
0.004779536
0.00276784
-0.0125926
-0.01100675
0.003411708
0.01428975
0.03144589
0.008497673
-0.02299611
-0.01518011
-0.004321446
0.005619213
0.01674613
0.02107679
0.01017579
-0.01827023
-0.02866429
-0.02618493
-0.02133306
-0.03612332
-0.05085544
-0.03575359
-0.02897901
-0.03436691
-0.03653162
-0.03560164
-0.03656887
-0.03436287
-0.02862666
-0.01181835
0.01524403
0.03231652
0.03791401
0.04196417
0.04709144
0.03840383
0.03928179
0.05105334
0.03656703
0.01691136
0.009061177
0.006771009
0.01164736
0.01661041
0.0186328
0.01329589
0.01958188
0.02061998
-0.004841533
-0.02464714
-0.03164461
-0.04710196
-0.06732781
-0.07790446
-0.06783325
-0.03606868
-0.007449793
0.01681778
0.02863522
0.01711303
0.01251766
0.03808573
0.06944638
0.06617089
0.04306456
0.03168109
0.0122539
-0.01119107
-0.01328643
-0.001752537
0.01612677
0.01367646
-0.006095491
-0.01411908
-0.03157767
-0.05159646
-0.05568184
-0.05714275
-0.05913916
-0.05652925
-0.05430286
-0.05253853
-0.05390867
-0.06074396
-0.07388183
-0.07520198
-0.05525717
-0.0214883
0.004684623
0.006578492
0.008338742
0.02572539
0.03504894
0.03536997
0.03243414
0.03746552
0.03284363
0.009750563
0.02002169
0.04230944
0.06301517
0.07126976
0.07282601
0.07672928
0.06850373
0.0605393
0.06194867
0.08187411
0.09839376
0.07454282
0.03982175
0.02143496
0.02220581
0.02975762
0.03137712
0.04266723
0.04289238
0.02098251
0.004513323
-0.01230572
-0.02151047
-0.01552844
-0.03417635
-0.05786305
-0.08151101
-0.1239341
-0.1352645
-0.1038212
-0.05872322
-0.01325699
0.004408122
0.002253617
0.002324752
0.01345881
0.03767946
0.04890328
0.05375005
0.07069301
0.08654661
0.0861414
0.06822076
0.04776847
0.03107693
0.01764021
0.006360789
-0.01127731
-0.03005679
-0.02839649
-0.004861276
0.007974143
0.004963863
-0.005529136
-0.01567024
-0.01883147
-0.01636435
-0.005849433
0.006466808
-0.00467287
-0.01866651
-0.018373
-0.03134562
-0.037064
-0.01441821
0.001630209
-0.01389343
-0.02758208
-0.03252934
-0.03096389
-0.01349358
0.003556481
0.02375019
0.02777689
0.01458498
0.02127899
0.0371836
0.04275867
0.03724531
0.03254796
0.03407159
0.03993124
0.03781857
0.02683089
0.0240287
0.02824309
0.02862636
0.04292141
0.07170149
0.08647696
0.09348514
0.0828514
0.04964402
0.02433044
0.0165221
0.002801832
-0.009813772
-0.003869454
-0.002260136
-0.003072298
0.002739421
-0.0001892401
-0.00520176
-0.01084872
-0.01264722
-0.007448519
-0.007777197
-0.006661555
-0.007857233
-0.007738129
0.007887014
0.03090512
0.03957386
0.04058649
0.04280373
0.04035958
0.03696376
0.04127099
0.05057724
0.06402265
0.08001807
0.07854086
0.06609766
0.04197443
0.01475448
-0.00204005
-0.009444458
-0.01690496
-0.02466943
-0.0356979
-0.0540061
-0.06322916
-0.06317635
-0.05750538
-0.0498505
-0.03809522
-0.01990987
-0.01775585
-0.02476143
-0.008683389
0.0005994111
-0.006444928
-0.01577407
-0.02297242
-0.02011052
-0.01589508
-0.008773656
-0.007457051
-0.0004957659
0.00197446
-0.007423014
-0.001973367
0.0002173803
-0.001089451
-0.0007214427
-0.005473833
-0.01460916
-0.01660347
-0.003646621
0.00503031
0.009479344
0.007073976
-0.00140549
-0.005229675
-0.00633658
-0.005827804
-0.007973067
-0.02023367
-0.03113767
-0.03111747
-0.02844425
-0.02649931
-0.02793057
-0.03201383
-0.03987313
-0.05432775
-0.05967478
-0.04643028
-0.03924253
-0.04572075
-0.05734894
-0.0575511
-0.03877105
-0.02058464
-0.01451073
-0.009067184
0.001364167
0.008735518
0.01106093
0.0107272
0.01019865
0.01998129
0.02922434
0.02471678
0.004766415
-0.009292428
-0.004847451
-0.001437773
0.002920506
0.004729806
0.0006649265
-0.004220032
-0.01032695
-0.01345547
-0.007621244
-0.00530194
-0.01188417
-0.01616223
-0.01942844
-0.0230435
-0.01937575
-0.01213086
-0.0007488496
0.00458252
0.006288811
0.01113058
0.007627736
-0.004820511
-0.02039914
-0.02555948
-0.02198557
-0.01871357
-0.01527531
-0.005077514
-0.001908536
0.002353884
0.01134298
0.01468638
0.004769787
-0.01119643
-0.01054991
-0.0103889
-0.008924338
-0.003194131
-0.002399705
-0.007728337
-0.01293457
-0.009485079
-0.00397417
-0.002526939
-0.001428547
0.001758805
-0.000820922
-0.009652229
-0.01276745
-0.01061948
-0.0003013012
0.005472776
-0.005285306
-0.009773447
-0.008854568
-0.002513367
0.005780114
0.01279452
0.02522716
0.0317438
0.02782483
0.02113859
0.0139495
0.001299327
0.0001282355
0.003281944
0.001843614
0.002138265
0.003697716
0.006550528
0.004746021
0.001088175
0.00272311
0.004219326
-0.0006186577
-0.00648072
-0.008309702
-0.01190736
-0.01177488
-0.005783522
-0.005952961
-9.623835e-05
0.008224805
0.007992129
0.005548094
-0.00145024
-0.002550933
0.001048535
-0.0004417969
-0.001298707
0.002702643
0.005341274
0.008476646
0.004943259
-0.007565107
-0.003340373
-0.0004426575
-0.002829561
-0.003572224
0.003613574
0.02294043
0.02939183
0.02845333
0.02867865
0.0281706
0.02166698
0.01273475
0.008840291
0.005954616
-0.001152836
-0.007606468
-0.01455684
-0.01227825
-0.002061
0.0002563514
0.0009763836
0.005675437
0.006669851
0.004876605
0.003324081
0.000518998
0.005963675
0.01796899
0.02885333
0.02840853
0.02559733
0.02443446
0.02642542
0.02323784
0.01286539
0.002622474
-0.004814419
-0.009106653
-0.02303584
-0.03258923
-0.03280248
-0.02399383
-0.01603382
-0.02181321
-0.02659401
-0.03116572
-0.0336148
-0.03018155
-0.02324153
-0.01682375
-0.01148819
-0.005045934
-0.0004672128
-0.0006059909
-0.004624848
-0.007971524
-0.01208218
-0.01408755
-0.01235361
-0.0149567
-0.01406323
-0.004333504
0.0008296863
0.004096697
0.004494449
0.003889541
0.005548015
0.00107935
-0.006325895
-0.006963438
-0.001731901
0.001533077
-0.0008496842
-0.003469084
-0.01608448
-0.02823068
-0.03264222
-0.03732201
-0.02430379
-0.006481365
-0.006622159
-0.002176012
0.01520476
0.01637976
0.01663473
0.01247719
-0.003390982
-0.00178757
0.003957043
-0.01022098
-0.01553827
0.01124895
0.02112559
0.005602185
0.003335724
0.007302483
0.01098568
0.01288593
0.01230757
0.01321331
0.01329796
0.01071836
-0.0006893321
-0.004370525
-0.009950957
-0.009593968
0.0004214016
0.007296192
0.002235964
-0.02425548
-0.03828355
-0.02871902
-0.03177086
-0.04387826
-0.02876799
-0.01308855
-0.01455735
-0.01484295
-0.006305551
-0.01387191
-0.01151877
0.002855076
0.00187282
0.009384105
0.008487531
-0.01243674
-0.02159327
0.006070154
0.02228204
0.01228197
0.01505536
0.01917924
0.00727585
0.005884584
0.005804019
-0.002474285
0.002664491
0.01254627
0.01395287
0.01472095
0.02024427
0.004479167
-0.006552111
-0.009890548
-0.0211962
-0.01903378
-0.007942275
0.005695151
0.02035666
0.03064135
0.02182449
0.01205088
0.01028427
0.005704506
0.003281019
0.004393872
0.002723146
0.006936801
0.0116472
0.01673193
0.02091499
0.01884545
0.01227873
0.001447388
-0.00596593
-0.01214505
-0.01241837
-0.0131874
-0.007918037
0.01112847
0.01861939
0.01765656
0.01169879
0.005270796
0.007738224
0.006701955
0.004507987
4.738601e-06
-0.004466888
0.002120325
0.005211999
-0.004963465
-7.964909e-05
-0.002977412
-0.009139175
0.003598644
-0.001757316
0.005809104
0.02395088
0.01988115
0.01871637
0.02024847
0.02315248
0.0165358
-0.01017283
-0.02039724
-0.03006576
-0.04869395
-0.02895076
0.002236832
0.02473402
0.04198841
0.04936513
0.04254344
0.02340015
0.01160393
-0.001480555
-0.006452978
0.005964579
0.02202354
0.02623112
0.02215425
0.004602176
-0.007602042
-0.00235202
0.010191
0.02198841
0.02658257
0.03052087
0.03328516
0.02667055
0.004051116
-0.004907455
-0.006124226
0.001074003
0.02413323
0.04165692
0.04407136
0.01022683
-0.03769879
-0.05013556
-0.02161831
0.02735403
0.0546228
0.05580814
0.04724432
0.03054906
0.01311532
0.001623081
-0.002112058
-0.01069322
-0.01524945
-0.02257703
-0.03571452
-0.04034828
-0.04705671
-0.04609067
-0.0346431
-0.01221625
0.01180689
0.02095436
0.01415209
-0.006560936
-0.0184428
-0.01921891
-0.01620266
-0.01250505
-0.01032825
-0.01427554
-0.02520064
-0.01814723
0.00983659
0.02646985
0.02738287
0.01656181
-0.004600015
-0.02019875
-0.02810159
-0.03031691
-0.02660705
-0.01950365
-0.02622124
-0.03910066
-0.04258383
-0.03637191
-0.01671536
-0.002245514
0.005191433
0.01014468
0.01143103
0.00821816
-0.01110867
-0.02984798
-0.03056083
-0.02408471
-0.01642132
-0.01398645
-0.01177291
-0.01235826
-0.0154069
-0.01842189
-0.01930711
-0.007822794
0.008541204
0.02387704
0.03427914
0.0288692
-0.01009874
-0.03391968
-0.02975386
-0.02742301
-0.02678741
-0.02849169
-0.027393
-0.02089852
-0.01755584
-0.01957733
-0.02196296
-0.02448426
-0.02424645
-0.02398722
-0.02656971
-0.02910427
-0.02604106
-0.02094703
-0.01695052
-0.0165087
-0.01488879
-0.01160832
-0.007191568
-0.004485355
-0.003188781
-0.0002030867
0.005493768
0.01036952
0.01870308
0.03360543
0.03860767
0.02634845
0.01163613
0.001248607
-0.005883074
0.007198585
0.01911438
0.02137486
0.02265819
0.01250221
0.00118853
-0.009626368
-0.0172966
-0.01925076
-0.01196372
0.006917666
0.01613965
0.01632546
0.01030762
-0.01215363
-0.02737186
-0.02602122
-0.00604231
0.0115345
0.006756986
0.003634934
0.004732624
0.01423103
0.0255022
0.02882349
0.0268061
0.02079644
0.01740613
0.01550196
0.01557965
0.01322872
0.01332478
0.01313829
0.01005399
0.0110711
0.01520024
0.01929163
0.02070859
0.02059758
0.03134448
0.04597859
0.05036477
0.05046899
0.04897691
0.04727062
0.04713616
0.0454819
0.03705484
0.0254413
0.01494058
0.01012432
0.007439862
0.009891103
0.01509226
0.01439987
0.006461388
-0.00306931
0.002114512
0.007865454
0.005750157
0.0041316
0.005450644
0.01197985
0.01576627
0.01228418
0.00586142
0.01078514
0.02686461
0.03604887
0.03319918
0.02884499
0.02116661
0.006521639
-0.003893394
-0.007740647
-0.0065338
-0.003612333
-0.0009805454
-0.0006284576
-0.0004538497
-0.002015282
-0.009003113
-0.01189462
-0.008623297
-0.008051907
-0.008068038
-0.008271849
-0.006890579
-0.00183629
0.00241832
0.00542037
0.00346624
-0.00357871
-0.008670359
-0.01231973
-0.01206352
-0.009973347
-0.0118061
-0.01090015
-0.01005539
-0.01233184
-0.01585269
-0.02007326
-0.02287603
-0.02320122
-0.0203134
-0.01903107
-0.01870244
-0.01646947
-0.01393254
-0.0128797
-0.008762791
-0.003067939
-0.0007962062
0.0006850263
-0.001728101
-0.005605948
-0.01047728
-0.0174039
-0.02382053
-0.0258685
-0.02631404
-0.02943301
-0.03284574
-0.03560362
-0.03646329
-0.0360143
-0.03487579
-0.03227663
-0.03075154
-0.03106755
-0.02822665
-0.02644248
-0.02213993
-0.01815154
-0.0174761
-0.01526251
-0.01297446
-0.008091526
-0.008033193
-0.009541582
-0.01216483
-0.0147381
-0.01482358
-0.01589235
-0.0126506
-0.009953527
-0.008538595
-0.005496764
-0.005466992
-0.004340721
-0.001474329
0.0009289821
0.002684593
0.003571164
0.003959975
0.005398365
0.01223868
0.01751431
0.02027768
0.02138559
0.02062384
0.01759259
0.01329246
0.01275307
0.0134438
0.01315328
0.01506393
0.01735402
0.02067431
0.0249279
0.02594503
0.02188765
0.01816892
0.01586901
0.0161344
0.01729228
0.01595321
0.0141582
0.008400484
0.004844949
0.005593814
0.009770899
0.01488842
0.01833315
0.01916361
0.01814686
0.01717702
0.01391116
0.01418981
0.01687259
0.01764389
0.01511855
0.01099386
0.005969519
0.00132462
-0.002127899
-0.006378059
-0.008236319
-0.00802602
-0.0082788
-0.006797581
-0.002578682
0.0008701156
0.006849533
0.01002701
0.01126445
0.01341886
0.01493578
0.01553674
0.01580109
0.01351647
0.00747212
0.0003781938
-0.003017213
-0.00282528
-0.003027067
3.524598e-06
0.001158336
0.0004373671
-0.0001367223
-0.002714092
-0.006313503
-0.007900454
-0.008025746
-0.007565557
-0.00482771
-0.001459503
0.002349343
0.004946429
0.003396194
0.0008983793
-0.002751017
-0.004092153
-0.00261401
-7.404762e-05
0.004006114
0.004705995
0.002781416
0.002945796
0.002913315
0.0008714344
0.0007502125
0.00037909
-5.323303e-05
0.0005222032
0.002527679
0.001454794
4.63281e-05
0.0004657017
-0.002954205
-0.004969573
-0.003054881
0.0007121294
0.00254114
0.003818329
0.006351138
0.007781326
0.01099141
0.01159744
0.009521885
0.006587491
0.005298355
0.006727519
0.006040182
0.004552144
0.003161005
0.003001006
0.0006204654
-0.0001280756
0.0001566425
9.899837e-06
-0.0003102436
-0.001816648
-0.002366293
-0.000673979
0.002393294
0.0004238065
-0.001735402
-0.002837891
-0.003864901
-0.003575093
-0.003569865
-0.004290877
-0.003590011
-0.003208406
-0.006254001
-0.01075922
-0.01342741
-0.01463905
-0.01543249
-0.01414105
-0.01458463
-0.01645826
-0.01800752
-0.01733216
-0.01465965
-0.01324887
-0.0117259
-0.01025801
-0.01040886
-0.01159093
-0.01461002
-0.01526679
-0.01544926
-0.01460664
-0.01133539
-0.00994503
-0.008862708
-0.008094546
-0.006083003
-0.003218745
-0.003609306
-0.004522109
-0.007767652
-0.009033378
-0.007209523
-0.00610579
-0.003279278
-0.002403008
-0.001493078
-0.00179389
-0.005152662
-0.007050796
-0.009029512
-0.01222203
-0.01479642
-0.01690672
-0.01480952
-0.01258482
-0.01266839
-0.01233783
-0.01197565
-0.01347498
-0.01470095
-0.01420006
-0.01532709
-0.01692842
-0.01755259
-0.01644378
-0.01298184
-0.01089587
-0.00859163
-0.003401809
0.003279251
0.007550049
0.007613348
0.004816563
0.001638298
-0.001253349
-0.001270637
0.002012794
0.003930443
0.007176131
0.007750437
0.008451223
0.01162245
0.01479469
0.01662563
0.01663281
0.01711429
0.01773652
0.0168002
0.01745507
0.01926764
0.01984499
0.02211758
0.02377409
0.02491754
0.02459218
0.02169847
0.02026131
0.02003183
0.01831621
0.01738088
0.0181153
0.01974017
0.02089177
0.0197045
0.01599681
0.01314897
0.01063366
0.009598365
0.01009817
0.01025627
0.01154249
0.01124261
0.009876824
0.008380478
0.007204411
0.007661363
0.007850052
0.00792246
0.006305747
0.005247992
0.006195555
0.007762256
0.007948895
0.007870333
0.008018209
0.006647304
0.00484753
0.001341665
7.606554e-05
0.0002176916
0.00120449
0.001741278
0.0001950794
-0.0009484892
-0.002523259
-0.003891304
-0.005186658
-0.005443206
-0.006903227
-0.008144309
-0.01024201
-0.01085846
-0.01030796
-0.01111771
-0.01013947
-0.00997152
-0.01199405
-0.01329419
-0.01281186
-0.0128596
-0.0110772
-0.008608055
-0.006004505
-0.004561716
-0.004608067
-0.003706552
-0.002266268
-0.003331107
-0.00433639
-0.004200881
-0.00470855
-0.006169593
-0.007832746
-0.008348922
-0.008644647
-0.008114229
-0.007632522
-0.008230414
-0.009808909
-0.009415458
-0.007458226
-0.007411814
-0.006703305
-0.004930062
-0.004338711
-0.002111047
-0.001101915
-0.000265994
-0.000412507
-0.00195889
-0.002719288
-0.002428838
-0.0005935338
-0.0001223166
-0.0001432127
-6.628965e-05
0.001498679
0.001950984
0.003357666
0.003237207
0.001593601
0.002746755
0.003430842
0.003344302
0.001271513
-0.0006918711
-0.00175778
-0.001917001
-0.001716513
-0.001270297
0.0002553302
0.001501579
0.00222453
0.00140544
0.0009252073
0.001085528
-0.0004279629
-0.002218826
-0.003044054
-0.0040951
-0.003312813
-0.002237394
-0.001863183
-4.193619e-05
0.001009216
-0.0001125489
-0.0002099052
-0.001101735
-0.003685351
-0.005565532
-0.006343024
-0.005755484
-0.004399996
-0.00171609
-0.0003414819
5.141221e-05
-0.0009753302
-0.002966904
-0.003429013
-0.003876791
-0.003064935
-0.002028539
-0.00127978
-0.0006895764
-0.0006969655
-0.0002830519
0.0006724889
0.001884346
0.002364054
0.001880689
0.000861262
0.001353463
0.001527079
0.001509212
0.001114284
0.0005121769
0.001227991
0.001428141
0.00143467
0.001361758
0.001416097
0.000844377
-0.0001148956
-0.0007957626
-0.0005600977
4.807146e-05
0.0002419238
-0.0001546541
-1.302081e-05
2.282464e-05
-9.171004e-05
8.5792e-05
0.0001796353
0.000207494
-0.0001159613
-2.902771e-06
0.0003404971
0.001027281
0.001168027
0.001121015
0.00143006
0.001439379
0.001520683
0.001483731
0.00172674
0.001935409
0.001887516
0.002112756
0.002159306
0.002057349
0.002040897
0.002150525
0.002129271
0.001987991
0.001924638
0.001783382
0.001770941
0.001714322
0.001549551
0.001387722
0.0011965
0.001047482
0.0009128487
0.0009050337
0.0009745325
0.001095662
0.001023571
0.0009985061
0.000994713
0.0009928593
0.0009395056
0.0007658802
0.0006580078
0.0005688238
0.0004686355
0.0003946657
0.0003550386
0.0002882576
0.0001963636
9.350604e-05
1.575046e-05
-3.31244e-05
-7.056501e-05
-0.0001033365
-0.0001280425
-0.0001506597
-0.0001669406
-0.000167993
-0.0001664844
-0.0001628277
-0.0001513746
-0.0001354181
-0.0001148019
-8.574021e-05
-4.896515e-05
-6.368221e-06
