-0.002748321
-0.004277502
-0.005956171
-0.005408978
-0.005170737
-0.004994249
-0.004845422
-0.0046909
-0.004474129
-0.004218877
-0.003950968
-0.003792113
-0.004020161
-0.004646461
-0.005452957
-0.006175513
-0.006526213
-0.006541393
-0.006204993
-0.005434213
-0.004631952
-0.004150529
-0.004266578
-0.004372051
-0.003656046
-0.003746214
-0.00514916
-0.006043687
-0.006222371
-0.006006893
-0.005795969
-0.005650699
-0.004314088
-0.002495983
-0.001714877
-0.00107788
-0.0003670619
-0.001058216
-0.002873826
-0.003693096
-0.002590636
-0.001294511
-0.001544276
-0.002576091
-0.003382146
-0.002065549
0.002529922
0.004891278
0.003304319
0.003609321
0.002544762
-0.004562087
-0.008516848
-0.006466481
-0.00764845
-0.008829733
-0.003619698
0.002292307
0.005924589
0.009191625
0.01118606
0.01082128
0.008642681
0.004271681
-0.0007696833
-0.005028529
-0.01217651
-0.01923449
-0.01850201
-0.0125534
-0.006622589
-0.0007776531
0.003934232
0.005655986
0.005462842
0.0044465
0.002188132
-0.003338907
-0.01216401
-0.01958172
-0.02175096
-0.0187916
-0.01539911
-0.01346145
-0.008164651
-0.000711354
0.004241793
0.008259381
0.0106052
0.009121582
0.007033383
0.00718862
0.008769439
0.008644634
0.006883133
0.01044554
0.0225851
0.03263634
0.02696547
0.0116941
0.009607062
0.01755957
0.008725206
-0.0120363
-0.02299988
-0.02308424
-0.01798537
-0.01068358
-0.001030795
0.008951255
0.0122588
0.01133605
0.0143728
0.0114507
-0.008199602
-0.02004935
-0.007601217
0.005103353
0.0009204085
-0.01346895
-0.0191306
-0.008441826
0.003287502
0.007884003
0.009324759
0.01092956
0.01307991
0.01372506
0.01235794
0.002098858
-0.02182038
-0.0416522
-0.04036105
-0.0335399
-0.03882104
-0.02521128
0.01204149
0.01197927
-0.01207002
0.004938556
0.0272567
0.008985502
-0.003414805
0.01398707
0.03479002
0.0376417
0.02564332
0.0313059
0.04466751
0.04097857
0.03258339
0.02062791
0.00769885
-0.001532814
-0.01393627
-0.02691222
-0.03850943
-0.04775965
-0.04859615
-0.04063778
-0.03259042
-0.02930974
-0.02112197
-0.00826589
-0.0001973854
0.0072662
0.01515588
0.02118011
0.02760748
0.03196359
0.03494664
0.04001818
0.04219565
0.03518724
0.02473712
0.02250933
0.02365406
0.01533686
0.007677539
0.01141058
0.01594554
0.01320746
0.001849249
-0.01516656
-0.03263301
-0.05112953
-0.07490703
-0.09887248
-0.0999073
-0.07324108
-0.04592173
-0.03147949
-0.02498738
-0.03230295
-0.0383015
-0.003693685
0.03423717
0.02820856
0.03457208
0.06165108
0.06054668
0.0598446
0.06563374
0.04675842
0.03350794
0.04567596
0.0483098
0.02894721
0.01972251
0.02948103
0.02788568
0.0106927
-0.004676317
-0.02031434
-0.03827045
-0.05465077
-0.06697678
-0.0633004
-0.05407126
-0.05623608
-0.04234509
-0.01975245
-0.01752657
-0.007982748
0.01118271
0.01541205
0.009996288
0.01017987
0.02590179
0.04315965
0.04792302
0.04825809
0.04648723
0.04171622
0.03693284
0.0296559
0.02025635
0.006741586
-0.01820001
-0.04225739
-0.05463261
-0.05513713
-0.04191744
-0.03636664
-0.03424219
-0.009345496
0.006949389
-0.00272564
-0.001906052
0.01808975
0.03567425
0.03225073
0.0144751
0.01178803
0.03263947
0.04577693
0.03355362
0.03610914
0.04933765
0.030454
0.01654172
0.02620396
0.01898072
-0.003752237
-0.02945278
-0.04870534
-0.03934761
-0.01374969
-0.001778671
-0.009697051
-0.02697607
-0.03785961
-0.03484793
-0.02627906
-0.02555714
-0.03360767
-0.03093526
-0.01651638
-0.01863507
-0.03396315
-0.03013755
-0.003435503
0.02381748
0.03723989
0.03577141
0.02464504
0.01525446
0.01934332
0.03208464
0.03621936
0.0274378
0.01217873
-0.002329139
-0.00425994
0.003817131
0.008900276
0.01649344
0.02481604
0.02016508
0.004501385
-0.01428936
-0.01551135
-0.005209504
-0.01687015
-0.01500391
0.01459583
0.01301371
-0.01169326
-0.0150183
0.006864762
0.02159102
0.01303699
0.02133125
0.03520921
0.01904367
0.009115813
0.02740741
0.04250914
0.03443851
0.0215255
0.01532806
0.005225444
0.001610188
0.01176696
0.009482315
-0.007848722
-0.01805844
-0.02162466
-0.02481445
-0.02689603
-0.02383395
-0.01198924
-0.001181939
-0.004958743
-0.02696675
-0.04620318
-0.03335152
-0.01364561
-0.02215468
-0.0320966
-0.01888773
0.003801765
0.02060084
0.0287213
0.02788246
0.02373195
0.02994799
0.03019814
0.03122683
0.05499917
0.0580684
0.0574965
0.09061553
0.09866588
0.07126029
0.05913628
0.06741225
0.05578382
0.02846192
0.03215317
0.03065758
0.005736446
0.01019618
0.004400854
-0.02675246
-0.01422299
0.00748152
-0.0107434
-0.02742764
-0.01690333
0.002473965
0.004657132
-0.01295738
-0.02537573
-0.01977567
-0.00394783
0.01261142
0.02206987
0.02269892
0.02315444
0.02983125
0.03712724
0.03407464
0.02915911
0.05385323
0.09467631
0.1091781
0.1106406
0.112639
0.1044089
0.09803407
0.101354
0.1053272
0.1036982
0.09255739
0.07135705
0.04934345
0.03415111
0.02202343
0.001548299
-0.02921287
-0.05862976
-0.08501245
-0.1087301
-0.1335535
-0.1732415
-0.192709
-0.1631022
-0.14514
-0.1685885
-0.1894079
-0.165205
-0.1262096
-0.1803107
-0.2534838
-0.1780041
-0.07828199
-0.09376829
-0.1310727
-0.1364377
-0.1313564
-0.07014892
0.04852641
0.1096457
0.09059135
0.06707965
0.06548663
0.08541076
0.1175237
0.1411325
0.1371731
0.1097351
0.08065738
0.05137216
0.01914344
0.005831655
0.01914868
0.03732152
0.05408399
0.07698734
0.09498132
0.08159202
0.038084
-0.01084193
-0.06477213
-0.1037364
-0.090357
-0.05857407
-0.04164211
-0.009643769
0.02125165
0.01135083
-0.0008233343
0.00958205
0.005536322
-0.01210455
-0.02555923
-0.04019105
-0.03489875
-0.003412753
0.02091709
0.03999273
0.05736487
0.0489103
0.0397592
0.05345768
0.05294581
0.03163612
0.01849292
0.009542106
0.00163576
0.01191233
0.02495326
0.00408562
-0.04054314
-0.04857466
-0.004990199
0.03621585
0.06300305
0.084019
0.07893742
0.06024927
0.04826352
0.03707587
0.009472295
-0.03604386
-0.05785988
-0.0449637
-0.0490409
-0.06702512
-0.05153717
-0.02772119
-0.03713498
-0.04550818
0.004740656
0.08369629
0.1090714
0.08713382
0.08458494
0.1061664
0.1136253
0.121665
0.1440426
0.1376125
0.09053775
0.03248524
0.005711144
0.01538874
-0.006118629
-0.08248682
-0.1765931
-0.2732982
-0.3514794
-0.393285
-0.4186301
-0.4215743
-0.4141547
-0.4387117
-0.3090781
0.02839738
0.1326908
-0.01812907
0.03372327
0.2176043
0.2452818
0.1993499
0.1750576
0.1338217
0.09038749
0.05597832
-0.02100459
-0.128003
-0.1787831
-0.1805377
-0.1468575
-0.05066404
0.02183251
0.01162155
0.009752507
0.05324205
0.07380476
0.0797141
0.1128689
0.1463854
0.1482849
0.1273772
0.1335664
0.1574733
0.1563712
0.1538326
0.1442576
0.1021677
0.06026688
0.05491278
0.05308185
0.03682401
0.03236589
0.005694209
-0.03638726
-0.04937831
-0.04746752
-0.05148069
-0.08498946
-0.1802218
-0.3226111
-0.2757874
0.01947862
0.1813155
0.1592334
0.1207508
0.05503054
0.05583233
0.1182062
0.1335595
0.1076058
0.08842923
0.1030757
0.1110882
0.0788404
0.05065728
0.06021336
0.09327165
0.1353832
0.1551867
0.1311398
0.1124574
0.1337696
0.1708535
0.2089233
0.2278436
0.2036574
0.150493
0.1005797
0.06675361
0.03587731
0.001759964
-0.02914308
-0.05635092
-0.09583246
-0.1492451
-0.2004444
-0.262384
-0.3001714
-0.2801396
-0.3125959
-0.447783
-0.5466224
-0.5260552
-0.4566469
-0.3927521
-0.34124
-0.3412514
-0.3582398
-0.272254
-0.1077416
-0.00129241
0.03982351
0.06697805
0.06312067
0.03224287
0.006087861
-0.01808102
-0.05485841
-0.09685132
-0.1294759
-0.1306745
-0.07923944
-0.01054896
0.03180042
0.06369801
0.09445282
0.1071712
0.1078274
0.1008459
0.08192687
0.05819725
0.03839082
0.03009926
0.03718565
0.05474404
0.06427469
0.052076
0.03279964
0.03003144
0.03947605
0.0424713
0.04151209
0.03981457
0.02638903
0.006440544
-0.007399845
-0.0187125
-0.02892305
-0.03628911
-0.04377723
-0.0468214
-0.0309733
0.0005341344
0.02759466
0.04300211
0.03934157
0.02202899
0.006647503
-0.003731615
0.002921606
0.01243525
0.00382655
0.006710273
0.02445835
0.02802207
0.01686008
-0.009943304
-0.04058715
-0.05009233
-0.04306172
-0.03387802
-0.02476983
-0.01518983
-0.01977834
-0.03813321
-0.04530701
-0.03612289
-0.01028135
0.02038922
0.03651821
0.05877879
0.0834595
0.07977256
0.07527907
0.09151342
0.1081025
0.1226038
0.1388461
0.1554929
0.1719647
0.1821917
0.1905322
0.2061215
0.2201663
0.2146964
0.2012817
0.218952
0.2384977
0.2111258
0.1946296
0.2268496
0.2504024
0.2279326
0.1742467
0.1094539
0.04344485
-0.006796097
-0.01626642
0.01229032
0.053375
0.03982289
-0.2349727
-0.6211852
-0.5114173
-0.07033191
0.07217554
0.04430992
0.04676367
0.006661898
-0.01333671
-0.05108184
-0.1089834
-0.1128582
-0.2207519
-0.4603581
-0.5470939
-0.4193478
-0.2858086
-0.2143764
-0.13885
-0.05178846
0.00881475
0.03321678
0.01632602
-0.04190261
-0.1098611
-0.1397761
-0.1037235
-0.05495829
-0.05664427
-0.07722902
-0.06758968
-0.03708363
-0.007075182
0.02240742
0.05008059
0.06364696
0.05177129
0.01922638
-0.01516494
-0.02717099
-0.01855092
-0.02555246
-0.05464962
-0.07333878
-0.07068455
-0.07443788
-0.08453756
-0.06640327
-0.03364734
-0.01630883
-0.01290537
-0.0235375
-0.03813809
-0.03606988
-0.01940588
0.0007767488
0.01162325
0.001862142
-0.01073176
-0.007745181
0.005458997
0.02621706
0.05165083
0.07786888
0.1000604
0.09952382
0.08742778
0.1005352
0.1318615
0.152059
0.1534432
0.1427604
0.1258782
0.1082832
0.1040681
0.1167178
0.1365191
0.1557208
0.1674074
0.1735252
0.1748133
0.1681567
0.1513215
0.1179229
0.08048844
0.05562911
0.03864837
0.02375501
0.01103739
0.002010116
-0.005029139
-0.01614696
-0.02431417
-0.01225911
0.02437379
0.07947034
0.1314376
0.1501583
0.1397189
0.1315161
0.1405436
0.1504637
0.141995
0.1142846
0.06199339
0.003997257
-0.01132617
0.01161361
0.03838142
0.06127556
0.07475983
0.07769274
0.06946415
0.04692151
0.03675864
0.05051701
0.05879204
0.05341613
0.03704077
0.005825184
-0.02997464
-0.06290959
-0.08972931
-0.1147946
-0.1547716
-0.2115252
-0.2532845
-0.253792
-0.2400206
-0.2476772
-0.275474
-0.2635303
-0.2041541
-0.1856741
-0.1632408
-0.09074222
-0.0578091
-0.07655303
-0.09835473
-0.09103808
-0.08602958
-0.1168802
-0.1141849
-0.06667953
-0.03792651
-0.02271867
0.001142164
0.02203816
0.0361679
0.05095057
0.06359455
0.05937462
0.0385581
0.02383583
0.02970378
0.04796131
0.05733727
0.04510413
0.02160983
0.001248757
-0.01512958
-0.03352163
-0.05451797
-0.06664818
-0.06600549
-0.06093661
-0.03974967
0.002094335
0.03700054
0.05850711
0.07931437
0.1012151
0.129055
0.1531198
0.1524318
0.1403295
0.144811
0.1713647
0.2078337
0.2375478
0.2672365
0.2910507
0.2583328
0.1791136
0.1065347
-0.01102496
-0.2019701
-0.270077
-0.1249231
-0.03160787
-0.0816284
-0.06507739
0.02596751
0.05872779
0.03723767
0.004512916
-0.01695034
-0.02141459
-0.05250388
-0.09918853
-0.1053344
-0.1055987
-0.1408703
-0.1608368
-0.1412512
-0.1268993
-0.1420196
-0.1632517
-0.1381529
-0.06794463
-0.02271171
-0.02532143
-0.03406871
-0.01285547
0.02432517
0.04490145
0.04963169
0.04119384
0.01400119
-0.02167971
-0.05423588
-0.08082536
-0.1074093
-0.1315999
-0.1409663
-0.1322448
-0.110598
-0.09787133
-0.1018586
-0.09362595
-0.06107597
-0.02519321
-0.001702488
0.0138191
0.02098564
0.01097931
-0.001239036
0.004694401
0.0175664
0.01981281
0.01534404
0.01438558
0.01847627
0.02520244
0.03201095
0.03704852
0.03833617
0.03645475
0.03917347
0.04547718
0.04624224
0.04311345
0.04277391
0.0472067
0.05273024
0.05532385
0.05239726
0.04295246
0.03441073
0.03467417
0.03871552
0.03571986
0.02344769
0.005416698
-0.01215635
-0.01324967
0.010632
0.04081872
0.05138544
0.0398151
0.02595869
0.02153178
0.03239509
0.06548312
0.102739
0.1188848
0.1102985
0.09010606
0.07714694
0.08050017
0.09576939
0.1109328
0.1145399
0.107983
0.09811356
0.09277138
0.1046472
0.1284732
0.1559694
0.1799731
0.1654637
0.1064474
0.02917029
-0.05552052
-0.107447
-0.09779783
-0.079166
-0.079117
-0.06435673
-0.04452443
-0.04139535
-0.04191731
-0.04460855
-0.05702933
-0.0774786
-0.09899836
-0.1114518
-0.1185017
-0.1376434
-0.1580025
-0.1581768
-0.1571193
-0.1693998
-0.1826744
-0.1875799
-0.213866
-0.2696077
-0.2060093
-0.0048801
0.08724897
0.04285029
0.02789971
0.04830666
0.06568593
0.07578197
0.04736665
0.002177508
-0.01296472
-0.0158075
-0.02047465
-0.02140129
-0.02844159
-0.03366704
-0.02680024
-0.01882782
-0.01487665
-0.01049964
-0.003859592
0.004686791
0.01443981
0.02621157
0.03834944
0.04755058
0.05999778
0.07665156
0.08326502
0.0782725
0.07008078
0.06650857
0.07807155
0.09319379
0.09478932
0.08877786
0.08287139
0.08229416
0.08879696
0.0955835
0.09546491
0.08659018
0.0809939
0.08610406
0.09357296
0.1009351
0.1102814
0.1221917
0.1361528
0.151167
0.1607171
0.1491497
0.1223012
0.09850513
0.06214301
-0.007355283
-0.07433053
-0.1049371
-0.1212517
-0.1164142
-0.08358678
-0.07996538
-0.1048209
-0.1058261
-0.1027622
-0.1076327
-0.09021364
-0.06168556
-0.04453161
-0.04629383
-0.05686906
-0.055956
-0.04730673
-0.03970742
-0.03241951
-0.02146631
-0.00717192
0.003802919
0.01405137
0.02212618
0.01850768
0.008712985
0.0009885489
-0.009149
-0.03097109
-0.05650799
-0.06463504
-0.0572973
-0.04612518
-0.03389221
-0.02538549
-0.02191008
-0.02128602
-0.02429545
-0.02988567
-0.03705128
-0.04833026
-0.05596487
-0.05012942
-0.04223657
-0.04471797
-0.05011974
-0.05039292
-0.04837072
-0.04712762
-0.04882
-0.05584541
-0.06147464
-0.05403468
-0.03684441
-0.02147274
-0.01009736
-0.003934167
-0.002714062
-0.001319768
0.001172095
0.003694841
0.006527402
0.009574991
0.01273614
0.01588757
0.01837778
0.02006055
0.02227226
0.02563716
0.02722945
0.02601368
0.02422043
0.02021756
0.01413685
0.009752277
0.004703322
-0.003488364
-0.009454844
-0.006937252
0.002848254
0.01297435
0.02185873
0.03033048
0.03142589
0.02665859
0.03052888
0.04102505
0.04784348
0.0564762
0.07129603
0.08655363
0.09851964
0.1057194
0.1041592
0.09556734
0.0885868
0.08496471
0.08397387
0.08827513
0.08918845
0.07748286
0.06177394
0.04855274
0.03571009
0.02785256
0.02651565
0.02223659
0.01123739
-0.0008165506
-0.01255106
-0.02166613
-0.0184677
-0.009654585
-0.01594695
-0.03262217
-0.04023628
-0.03715613
-0.03300071
-0.03749919
-0.05203549
-0.06647758
-0.06899029
-0.06123589
-0.05532567
-0.05202237
-0.04402581
-0.03151829
-0.02272977
-0.02135238
-0.02461063
-0.03217721
-0.03759456
-0.0318728
-0.01991266
-0.01044911
-0.001956361
0.008041507
0.01785397
0.02842325
0.03926287
0.04678087
0.05097924
0.05370769
0.05569703
0.05690924
0.0560778
0.05234759
0.04496727
0.03620066
0.03219765
0.03412797
0.0381196
0.04132628
0.0361002
0.01477332
-0.008568485
-0.01830086
-0.0209785
-0.02072671
-0.01867335
-0.02129396
-0.02589436
-0.02540949
-0.02173212
-0.02055762
-0.02240502
-0.02403129
-0.02113615
-0.01408601
-0.006732781
0.002178867
0.01245517
0.01657537
0.01286737
0.009244029
0.01067674
0.01714779
0.0281381
0.04216258
0.05618748
0.06616655
0.06743351
0.06007811
0.04856852
0.03700312
0.0305657
0.02986658
0.03112782
0.03325827
0.03548753
0.0369841
0.03818838
0.03956465
0.03998587
0.03701011
0.03169764
0.0277871
0.02440784
0.01605944
0.003028462
-0.009342816
-0.02301147
-0.03726523
-0.043706
-0.04294835
-0.0392355
-0.03452351
-0.03464866
-0.04006687
-0.04572978
-0.05127723
-0.05724089
-0.06272406
-0.06808668
-0.07371462
-0.07958439
-0.08519461
-0.09047543
-0.09568589
-0.09945594
-0.1008376
-0.1020683
-0.1018608
-0.1005229
-0.1037439
-0.08449645
-0.03472253
-0.01050911
-0.006221021
0.01801451
0.0368837
0.03908772
0.03806155
0.03479634
0.03432005
0.0366458
0.03689081
0.0366405
0.03732582
0.03466541
0.02663483
0.01882775
0.01253429
0.003797594
-0.006103842
-0.01494705
-0.02154402
-0.02486971
-0.02629144
-0.02760058
-0.02990308
-0.03277229
-0.03511521
-0.03682038
-0.03930013
-0.04402834
-0.04974645
-0.05501314
-0.06101742
-0.06673673
-0.06907442
-0.07103313
-0.06497363
-0.03588814
0.0007441427
0.02275237
0.02332965
0.01216514
0.01956606
0.03625237
0.0314271
0.0236114
0.02840972
0.0304696
0.02804572
0.0266819
0.02421486
0.0206084
0.0170092
0.01293502
0.009228616
0.006885944
0.005926195
0.006086506
0.005525334
0.00315165
-0.001532937
-0.009838025
-0.01892571
-0.02662989
-0.03434865
-0.0407172
-0.0447515
-0.04727569
-0.04877153
-0.04988223
-0.04963401
-0.04649137
-0.04149624
-0.03533983
-0.02774272
-0.02131379
-0.01776795
-0.01535073
-0.01408535
-0.01559263
-0.01961816
-0.02599093
-0.03243991
-0.03533861
-0.02918241
-0.004734124
0.02224282
0.02549975
0.01658029
0.01423065
0.02204461
0.0354795
0.03985971
0.03478228
0.03356809
0.0437809
0.05886839
0.06738989
0.06720465
0.06030073
0.05339277
0.05240413
0.05639095
0.05691803
0.04446088
0.03107216
0.02993164
0.03393577
0.03736723
0.03214271
0.01647167
0.008234381
0.0111324
0.01503573
0.01780919
0.01940714
0.01666696
0.003835939
-0.01073347
-0.01407128
-0.009548757
-0.003715326
-0.002882399
-0.01072631
-0.02220729
-0.03099368
-0.0367068
-0.03942349
-0.03617383
-0.0290751
-0.02287886
-0.02323321
-0.03113088
-0.03757801
-0.0389525
-0.03910349
-0.0390912
-0.0379166
-0.03566817
-0.03334127
-0.0305836
-0.02690078
-0.0233766
-0.02064009
-0.01851541
-0.01766851
-0.01845019
-0.02020878
-0.0241593
-0.03030135
-0.03469788
-0.03684923
-0.03931839
-0.04103576
-0.04094319
-0.04036292
-0.03642754
-0.02760938
-0.02209509
-0.0234246
-0.02695235
-0.02874437
-0.02574041
-0.01869261
-0.009832743
-0.002191108
0.002247447
0.005547459
0.008150719
0.009853802
0.01083439
0.01035332
0.008269765
0.004903112
0.001879408
0.0001051134
-0.0002629087
0.002078575
0.006110896
0.01052909
0.01564184
0.02017489
0.02338599
0.0257742
0.02852425
0.0339051
0.04012765
0.0433525
0.04481171
0.04602763
0.04563574
0.04441805
0.04189339
0.03565869
0.0306062
0.03164011
0.03667645
0.04295438
0.04835266
0.05153455
0.05043384
0.04460452
0.03595246
0.02672686
0.02089442
0.01861509
0.01741418
0.01801844
0.0200502
0.01981606
0.01495206
0.007140213
-0.0006165217
-0.008127412
-0.01594071
-0.02185413
-0.02576735
-0.03004829
-0.03327916
-0.03388675
-0.03370302
-0.03353985
-0.0329763
-0.03222847
-0.03211538
-0.03231266
-0.03005159
-0.0251337
-0.02017831
-0.0155131
-0.0105909
-0.005739838
-0.0009575478
0.00398303
0.008919217
0.01390412
0.01901854
0.02363211
0.02799879
0.03235286
0.03508023
0.03587827
0.03604699
0.03549391
0.03373014
0.03071165
0.02432405
0.01610554
0.01175774
0.01070508
0.01241172
0.01609653
0.01651166
0.01427134
0.01168719
0.009557673
0.01028328
0.0138922
0.01916914
0.02439414
0.02808943
0.03111318
0.03319459
0.03333301
0.03342056
0.03570473
0.03828432
0.03919206
0.03925924
0.0388096
0.03751797
0.03365202
0.02734621
0.02117053
0.01595147
0.01129917
0.006155321
-2.331887e-05
-0.00719238
-0.0136971
-0.01731075
-0.01855689
-0.01829205
-0.01685625
-0.01476934
-0.01212135
-0.009410886
-0.007808335
-0.007385404
-0.007396319
-0.007713367
-0.009951817
-0.01605232
-0.02409714
-0.03114776
-0.03580668
-0.03842026
-0.04068925
-0.04224318
-0.04270364
-0.04274836
-0.04267901
-0.04271352
-0.04277059
-0.04212773
-0.0377414
-0.02808287
-0.01655273
-0.006103983
0.00269588
0.009400032
0.01434565
0.01777619
0.01888743
0.0183886
0.01719694
0.01468011
0.01066439
0.005778322
0.001228461
-0.002185711
-0.004307691
-0.005162959
-0.004650949
-0.002187021
0.001956504
0.006161278
0.009186526
0.01134336
0.01310675
0.01492268
0.01579505
0.01406646
0.01109978
0.008432946
0.007067184
0.007535914
0.007949184
0.008466899
0.01022382
0.01141381
0.0112736
0.008886338
0.003566154
9.267263e-05
0.0005352953
0.001487715
0.004193193
0.01121153
0.02206982
0.03431339
0.04192852
0.044878
0.04725216
0.04764263
0.04654848
0.04584221
0.04547825
0.04440288
0.04008127
0.03311644
0.0254615
0.01748614
0.009353501
0.0009396821
-0.007303729
-0.0160196
-0.02652476
-0.03537353
-0.03978426
-0.04282758
-0.04553001
-0.04674475
-0.04644265
-0.04500065
-0.04217164
-0.03729861
-0.03237937
-0.02899377
-0.02778431
-0.02937052
-0.03177679
-0.03359394
-0.0341057
-0.03244939
-0.0304335
-0.0289904
-0.02654979
-0.02324373
-0.02006761
-0.01596779
-0.0103638
-0.004799702
0.0004757668
0.005479356
0.009540154
0.01348047
0.01702645
0.01906523
0.01982456
0.01946604
0.01793046
0.01533844
0.01203695
0.008505629
0.00474076
0.0008312725
-0.002445968
-0.004925364
-0.00722896
-0.009259208
-0.01116496
-0.01303623
-0.0133816
-0.01217807
-0.01050727
-0.009508669
-0.01105366
-0.01493042
-0.01817938
-0.0177711
-0.01521485
-0.0128495
-0.01020371
-0.009204392
-0.01096008
-0.01284485
-0.01304016
-0.01072111
-0.00688839
-0.003471487
0.00033665
0.003052471
0.001172845
-0.003992115
-0.007948657
-0.007015491
-0.002080681
0.001494705
-0.000573734
-0.003842859
-3.31677e-05
0.006980364
0.01080935
0.01374842
0.01511176
0.01351298
0.01225827
0.01113982
0.008087072
0.004723215
0.002408155
-8.694355e-05
-0.00344185
-0.006480511
-0.008716711
-0.01090752
-0.01232554
-0.01190043
-0.01079028
-0.01039148
-0.009456859
-0.007676296
-0.0084187
-0.0119095
-0.01585296
-0.02026033
-0.02373225
-0.0255504
-0.02774308
-0.03055667
-0.0328837
-0.03293961
-0.03034326
-0.02805386
-0.02616224
-0.02253962
-0.01893683
-0.01574447
-0.01060743
-0.004522972
0.001510281
0.006649715
0.009481294
0.01130022
0.01146164
0.00983042
0.006969767
0.001327893
-0.004084218
-0.006562662
-0.006778784
-0.00594013
-0.006003954
-0.006434522
-0.006499319
-0.006677602
-0.008038395
-0.01227071
-0.0189478
-0.02554363
-0.02983086
-0.03163293
-0.03103546
-0.02645169
-0.01908636
-0.01310617
-0.008960412
-0.004909236
-0.0004345735
0.004240304
0.006664138
0.005341174
0.003519176
0.005534928
0.01124538
0.01695594
0.02110291
0.02364621
0.02496929
0.02613238
0.02700204
0.02766736
0.02866397
0.02872177
0.02715045
0.02562519
0.02425073
0.02222386
0.02036511
0.01898739
0.01758767
0.01617002
0.01483039
0.0134634
0.01199467
0.01048835
0.008642576
0.005584596
0.0002245875
-0.006230902
-0.009354137
-0.008547342
-0.007003247
-0.005423352
-0.003549655
-0.001735147
-5.088449e-05
0.001540952
0.002881581
0.004001253
0.005210294
0.00656556
0.007593925
0.008057453
0.008307699
0.009175223
0.01048031
0.01040043
0.009061288
0.007552737
0.005696958
0.003483695
0.00209383
0.003057627
0.004384609
0.003318179
0.0008699732
-0.001268187
-0.002893178
-0.004779396
-0.006699139
-0.008353457
-0.009000556
-0.006417876
-0.002800068
-0.0008590418
0.00128062
0.004046642
0.004969037
0.002274954
-0.00328784
-0.009943006
-0.01523734
-0.01787832
-0.01972639
-0.02167813
-0.02363453
-0.02562936
-0.02743814
-0.02904517
-0.02809709
-0.02399508
-0.01919631
-0.01419887
-0.01016203
-0.007406669
-0.004909835
-0.0050394
-0.007683173
-0.009304427
-0.01074076
-0.01205789
-0.009540859
-0.004623646
-0.001435285
0.002349339
0.00970634
0.01620802
0.01969974
0.02291104
0.0244452
0.02352638
0.02162772
0.01905159
0.01706338
0.01625277
0.01605556
0.01600433
0.01564875
0.01541266
0.01639218
0.017628
0.01749851
0.0166043
0.0151139
0.01279882
0.0105068
0.009089346
0.008612147
0.008639023
0.009282519
0.01056307
0.01247398
0.01566477
0.01963092
0.02294876
0.02546871
0.02758325
0.02933213
0.03082692
0.03189555
0.0322979
0.03258823
0.03224303
0.03039324
0.02837642
0.02620168
0.02231308
0.01826415
0.01633493
0.01530338
0.01449675
0.01507825
0.01619871
0.01677363
0.01686281
0.01680083
0.01649521
0.01453019
0.01139413
0.008461036
0.004148956
-0.001600233
-0.006008552
-0.009951982
-0.01626029
-0.02271323
-0.02725666
-0.03113411
-0.03412849
-0.03658064
-0.03831486
-0.03719894
-0.03371987
-0.02975383
-0.02570423
-0.02126486
-0.01588561
-0.009915628
-0.004871372
-0.001240948
0.001139389
0.001871127
0.001771038
0.002023787
0.002287505
0.001317576
-0.001772848
-0.005199845
-0.006015622
-0.003562632
0.003108657
0.01380462
0.02431052
0.03161764
0.03541443
0.03692194
0.03823092
0.04007975
0.04137763
0.04048879
0.03820376
0.03528824
0.03079001
0.02573924
0.02094745
0.01594219
0.01091136
0.005967162
0.002012976
-0.0006274684
-0.003202668
-0.005806082
-0.008348365
-0.01084379
-0.01273129
-0.01434819
-0.0146734
-0.01274186
-0.0105937
-0.009116635
-0.008001889
-0.007562386
-0.007574836
-0.007618358
-0.008002372
-0.009865696
-0.01213744
-0.01310279
-0.01315904
-0.01226772
-0.01106424
-0.01001592
-0.007863366
-0.005024914
-0.002299972
0.0005345859
0.00326391
0.005906983
0.00851357
0.01137354
0.01467951
0.01787469
0.02054292
0.02237283
0.02332993
0.02330614
0.02188422
0.01979755
0.01760935
0.01480846
0.01203496
0.009613714
0.007061515
0.005064864
0.003553678
0.001980913
0.0004907945
-0.001189107
-0.002415601
-0.001590614
0.001813992
0.005238895
0.006302167
0.006613936
0.007504276
0.008044429
0.006913891
0.004204932
0.001193592
-0.001949476
-0.005126221
-0.008161955
-0.0113528
-0.01378495
-0.01507673
-0.01627116
-0.01755069
-0.01901078
-0.02092072
-0.0218547
-0.02149487
-0.02125663
-0.02015478
-0.01749977
-0.01455332
-0.01131709
-0.007344682
-0.003451388
-0.001036994
0.0002015419
0.0009550838
0.0006207884
-0.0001592262
-0.0006440701
-0.001593629
-0.003249858
-0.004706165
-0.005725186
-0.006767471
-0.007840948
-0.008898577
-0.009553517
-0.009513289
-0.009344073
-0.009293861
-0.00879767
-0.008039405
-0.007467153
-0.006232017
-0.00416754
-0.002925613
-0.002747417
-0.002562555
-0.002862072
-0.004258106
-0.006842997
-0.009372834
-0.009966092
-0.008943039
-0.007163322
-0.005394103
-0.004147208
-0.003528446
-0.003897066
-0.005102347
-0.006855339
-0.008998357
-0.01161209
-0.01337907
-0.0129121
-0.01153177
-0.009322017
-0.006283895
-0.004891954
-0.005447539
-0.006907755
-0.008425024
-0.00819701
-0.00657641
-0.00491516
-0.00292622
-0.0006652454
0.001230517
0.002795122
0.003803736
0.003303533
0.001838036
0.000854279
0.0005925501
0.0002626351
0.0006185253
0.003186324
0.006165426
0.008248641
0.009649687
0.009467461
0.008490733
0.007722041
0.006505153
0.004751325
0.004365721
0.006598428
0.009493246
0.0116975
0.01370167
0.01587576
0.01771805
0.01867453
0.01946659
0.01960969
0.01842087
0.01709141
0.01530887
0.01253621
0.01061318
0.01006607
0.009433794
0.008852764
0.009894847
0.01144883
0.01161969
0.01044053
0.006725467
0.001872196
-0.001430455
-0.002736348
-0.003618278
-0.003726232
-0.001914631
0.0009455765
0.002765532
0.004214976
0.006007512
0.007536736
0.008644249
0.009716195
0.01100882
0.01153164
0.01059265
0.009221776
0.008049224
0.006724484
0.005277836
0.003809094
0.002384852
0.0009932477
-0.0005816506
-0.001441908
-0.001089171
-0.000446833
-3.993316e-05
0.0004555128
0.002506339
0.005617829
0.006888446
0.006944952
0.007366082
0.006359321
0.003637937
0.0009570586
-0.001529693
-0.00431474
-0.007055075
-0.008912014
-0.00996614
-0.01093344
-0.01189702
-0.01288559
-0.01403721
-0.01517767
-0.01626809
-0.01735299
-0.01829333
-0.0195204
-0.02053897
-0.01994072
-0.01828693
-0.01684479
-0.0153549
-0.01300548
-0.0106611
-0.009830178
-0.01014445
-0.01111781
-0.01227325
-0.01364076
-0.01700159
-0.02056243
-0.02153373
-0.02178176
-0.02257979
-0.02289959
-0.02238978
-0.02149498
-0.02046267
-0.01942654
-0.01878486
-0.01834779
-0.01827973
-0.01915371
-0.02050313
-0.02186337
-0.02269172
-0.02260871
-0.02254593
-0.02199514
-0.01963213
-0.01665
-0.01389948
-0.01086411
-0.008690418
-0.008025502
-0.007640085
-0.007212541
-0.006512444
-0.005020423
-0.003362715
-0.002138951
-0.001215698
-0.0003663958
0.0003872426
0.001145145
0.002217448
0.003480426
0.004332112
0.00457147
0.004821254
0.005038464
0.004579313
0.003814418
0.003090156
0.001906392
0.0003218365
-0.001155613
-0.002447257
-0.003595701
-0.004546544
-0.005428163
-0.006762952
-0.008120156
-0.008372526
-0.007937382
-0.007645984
-0.007401612
-0.006750735
-0.005459072
-0.004027527
-0.00275717
-0.001323775
0.0002849214
0.001831564
0.003550983
0.005574425
0.007412079
0.00865766
0.009523552
0.01040198
0.01121633
0.01180364
0.01220081
0.0125462
0.01284574
0.01295755
0.01301865
0.01304259
0.01290644
0.01331881
0.0145112
0.01540544
0.01573264
0.01578964
0.01548937
0.01477206
0.01367973
0.0125067
0.01142449
0.01050351
0.009809376
0.009202323
0.008631071
0.008009884
0.007230139
0.00641082
0.005656723
0.005108661
0.004714664
0.00433636
0.00421219
0.004343673
0.004505128
0.004555824
0.004365528
0.004079437
0.003692985
0.003081745
0.002463761
0.001930184
0.001450029
0.001077928
0.0007565161
0.0004691913
0.0002765292
0.0001378722
6.79657e-06
-0.0001074123
-0.0001975547
-0.0002331845
-0.0002299919
-0.0002293869
-0.0002286656
-0.0002471838
-0.0002767287
-0.000310753
-0.0003648547
-0.0003935537
-0.0003914244
-0.0003843381
-0.0003632721
-0.0003337807
-0.0002960288
-0.0002434925
-0.0001864591
-0.0001295223
-5.54715e-05
3.869953e-05
0.0001276714
0.0002059088
0.0002845869
0.0003425157
0.0003634973
0.0003652329
0.000377342
0.0004254595
0.0004938617
0.0005577711
0.0006167304
0.0006642964
0.0006962234
0.0007170452
0.0007270512
0.0007259325
0.0007186008
0.0007100159
0.0006991098
0.0006823569
0.000658678
0.0006312991
0.0006029577
0.0005743595
0.0005464081
0.000519466
0.0004937037
0.0004691437
0.0004455479
0.0004230348
0.0004016864
0.000381487
0.0003628
0.0003457553
0.0003302431
0.000316209
0.000303538
0.0002920946
0.0002817424
0.0002724348
0.0002641487
0.0002568505
0.0002504979
