-5.610307e-05
-9.684174e-06
8.693171e-05
0.0001866109
0.0003222925
0.0004603083
0.00048521
0.0003558532
4.605429e-06
-0.0003273091
-0.0002497554
1.986766e-06
-9.515759e-06
-0.0002228391
-3.869315e-05
0.0005262637
0.000298325
-0.0008237928
-0.001248274
-0.0002197201
0.001092573
0.001237428
0.0006034809
0.001345403
0.00261403
0.001317497
-2.931521e-05
0.001548482
0.001902996
-0.001031252
-0.002458317
-0.0003623689
0.001986984
0.00207465
2.377605e-05
-0.001999051
-0.001415265
0.0002256764
-0.001272144
-0.005643704
-0.00676792
-0.001508979
0.00092065
-0.001539663
0.001097641
0.003300026
-0.002002783
-0.007946149
-0.007784863
-0.002067707
-1.8005e-05
-0.00168974
-0.0003044331
-0.0008176405
-0.003975437
-0.003661242
-0.0004069535
0.004197398
0.008109477
0.004687179
-0.003614273
-0.003680053
0.004855773
0.009350082
0.002614461
-0.007743376
-0.008369994
-0.006169117
-0.01477334
-0.01827534
-0.005281648
0.003374353
0.002256136
0.002942991
0.004863132
0.008621143
0.01354817
0.01031532
0.001468637
-0.002583739
-0.001767221
0.006784638
0.01805111
0.01547936
0.005863823
0.002772212
0.007951281
0.018033
0.01747738
0.003666813
0.0006741183
0.01348027
0.01321481
-0.005361823
-0.01277393
0.002095648
0.01079186
-0.006654139
-0.01446408
0.006118419
0.01926863
0.01066913
-0.004084914
-0.008304212
0.0006482118
0.004988294
-0.004275977
-0.0190773
-0.0247401
-0.01529743
-0.008148327
-0.01566226
-0.02074888
-0.006963948
0.009309025
0.00776155
-0.003647703
-0.01274155
-0.01993343
-0.0243206
-0.02371741
-0.01703674
-0.0002641906
0.01565293
0.009624417
-0.009832715
-0.01452657
-0.005564265
-0.008938802
-0.02662133
-0.02416595
0.01032519
0.0306455
0.01416936
-0.002119249
-0.002367198
-0.001208941
7.776835e-05
0.003475584
0.005236201
0.005559602
0.004829997
0.001126733
-0.00619848
-0.01705207
-0.02582908
-0.02663694
-0.02305243
-0.0186137
-0.0132545
-0.006884668
0.002619519
0.01070148
0.005908988
-0.004321398
-0.001403073
0.0100086
0.02077198
0.03248699
0.03607983
0.02464041
0.0135582
0.01774876
0.02045543
0.006367015
-0.006089713
-0.007910267
-0.008410614
-0.003817994
0.01092227
0.01538518
-0.003978351
-0.02203742
-0.02585268
-0.02859657
-0.02681785
-0.006185252
0.02531019
0.04703215
0.05453557
0.04348285
0.01935789
0.007242601
-0.004086036
-0.03392899
-0.04769018
-0.02630411
-0.01349131
-0.03185025
-0.04265551
-0.02146828
-0.002566928
-0.008857248
-0.007330462
0.01012992
0.01125305
0.002200911
0.008456254
0.02317751
0.02908152
0.02652747
0.0240513
0.02556502
0.02926336
0.02245374
0.0003807954
-0.01299198
-0.008699474
-0.009937849
-0.02245773
-0.03573262
-0.04292278
-0.03401817
-0.01268937
0.005196482
0.01807308
0.03399159
0.04730301
0.04063059
0.02306233
0.01298154
0.0006269204
-0.01482132
-0.02782829
-0.04255212
-0.05401576
-0.0660795
-0.06530453
-0.02449765
0.01283461
0.001926688
-0.009912833
0.009284894
0.02907322
0.03538232
0.03044199
0.01549098
0.003356842
0.004463039
0.01500762
0.0176087
0.006451004
0.002453991
0.01346193
0.02176877
0.01257931
-0.009798103
-0.02685868
-0.03148765
-0.0316865
-0.02549931
-0.004744693
0.009779044
-0.001979543
-0.01349199
-0.01148842
-0.01629162
-0.01657042
-0.001963339
0.006430645
0.01088688
0.01028533
0.005677103
0.01943804
0.02770677
0.01148032
-0.003738036
-0.01579243
-0.03344264
-0.03909319
-0.02057303
0.01069788
0.0442244
0.05453924
0.02386564
-0.001212
0.009331752
0.02100814
0.006490653
-0.02686562
-0.04604008
-0.03677356
-0.0260838
-0.02618937
-0.02120306
-0.0148041
-0.01812292
-0.01961555
-0.01711926
-0.02544757
-0.03672009
-0.02868958
-0.01230784
-0.007545077
-0.0128645
-0.0266114
-0.04043722
-0.04203404
-0.0319973
-0.0157831
0.00431994
0.02650565
0.04230486
0.03685236
0.01004213
-0.003066764
0.01353482
0.02549035
0.02140566
0.0234998
0.0302219
0.02477626
0.01093487
-0.004066422
-0.02221098
-0.04636967
-0.07977674
-0.08748114
-0.04120638
-0.001262338
-0.005888099
-0.007549739
0.005143377
0.001740038
0.0004739313
0.02060921
0.04132437
0.05152071
0.03369377
-0.01226024
-0.03810485
-0.03177209
-0.02052731
-0.0003787527
0.03747649
0.05941809
0.04631804
0.03254915
0.03939744
0.04869331
0.03472629
0.007379223
0.01241586
0.03665592
0.02042092
-0.01217388
0.003840052
0.03826001
0.02417649
-0.01230967
-0.01770705
-0.009714398
-0.01995117
-0.03334846
-0.02329474
-0.002917118
0.008372441
0.02310494
0.04142529
0.04024201
0.01329225
-0.0145028
-0.0140603
-0.007482194
-0.02072104
-0.00715321
0.04399785
0.0752633
0.07093664
0.05219088
0.05041043
0.07003584
0.07819993
0.06665576
0.05585493
0.07617484
0.1009478
0.08222471
0.06280789
0.07347641
0.08030119
0.07591264
0.07347781
0.06955871
0.06327465
0.05399621
0.02529275
-0.02070883
-0.05225028
-0.05196348
-0.04653772
-0.05519218
-0.05767446
-0.05216152
-0.05385395
-0.0524095
-0.04447031
-0.073022
-0.1356778
-0.1555014
-0.1253709
-0.1037167
-0.1106981
-0.1234014
-0.1187697
-0.1128913
-0.1174508
-0.1136841
-0.09850924
-0.07584962
-0.04415292
-0.008152953
0.03257115
0.08000576
0.1308736
0.1745198
0.1896322
0.1884311
0.1941663
0.1654506
0.08167432
0.01634474
0.03899281
0.1200436
0.189569
0.2482171
0.2938458
0.2796159
0.2180634
0.1444852
0.06212607
-0.03381776
-0.1235483
-0.1705095
-0.1725026
-0.1257804
-0.06995709
-0.06728145
-0.09515663
-0.1270266
-0.1445102
-0.1333325
-0.1280802
-0.1467585
-0.1540957
-0.120852
-0.08614825
-0.08758932
-0.1029257
-0.116933
-0.1059187
-0.04871027
0.0191355
0.078289
0.1262952
0.1369202
0.108808
0.07005731
0.04520072
0.027125
-0.008455099
-0.05747283
-0.1003036
-0.1284273
-0.142429
-0.1428198
-0.1252681
-0.08342333
-0.03713577
-0.01541367
-0.006835634
0.007547114
0.0238034
0.02429363
0.01384165
0.01953137
0.02950548
0.02304063
0.007807349
-0.01023676
-0.02852905
-0.05277933
-0.0872215
-0.104918
-0.08683997
-0.03946278
0.02729607
0.06702145
0.06282448
0.06444141
0.0535525
0.0008138134
-0.02883637
-0.00190781
0.02578175
0.03469384
0.0637568
0.09749384
0.1134141
0.1164979
0.09333875
0.06152017
0.03853929
0.02179931
0.02922427
0.056171
0.06711915
0.06686386
0.08506358
0.09981661
0.09196605
0.09733747
0.1226673
0.1363593
0.1347288
0.1182883
0.08752174
0.04800441
-0.01101936
-0.05325432
-0.03760005
-0.02203945
-0.04108752
-0.04495819
-0.03040694
-0.02385639
-0.02050314
-0.028652
-0.06208843
-0.1293812
-0.2020035
-0.1596095
0.01307489
0.08152457
-0.007016374
-0.00738153
0.03654344
-0.01617231
-0.028859
0.003272625
-0.004506711
-0.02305733
-0.03005626
-0.02391073
-0.05082992
-0.1144313
-0.1474687
-0.1400492
-0.1216958
-0.07713306
-0.002396425
0.0469113
0.08177777
0.1150778
0.09193706
0.05864583
0.070513
0.07960669
0.07918956
0.0887166
0.09565574
0.1176253
0.1558154
0.1723608
0.1579936
0.1323362
0.1147326
0.1077071
0.1134651
0.1147293
0.06198721
-0.02977232
-0.1078204
-0.1763617
-0.2317923
-0.2193869
-0.1068839
0.04450002
0.1426929
0.141652
0.06521829
-0.0109536
-0.05823161
-0.05967964
-0.03143356
-0.05368357
-0.09213692
-0.08057293
-0.06024611
-0.05540417
-0.06403931
-0.08781018
-0.09768539
-0.0804694
-0.0532054
-0.04572712
-0.06610371
-0.06714646
-0.03770736
-0.02821914
-0.02182432
0.03364617
0.0799274
0.05851841
0.03053506
0.03562093
0.05186213
0.05250767
0.0058419
-0.04455951
-0.04981113
-0.06450986
-0.09288049
-0.07790963
-0.02374014
0.0423758
0.1029115
0.1743494
0.2562428
0.2883791
0.2886143
0.2896022
0.2322555
0.1165562
0.02547906
-0.01422568
-0.0295679
-0.0291909
-0.02977329
-0.037755
-0.03642128
-0.02733483
-0.007417068
0.0194646
0.03199645
0.01840972
-0.03547554
-0.1206759
-0.17887
-0.1892656
-0.1891716
-0.1847933
-0.1883354
-0.2038031
-0.1738848
-0.1174506
-0.1055323
-0.1254783
-0.1333166
-0.1286558
-0.1280113
-0.1241454
-0.1242427
-0.1263533
-0.1058883
-0.07841257
-0.07216747
-0.08228099
-0.07853445
-0.06300355
-0.05446782
-0.03841626
-0.01293578
0.008502995
0.01971982
0.03467792
0.06696805
0.07682086
0.04409208
0.01023832
-0.01341593
-0.03785176
-0.02973411
0.01803712
0.06195773
0.08794746
0.09631587
0.09654401
0.09325504
0.07277347
0.05053061
0.04612487
0.06280352
0.07536447
0.06472825
0.06159679
0.06042792
0.03432704
0.01307481
0.01729351
0.01923395
0.004405946
-0.01742638
-0.05307342
-0.0854836
-0.08070718
-0.06834777
-0.06451951
-0.04778554
-0.04327831
-0.05325228
-0.04701332
-0.03409754
-0.02195244
-0.008001123
0.01574888
0.07978145
0.1593251
0.2010512
0.1962412
0.1558532
0.1202988
0.1020877
0.08380116
0.09032272
0.1181626
0.138295
0.1493103
0.1327134
0.08891334
0.066643
0.06931888
0.04079444
-0.02553372
-0.09017773
-0.1516503
-0.2568584
-0.4960274
-0.5872983
-0.205403
0.1213748
0.08903584
0.05273042
0.05950459
0.0489933
-0.001554623
-0.06570383
-0.05786777
-0.05424197
-0.07219269
-0.03396513
-0.0098399
-0.04330813
-0.04734206
-0.05196802
-0.07319927
-0.03503986
0.003369655
-0.007408549
0.001696038
0.01871241
0.006361387
0.0005727294
-0.02037177
-0.070003
-0.09320478
-0.09434798
-0.09451575
-0.08298567
-0.06863349
-0.07723862
-0.09499045
-0.07826322
-0.04350328
-0.0253391
-0.01225726
0.0007810389
-0.0009605649
-0.009838484
-0.002549125
0.01045971
0.01474213
0.03732232
0.05696502
0.03513614
0.02058077
0.02498116
0.02148133
0.03521104
0.06209639
0.07227899
0.06361071
0.05433382
0.06211762
0.08815425
0.1249413
0.1587937
0.1747521
0.1647062
0.1461386
0.128446
0.09358395
0.06849651
0.0725037
0.0650864
0.04058765
0.01942849
-0.006883934
-0.03869747
-0.06251828
-0.08112081
-0.09931022
-0.1087627
-0.1060876
-0.09684132
-0.07661413
-0.05312276
-0.05195906
-0.06682531
-0.07824123
-0.08978738
-0.101609
-0.09648241
-0.07373069
-0.05912233
-0.05999144
-0.06625537
-0.08037205
-0.1000784
-0.1164838
-0.1372288
-0.1407873
-0.0825991
-0.003070864
0.03987175
0.06260488
0.0705408
0.05648268
0.0402238
0.02000329
-0.01732111
-0.04163954
-0.02311838
0.02257206
0.07920328
0.1165516
0.1043172
0.07680391
0.07125431
0.08031048
0.07971318
0.06230778
0.04750785
0.04970516
0.05982943
0.05211996
0.03066051
0.02093019
0.02240662
0.02831834
0.0160708
-0.04671712
-0.1271693
-0.1558071
-0.1386753
-0.07027525
0.08689064
0.1762966
0.07287187
-0.05059409
-0.06883584
-0.04920906
-0.04539439
-0.05403543
-0.05655549
-0.04473425
-0.04298966
-0.06970819
-0.09281935
-0.08458379
-0.06108871
-0.03985627
-0.03602604
-0.03973448
-0.02941927
-0.03020673
-0.0412106
-0.03445608
-0.02092424
-0.008610263
0.005476535
0.01617421
0.02227644
0.02953829
0.04222258
0.05812255
0.07649248
0.0970517
0.114992
0.1250266
0.1141832
0.08182088
0.05344499
0.03731406
0.0378324
0.07159131
0.1072117
0.1076134
0.1017241
0.1021808
0.09696619
0.1050339
0.1206189
0.1302301
0.1339208
0.1197812
0.1038787
0.09447896
0.06535403
0.01973592
-0.03787956
-0.1780054
-0.3456129
-0.2737834
-0.05220172
-0.02566662
-0.09021153
-0.04046235
0.02832643
0.01812266
0.001448758
0.03443159
0.05046988
0.047668
0.06323795
0.0696024
0.05728039
0.04172643
0.02487569
0.001899072
-0.01837656
-0.01306642
0.002779887
-0.0003097055
-0.01428324
-0.04137296
-0.06659917
-0.05398839
-0.03308614
-0.03782722
-0.03522991
-0.01514827
-0.005867262
-0.0007389905
0.01956432
0.04759082
0.06698938
0.07816022
0.0698083
0.0397309
0.02828885
0.03706599
0.03938627
0.03567567
0.02613267
0.009440637
-0.01529186
-0.03343371
-0.02257335
0.001717098
0.002327429
-0.01280808
-0.009471544
-0.002252748
-0.00244886
-0.002869745
-0.004201677
-0.0005721987
-0.006987591
-0.01826525
-0.01601172
-0.007520118
0.005952648
0.02260834
0.03627557
0.04305344
0.03957476
0.03208467
0.03222325
0.04015773
0.04896476
0.05510881
0.04771263
0.02235654
-0.001245731
-0.01167853
-0.01789152
-0.02567057
-0.0355588
-0.04005388
-0.03165585
-0.01923863
-0.009998427
-0.0005002486
0.009569453
0.01050031
-0.002119398
-0.0060274
0.003031904
-0.00202091
-0.005495018
0.01570301
0.03640637
0.05204608
0.07816578
0.1004437
0.1060219
0.1021129
0.1017252
0.1149485
0.1363535
0.1391139
0.1101175
0.08155932
0.07158495
0.05920701
0.03718926
0.009383069
-0.03514864
-0.09694177
-0.1383747
-0.1313287
-0.1028743
-0.09044623
-0.09032701
-0.08440135
-0.07737936
-0.07524913
-0.06897136
-0.05004655
-0.02562442
-0.01549306
-0.02402553
-0.02597713
-0.01573775
-0.01508371
-0.01364004
-0.009533393
-0.02801476
-0.05094931
-0.0594474
-0.06369736
-0.03807933
0.004659195
-0.01297395
-0.04839289
-0.02818772
-0.02033806
-0.03323771
-0.007920683
0.01653521
0.01034466
-0.001958972
-0.005572204
0.003950072
0.02526858
0.04212405
0.03920835
0.03918188
0.04842409
0.04985015
0.04872744
0.04072802
0.03267718
0.04022467
0.05217667
0.0546623
0.04819505
0.04493351
0.04328511
0.03568586
0.02880437
0.02808279
0.03331601
0.03935059
0.04412649
0.0505478
0.05212429
0.04527566
0.04341129
0.0476677
0.04307204
0.02396105
-0.00217473
-0.02278021
-0.03807553
-0.04471237
-0.03135963
-0.008243705
0.009077427
0.01461696
0.006774199
-0.008814881
-0.02788613
-0.04954358
-0.06633395
-0.07501317
-0.07098826
-0.04062314
-4.314364e-05
0.01476872
-0.003467997
-0.02855559
-0.03570464
-0.02696616
-0.0180643
-0.02046734
-0.02702732
-0.02269375
-0.005821249
0.01178087
0.02439295
0.03509832
0.0374725
0.03299032
0.03305117
0.0279486
0.01480991
0.02177683
0.04200278
0.03757262
0.02079824
0.02364589
0.03155612
0.02050367
-0.002833004
-0.02718816
-0.04752572
-0.06376144
-0.07380142
-0.06861375
-0.05468867
-0.04247482
-0.02954431
-0.01662925
-0.003884997
0.009976191
0.01186524
-0.0030992
-0.02120096
-0.03839435
-0.05390558
-0.06003954
-0.05649678
-0.0542952
-0.05879598
-0.05782811
-0.04961319
-0.04739943
-0.04987386
-0.05261431
-0.05774991
-0.06020775
-0.05729826
-0.05355353
-0.04934087
-0.04335367
-0.03748855
-0.03112643
-0.02252044
-0.0123487
0.0009545301
0.01214528
0.01341176
0.008837587
0.002495509
-0.002452257
-0.004764284
-0.003059277
0.008622949
0.02191371
0.02745016
0.02930089
0.0272013
0.01886379
0.01051506
0.00915135
0.01299943
0.0167655
0.01414703
-0.001703656
-0.01969426
-0.0227792
-0.01703453
-0.01057353
-0.001510528
0.004037567
0.0005654247
-0.005607775
-0.006718152
-0.0004628778
0.00667253
0.003415606
-0.003478938
0.003288355
0.01569069
0.01682984
0.01525837
0.02440937
0.03577076
0.03684912
0.03026132
0.02090565
0.008426126
-0.005662215
-0.01929026
-0.03335997
-0.04694654
-0.051502
-0.04314699
-0.03323728
-0.03307368
-0.04380055
-0.05122835
-0.04215951
-0.03275211
-0.03564826
-0.03110477
-0.01419209
-0.00892309
-0.01622021
-0.0208044
-0.02339304
-0.02538723
-0.02485704
-0.02157398
-0.01437797
-0.006328484
-0.001812788
-0.001043725
-0.006445324
-0.01536752
-0.01948413
-0.02202832
-0.02108143
-0.005847611
0.01455867
0.02487814
0.022689
0.01287182
0.006236292
0.01074609
0.02321526
0.03377149
0.03709434
0.0324984
0.01958078
0.003669555
-0.006799847
-0.007689919
0.005347528
0.02784558
0.04185665
0.04312986
0.03682764
0.02328763
0.009663926
0.002234355
-0.001515431
-0.004432364
-0.006460976
-0.007875286
-0.009544533
-0.008877595
-0.003788907
0.001787472
0.004612514
0.005348298
0.003208927
-0.002165849
-0.007933378
-0.01237266
-0.01153436
-0.0006177836
0.01422828
0.02602224
0.03573713
0.04007316
0.03461685
0.024524
0.0146786
0.003736773
-0.008391918
-0.0184259
-0.01381471
0.007864074
0.02487686
0.03084435
0.03211182
0.02581153
0.01627474
0.008041732
-0.001324833
-0.01079608
-0.0174288
-0.02271702
-0.02754052
-0.0281728
-0.02492977
-0.01930343
-0.01144432
-0.007480046
-0.009157493
-0.009640604
-0.007535432
-0.00511629
-0.0009531105
0.00489028
0.008406132
0.009488101
0.01540987
0.02684055
0.03392874
0.03623775
0.03925547
0.04108578
0.03940166
0.03349969
0.02455552
0.01551693
0.008514841
0.005463512
0.00481025
-0.001197541
-0.01143179
-0.01237229
-0.00701418
-0.01082129
-0.01891246
-0.01627721
-0.007026522
-0.003348204
-0.006231481
-0.01269774
-0.01928289
-0.0227572
-0.02355261
-0.021783
-0.01722417
-0.01197148
-0.00602001
0.003043344
0.01264989
0.01783828
0.01947905
0.01933758
0.01680702
0.01505668
0.01622165
0.01809872
0.02030169
0.02323405
0.02580443
0.027921
0.02926697
0.02877418
0.02725869
0.02411717
0.01756709
0.008475769
-0.001586276
-0.01098606
-0.01974982
-0.02967342
-0.03740692
-0.03840025
-0.03538046
-0.03102667
-0.02456319
-0.01893766
-0.01764154
-0.0194953
-0.022203
-0.02635178
-0.03528363
-0.04573193
-0.05002559
-0.05086614
-0.05219097
-0.05102679
-0.04883437
-0.04328157
-0.02999957
-0.02046422
-0.02049724
-0.02260668
-0.02518487
-0.02626591
-0.02203832
-0.01599301
-0.01249994
-0.009572122
-0.004608921
-1.202379e-06
0.001852848
0.007233764
0.01845645
0.02519912
0.02713399
0.03103232
0.03487953
0.03793163
0.04209626
0.04698992
0.052387
0.05621079
0.05734666
0.05690675
0.05088612
0.04139003
0.03507558
0.02280409
0.002784674
-0.006694182
-0.002233318
0.001793645
-0.001726112
-0.008591834
-0.01382333
-0.0165625
-0.01593671
-0.01265076
-0.009399406
-0.005961845
-0.003211492
-0.004773414
-0.007758752
-0.003463658
0.007802692
0.01668053
0.02000221
0.01827697
0.011719
0.006853689
0.006136601
0.006548685
0.01008227
0.01421211
0.01413009
0.01242929
0.009483812
0.005779085
0.005624613
0.007971087
0.01100636
0.01527222
0.01803232
0.01720724
0.01461199
0.01232503
0.01013841
0.007262815
0.004258821
0.001533946
-0.001211542
-0.003399508
-0.004296087
-0.005492044
-0.008077782
-0.009586287
-0.009708864
-0.01122539
-0.01411873
-0.01599952
-0.01439141
-0.008869039
-0.001778244
0.005052183
0.01255521
0.02015377
0.02408278
0.02484519
0.02548296
0.02600359
0.02602021
0.0257547
0.02505227
0.02505592
0.02845779
0.03397727
0.03768011
0.03956752
0.04050722
0.03788995
0.03015415
0.02163335
0.0143866
0.004244794
-0.007436938
-0.01483109
-0.01785241
-0.01823363
-0.01531505
-0.009409108
-0.002740851
0.002602594
0.006416174
0.008173778
0.006363975
0.00198747
-0.00249683
-0.006517226
-0.01052225
-0.01457772
-0.018281
-0.01950914
-0.01660388
-0.01075264
-0.003936821
0.002016647
0.006396722
0.0102074
0.01374008
0.01584374
0.01575009
0.0144693
0.01122114
0.001330708
-0.01327379
-0.0228979
-0.02539961
-0.02547501
-0.02416223
-0.02090725
-0.0144593
-0.007062716
-0.006555193
-0.01265156
-0.01965673
-0.02602732
-0.03035146
-0.03182854
-0.0309218
-0.02780744
-0.02267045
-0.01434358
-0.003099035
0.006537532
0.01225166
0.01533993
0.01566716
0.01363264
0.01113817
0.009518915
0.009934391
0.0123247
0.01586586
0.01936693
0.02138967
0.0227914
0.02456949
0.02567833
0.02588287
0.02588262
0.02544409
0.02425468
0.02272007
0.02062491
0.01706217
0.01134446
0.003484766
-0.002540997
-0.003545922
-0.00229351
0.0001522636
0.004643512
0.008615736
0.008891848
0.003678836
-0.005966164
-0.01519118
-0.02067562
-0.02267074
-0.02197897
-0.0200906
-0.01933581
-0.02049448
-0.02178326
-0.02009041
-0.01518408
-0.01131935
-0.01165507
-0.01590278
-0.0204668
-0.02143331
-0.02087558
-0.01975508
-0.01465118
-0.008448924
-0.005765101
-0.005103605
-0.005793308
-0.009563436
-0.01451019
-0.0161655
-0.01434603
-0.01306114
-0.01316263
-0.01335607
-0.01383883
-0.01207289
-0.007466199
-0.004658062
-0.003825911
-0.003242855
-0.004901538
-0.007492105
-0.007914062
-0.006860048
-0.004760733
-0.001128533
0.003108802
0.007006071
0.009775357
0.01052765
0.009709344
0.009100493
0.00976527
0.01066095
0.01001146
0.006709128
0.002484267
0.0008880079
0.002192097
0.003999277
0.003622881
0.001846037
0.001751437
0.003307651
0.00588772
0.008203278
0.009254131
0.01038611
0.009973577
0.004940642
-0.002574474
-0.008408584
-0.01240882
-0.01624471
-0.01986329
-0.02178773
-0.02163291
-0.02026004
-0.01757081
-0.01374928
-0.009500093
-0.005075809
-0.001499588
-0.000360266
0.0004893754
0.00454783
0.009364787
0.01191552
0.01404153
0.01751231
0.0206331
0.02159747
0.02024623
0.01718449
0.0143424
0.01309576
0.01402761
0.01565616
0.01555608
0.01450077
0.01301775
0.01120965
0.00813392
0.001312686
-0.006186831
-0.01115593
-0.01432795
-0.01506
-0.01434934
-0.01324655
-0.008932451
-0.002488665
0.001164946
0.003360859
0.006272057
0.007764199
0.007958626
0.007294548
0.004440496
-0.0001188691
-0.004336981
-0.006770363
-0.006232858
-0.0005076842
0.007196507
0.01043864
0.01066529
0.01066547
0.009169024
0.00711305
0.006150974
0.006282552
0.007531721
0.008649594
0.01080823
0.01679422
0.02296093
0.02401187
0.02041674
0.01636727
0.01410794
0.01254339
0.01111114
0.0101827
0.008884158
0.00378085
-0.005912781
-0.01385403
-0.0158967
-0.01360402
-0.01010434
-0.009297783
-0.01089966
-0.01299258
-0.01603703
-0.01808362
-0.01808216
-0.0186194
-0.02051454
-0.02170321
-0.02106889
-0.01970871
-0.01727225
-0.01418584
-0.01359107
-0.01487408
-0.01600444
-0.01746009
-0.0176142
-0.01554722
-0.01238347
-0.008343562
-0.006165464
-0.006786522
-0.007097101
-0.006798928
-0.006940024
-0.007024869
-0.006729599
-0.006326279
-0.005742325
-0.005119973
-0.004748366
-0.003757204
-0.001489366
0.00297412
0.008746313
0.01249042
0.01547218
0.0187873
0.01878769
0.01623971
0.01455814
0.0109579
0.003538677
-0.002486159
-0.00473092
-0.005282498
-0.004916261
-0.003809151
-0.002090871
-0.0004236487
0.0001582125
6.885523e-05
0.0003110547
0.0008965757
0.001636492
0.001905726
0.001219842
0.0003459787
-0.0008252344
-0.00248951
-0.003642026
-0.003769453
-0.002294345
0.001361187
0.00632675
0.01026914
0.01161313
0.01032003
0.007132537
0.003797595
0.001544334
0.0005251695
0.001093776
0.003644412
0.00679038
0.008413238
0.008168563
0.006471915
0.003888432
0.001101037
-0.002061478
-0.005416203
-0.008184696
-0.01060425
-0.01318645
-0.01579958
-0.01802905
-0.02017048
-0.02169329
-0.02057063
-0.01862247
-0.01739954
-0.01464078
-0.01184875
-0.009877539
-0.007631942
-0.008445737
-0.01378325
-0.01944281
-0.02096734
-0.01813067
-0.01325041
-0.008382059
-0.004536081
-0.001283944
0.0008467749
0.001899176
0.00274306
0.003235891
0.003803494
0.003663346
0.001707945
-0.0005739684
-0.003617639
-0.009489678
-0.01327416
-0.01155627
-0.01097245
-0.01328817
-0.01448424
-0.01513869
-0.0159394
-0.01670348
-0.01860351
-0.0193892
-0.01790771
-0.01872652
-0.02130661
-0.02229278
-0.02291127
-0.02203286
-0.01877322
-0.01483489
-0.008592688
-0.001276595
0.002821186
0.005236096
0.006934454
0.006590846
0.005912205
0.005594247
0.005115406
0.004822384
0.004824681
0.004970697
0.00420548
0.001820969
-0.0008393636
-0.003059803
-0.005710467
-0.009771008
-0.01336886
-0.01400667
-0.0130695
-0.01095649
-0.0084399
-0.0081142
-0.008459573
-0.00831095
-0.009990338
-0.01261062
-0.01338054
-0.01320334
-0.01252632
-0.01024996
-0.008447811
-0.009176666
-0.01074792
-0.01161554
-0.01192996
-0.0109486
-0.009008247
-0.0076348
-0.00718781
-0.008377076
-0.01140997
-0.01405132
-0.01498665
-0.0152533
-0.01466469
-0.0120184
-0.007877393
-0.004785404
-0.004474758
-0.004633287
-0.002191241
0.001728391
0.005901783
0.01113411
0.01635614
0.01953373
0.0199819
0.01734422
0.01309594
0.01095931
0.01136724
0.01277117
0.01483252
0.01686906
0.01806367
0.01656057
0.01261168
0.009717919
0.009428535
0.01174862
0.0145211
0.01437628
0.01173122
0.00845085
0.005408739
0.002418572
-0.0006943206
-0.002160613
-0.001751575
-0.0004672162
0.00216039
0.005345915
0.00750619
0.007837723
0.006607784
0.006121305
0.007188741
0.009132516
0.01331617
0.01847824
0.02125104
0.02218797
0.02266548
0.02240354
0.02202212
0.02324372
0.02615305
0.02914197
0.03189416
0.03383369
0.03407861
0.03338856
0.03169215
0.0291139
0.02715818
0.02625477
0.0257634
0.02583909
0.02767394
0.03155683
0.03566561
0.03757317
0.03731955
0.03631841
0.03469066
0.03146448
0.0262295
0.02026816
0.01533578
0.0127391
0.01192121
0.01113208
0.01031098
0.01055955
0.01160115
0.01231437
0.01165751
0.008580126
0.005487768
0.005478857
0.006873226
0.007818517
0.008703031
0.009045768
0.007167502
0.003061874
0.0004857984
0.00154415
0.00348847
0.004112425
0.003626895
0.0009751158
-0.004316243
-0.008547519
-0.009543519
-0.008963121
-0.007622545
-0.004351852
0.0004612789
0.00340189
0.003595109
0.002976331
0.00208613
0.001277088
0.001277414
0.002486393
0.003878837
0.003180895
0.0005483031
-0.002237234
-0.004825251
-0.007264099
-0.009636256
-0.01205206
-0.01441181
-0.01654254
-0.01791341
-0.01871789
-0.01941287
-0.02010986
-0.02091107
-0.02131497
-0.02129139
-0.02114228
-0.02088098
-0.02188217
-0.02397127
-0.02474755
-0.02473816
-0.02482819
-0.02417332
-0.02343086
-0.02265558
-0.02062162
-0.01814478
-0.01637082
-0.01542431
-0.01569888
-0.01665677
-0.01700773
-0.01581945
-0.01347573
-0.009442715
-0.003041225
0.001894703
0.003813921
0.004965152
0.005329151
0.005187735
0.005329347
0.005335925
0.00502864
0.005312911
0.007361109
0.01235535
0.019057
0.02331789
0.02460458
0.02493133
0.0244506
0.02279779
0.02040117
0.01815494
0.01631713
0.01496858
0.01395739
0.01302419
0.01312583
0.01534687
0.01761679
0.01618627
0.01219132
0.01064523
0.01362961
0.01817574
0.01876739
0.01431417
0.009146791
0.006528944
0.005814288
0.005626204
0.007048543
0.005876146
-0.001235408
-0.006456889
-0.007504493
-0.007598264
-0.005276626
-0.002917747
-0.004542338
-0.007933792
-0.009177529
-0.00817386
-0.005084611
-0.0008964667
-0.001330536
-0.007115673
-0.01158112
-0.01270905
-0.01223802
-0.009154028
-0.002168761
0.004350672
0.005133556
0.003488874
0.003509383
0.004563612
0.005952033
0.008036641
0.01026959
0.01097343
0.0105635
0.009904209
0.008999995
0.008082415
0.007368892
0.007195147
0.00740413
0.007866808
0.008370171
0.008154293
0.006601834
0.003680321
0.0008354176
-0.00186312
-0.005104378
-0.005484176
-0.002042677
0.001507098
0.003896085
0.005327956
0.006040216
0.005853933
0.004657646
0.004821
0.005964588
0.005074604
0.003160145
0.002442883
0.00272598
0.003246775
0.004163461
0.005792686
0.007502595
0.007946331
0.006156483
0.00321043
0.001211484
0.0002593644
-0.0001347493
0.0008098448
0.002429933
0.002779594
0.001710225
0.0002808625
-6.95552e-06
0.001101918
0.001538226
0.0008592304
-0.0006468467
-0.003217176
-0.004109163
-0.00224757
-0.0003184298
0.0007289779
0.0008680448
6.670625e-05
-0.00125753
-0.002925039
-0.00405932
-0.004143466
-0.003696085
-0.003316075
-0.003535158
-0.004521109
-0.005876564
-0.007586501
-0.009706358
-0.01121757
-0.01184024
-0.01202631
-0.01227286
-0.01405477
-0.01673867
-0.01826834
-0.0191746
-0.02049021
-0.02219951
-0.02421105
-0.02577571
-0.02624692
-0.02633036
-0.02707601
-0.02836135
-0.02863228
-0.02746842
-0.0265948
-0.02682801
-0.02738239
-0.03048186
-0.03173517
-0.03408269
-0.03562891
-0.03484064
-0.03294187
-0.0310498
-0.02892172
-0.02658825
-0.02432796
-0.02214517
-0.02048787
-0.01902795
-0.01747995
-0.0159538
-0.01339355
-0.01182778
-0.01348901
-0.01373285
-0.009283597
-0.005184927
-0.004709088
-0.005057918
-0.005524746
-0.007131149
-0.009126772
-0.01118778
-0.01169842
-0.009277575
-0.005629778
-0.00157996
0.001272291
0.00148818
0.0008591205
0.0002866186
0.0007565798
0.002872327
0.004168524
0.003104175
0.001672563
0.002596217
0.004825448
0.00550227
0.005198056
0.004637484
0.002116626
-0.0009250868
-0.0008540139
0.001154131
0.002508149
0.003239748
0.003163561
0.002313834
0.001329718
0.00112095
0.002073441
0.003600927
0.005119199
0.005918244
0.005826819
0.004414541
0.003114618
0.00361847
0.003695525
0.003043883
0.003652526
0.005020838
0.006473603
0.008313361
0.009412471
0.009150934
0.008873914
0.008824856
0.008847872
0.009010389
0.009001463
0.009821061
0.01178257
0.01361807
0.01508798
0.0169304
0.01850802
0.01782814
0.01606231
0.01577938
0.01654673
0.01765288
0.01817753
0.01712323
0.01474971
0.01141393
0.009201849
0.009566585
0.01061517
0.0109546
0.01071367
0.009884377
0.008712421
0.007487673
0.006281773
0.005562157
0.005351879
0.005232437
0.004949729
0.00475678
0.005482542
0.006501021
0.006674409
0.00670443
0.006787305
0.00605864
0.005043368
0.004209378
0.003512987
0.003768801
0.004541347
0.004736628
0.00475993
0.004920156
0.004956918
0.004969768
0.005167152
0.005456231
0.005730061
0.005945546
0.005956573
0.00578232
0.005573953
0.005556726
0.005757393
0.005985494
0.006154001
0.006226063
0.006282082
0.006407627
0.006299085
0.005810214
0.005366834
0.004791565
0.003659902
0.002535042
0.001811433
0.001349018
0.001208078
0.001129591
0.0007325563
0.0002627707
-0.0002246193
-0.001168524
-0.002401411
-0.00353536
-0.004472319
-0.005033569
-0.005247659
-0.005219426
-0.004942388
-0.004370067
-0.00341587
-0.002441428
-0.001939805
-0.001904231
-0.002112073
-0.002397989
-0.002697782
-0.002755383
-0.002415611
-0.002159499
-0.002195677
-0.002196347
-0.002218145
-0.002472018
-0.002817869
-0.003160736
-0.003485788
-0.003753816
-0.003891381
-0.00373364
-0.003389322
-0.003039069
-0.002724122
-0.002557552
-0.00258748
-0.002767081
-0.00289836
-0.002841942
-0.002778617
-0.002751328
-0.002540612
-0.002165599
-0.00188688
-0.001785811
-0.001778318
-0.001811786
-0.001864608
-0.001919606
-0.001930868
-0.001879166
-0.001804303
-0.001706615
-0.001573661
-0.001484631
-0.00149844
-0.001535758
-0.001540972
-0.00154752
-0.001547065
-0.00151298
-0.001458642
-0.001388517
-0.001280913
-0.00115865
-0.001073637
-0.001022782
-0.0009881318
-0.0009595296
-0.000911636
-0.0008293049
-0.000726849
-0.000634676
-0.0005623936
-0.0004976936
-0.0004336227
-0.0003670968
-0.0002992466
-0.0002320899
-0.000163636
-9.95557e-05
-4.321532e-05
1.041279e-05
6.30195e-05
0.0001137869
0.0001628544
0.0002103626
0.0002557611
0.0002984986
0.000338541
0.0003758368
0.0004102547
0.0004416543
0.0004700438
0.0004954913
0.0005180229
0.0005376505
0.0005543757
