-0.003289266
-0.004110958
-0.003378168
-0.004641516
-0.003236543
-0.0002740276
-0.0002746106
0.002180968
0.002991289
0.001799351
0.001034795
-0.001014959
-0.0007646115
0.0007229977
-0.004255171
-0.008651939
-0.006011724
-0.001470227
0.001512711
0.00405603
0.005990412
0.007618795
0.00438994
-0.003121893
-0.009133304
-0.007476354
-0.003184743
-0.003269949
-0.005155454
2.662299e-05
0.001079742
-0.005327418
-0.002922796
0.003279288
0.01030553
0.0067962
0.001695669
0.00286508
0.003358232
-0.003389594
-0.005902378
0.003774859
0.0007490175
-0.005088962
-0.00200296
0.001307444
-0.00207641
-0.006289523
-0.001634754
0.002834376
0.007461608
0.009356263
0.003414257
0.0006709746
0.002710473
0.001111634
-0.002296684
-0.003476301
-0.004292796
-0.005372449
-0.00831666
-0.009036251
-0.004416139
-0.0004773856
-0.001497871
0.003112046
0.005721744
-0.002062357
-0.0005134552
-0.001145312
-0.009916769
-0.006014722
0.01081787
0.007337154
-0.01101413
-0.01091974
-0.002668408
0.001945607
0.005795644
0.004301903
0.004048483
0.008771644
0.01036137
0.003525893
-0.004453001
-0.01230745
-0.009090824
0.0009638875
0.0006533598
-0.001803246
-0.00224739
0.0007275067
0.004690785
0.006993505
0.001599307
0.00433349
0.008276375
0.01076882
0.001094709
-0.01551642
-0.007955591
0.001743161
-0.002561665
-0.007404029
-0.0006785729
0.004031365
-8.475494e-05
-0.005585014
-0.006253531
-0.005760267
-0.004842681
-4.807412e-05
0.005605374
0.005634544
-0.002155604
-0.006275791
0.001079023
0.009472199
0.01469216
0.01126048
-0.004416304
-0.01049284
0.0005656006
0.01312038
0.009935552
0.0009285588
0.01071507
0.0146172
0.01093869
0.002409063
-0.01046882
-0.01436051
-0.007256589
0.00420069
-0.0008354301
-0.001499828
0.007413574
0.02250614
0.01470684
-0.01430131
-0.01083368
0.0006327909
-0.01042846
-0.01132744
0.008473449
0.007821305
-0.005397238
-0.005938199
0.00176958
0.01525974
0.01661088
0.01142383
0.002535193
-0.01302016
-0.02328069
-0.02915522
-0.02055799
-0.00713616
-0.003789887
-0.008927973
-0.009068058
0.00594702
0.03471272
0.05159134
0.01965072
-0.03805306
-0.03047071
0.01219453
0.0222616
0.002542627
-0.0242531
-0.02203391
-0.01365494
-0.001177608
0.008346826
0.006895042
0.004974059
0.001787258
0.003966678
0.009713038
0.006578261
-0.008926054
-0.00556037
-0.009700864
-0.0296789
-0.008802869
-0.004175438
-0.008579088
0.008581086
0.006692759
-0.004935545
-0.009905289
0.01363601
0.02657645
0.03179753
0.03365975
0.02010977
0.01032767
0.01026618
0.01114819
-0.01219175
-0.0132763
0.001147233
0.0101107
0.0001103364
-0.02433323
-0.01801869
0.003119501
0.006833038
0.02019476
0.02971414
0.02354286
0.0267515
0.0157342
-0.004214212
-0.007597826
-0.01151592
-0.005176891
-0.007569061
-0.03738699
-0.0649752
-0.06231224
-0.03235001
-0.0191933
0.0034127
0.009135658
-0.0001629234
-0.009042284
-0.01814808
-0.01433048
-0.004351056
0.01091707
0.01443479
0.005341241
-0.01569447
-0.01219204
0.004663209
0.0119631
0.04070441
0.04388351
0.009394002
-0.01362152
-0.01928582
-0.006346345
0.01517337
0.02206731
0.01202008
0.004936959
-0.008032577
-0.02528713
-0.02214678
-0.001170718
-3.568928e-05
-0.02137636
-0.03535977
-0.0121244
0.02346521
0.03513379
0.02937362
0.009384461
0.01437408
0.03850502
0.04711053
0.029907
0.01105718
-0.02385356
-0.04803491
-0.02254635
-0.001257124
-0.0003046574
-0.01108117
-0.00213394
0.01896659
0.02139602
0.01247183
0.01957389
0.02760006
0.004747777
-0.0006431268
0.005964231
-0.01413915
-0.02041541
-0.01663345
-0.01012809
0.007953254
0.0004152577
-0.02078258
-0.03469965
-0.01715584
0.02070942
0.02169863
0.008999443
0.02313237
0.03148394
0.03097886
0.02843479
0.01986355
0.01089348
0.01184292
0.0319653
0.04367369
0.04805135
0.04573476
0.02064156
-0.007333138
-0.03356465
-0.05367208
-0.05497276
-0.05090416
-0.05260773
-0.05369828
-0.05051095
-0.02759172
-0.008806549
-0.02444637
-0.03723428
-0.02308807
0.007794308
0.04328606
0.07525678
0.06897852
0.03373226
-0.01267688
-0.05543442
-0.08342337
-0.09816151
-0.09075749
-0.06894902
-0.03051864
0.02572503
0.06614543
0.09180644
0.1090219
0.0936656
0.05089991
0.006181948
-0.004667938
-0.003294144
-0.01853105
-0.03711151
-0.04338058
-0.03864282
-0.03294218
-0.01609396
0.00137136
0.02284936
0.03828794
0.02732689
0.01206959
-0.01420166
-0.01253308
0.02388487
0.01189872
-0.02773759
-0.0454643
-0.04348257
-0.04327156
-0.07096468
-0.09559476
-0.09438517
-0.05390455
-0.01014158
-0.001579821
0.0003050163
0.03410259
0.06193011
0.04636785
0.05585679
0.0881305
0.09861393
0.0917839
0.06631132
0.04000439
0.02681567
0.02688798
0.008900167
-0.02447638
-0.04104129
-0.06156279
-0.03335582
0.000347935
0.02312137
0.07530956
0.09740164
0.09640602
0.06140868
0.02310962
-0.02185208
-0.04527852
-0.04990025
-0.05495445
-0.05879995
-0.04623569
-0.01110494
-0.003448923
-0.00994948
0.008081984
0.04150933
0.04191111
0.04181004
0.01338459
-0.03514404
-0.05973837
-0.05545242
-0.05988645
-0.08025186
-0.07825683
-0.03416436
0.01854303
0.002707447
-0.0215615
-0.04164844
-0.04344168
-0.03097431
-0.04167929
-0.05335735
-0.02959551
-0.001713893
0.02006201
0.06233073
0.07992769
0.08393112
0.07828637
0.04884194
0.007756267
-0.006342247
0.01426474
0.01302333
-0.01702696
-0.02139468
0.007849673
0.02769778
0.04480719
0.04796402
0.01695392
0.02063299
0.03674484
0.0232206
-0.003387186
-0.02486743
-0.03365479
-0.02880578
-0.01923212
-0.00915866
-0.0110753
-0.003290721
0.01968676
0.008409582
0.003507403
0.01222937
0.01468547
0.02942849
0.04359522
0.022065
-0.01142165
-0.01942972
-0.02244286
-0.02578035
-0.03117518
-0.02446567
0.0288354
0.07514131
0.08141427
0.04750533
0.03401272
0.063966
0.08183839
0.0684845
0.03617188
0.03793236
0.03015379
0.006615211
-0.005226012
0.008214486
0.03235376
0.02288404
0.0182073
0.0187499
0.01317965
-0.001199332
-0.005905649
-0.007895706
-0.01678402
-0.02578658
-0.02863751
-0.02056425
-0.01643022
-0.01164135
-0.03245755
-0.06199882
-0.08315161
-0.08718677
-0.08529469
-0.06852285
-0.05388792
-0.03327886
0.003353394
0.01475391
0.01503948
0.01561779
0.01260265
-0.0162899
-0.03252322
-0.03345552
-0.03267423
-0.03399515
-0.03436543
-0.01730187
0.002443264
0.006257024
-0.008883876
-0.03794369
-0.06398125
-0.06651291
-0.05332331
-0.01864231
0.04830435
0.05767916
0.02791452
0.02717093
0.03032577
0.02112842
-0.003073131
-0.006099484
0.009170924
0.003828152
-0.03451264
-0.05878559
-0.06080622
-0.03723097
-0.02178512
-0.03884157
-0.04893753
-0.0389854
-0.01970639
0.002570403
0.01125672
0.000339652
-0.004609393
0.01666678
0.04956178
0.05172621
0.03519303
-0.00641277
-0.02878341
-0.006829953
0.003714805
-0.01270515
-0.02473911
-0.03015633
-0.01053255
0.02638533
0.03454737
0.02583249
0.01987365
0.021982
0.006381103
0.005377426
0.02234207
0.0201705
0.02032962
0.04156603
0.05657431
0.04104176
0.01634757
0.006054758
0.007183906
0.004901155
-0.007050175
-0.009638926
0.001855465
0.0275503
0.04747295
0.05199768
0.03541555
0.0162263
0.008379456
0.00170153
0.004445344
-0.006716501
-0.03790503
-0.06053371
-0.06297149
-0.067333
-0.0801503
-0.07512678
-0.05834471
-0.06155055
-0.07001857
-0.05456861
-0.03747543
-0.04274881
-0.05550389
-0.06934629
-0.07230733
-0.06582521
-0.06014175
-0.05037014
-0.02610635
0.001587694
0.006626517
-0.006159159
-0.01214042
-0.008137911
0.007693533
0.0233832
0.0320471
0.05179025
0.06782773
0.06948832
0.05332441
0.0481102
0.06221376
0.07097049
0.07622454
0.07446813
0.07319928
0.05250351
0.03655584
0.04873059
0.05259642
0.04238013
0.02788188
0.02522991
0.04034125
0.04743742
0.03705283
0.01505249
-0.0003668197
-0.0005391657
0.001041869
0.0007369234
-0.004565001
-0.01166723
-0.01750465
-0.02864097
-0.0444948
-0.04865636
-0.04053712
-0.03658051
-0.03664269
-0.04100927
-0.04613575
-0.05053191
-0.05185685
-0.05191801
-0.05167827
-0.04307045
-0.02620981
-0.005293653
0.01248193
0.02067257
0.01596429
0.01154977
0.02048604
0.03720796
0.04375436
0.0312339
0.02876759
0.04940223
0.05695537
0.04195326
0.02845565
0.03016419
0.03984404
0.0538548
0.06522377
0.06876627
0.06880814
0.07097365
0.07063301
0.0440182
0.005706031
-0.00986728
-0.01118303
-0.01606164
-0.0006606145
0.02972319
0.03721718
0.03688675
0.0361473
0.01221101
-0.02420905
-0.03919178
-0.03677637
-0.03950176
-0.05564729
-0.06795455
-0.07245066
-0.07056667
-0.06050738
-0.05555829
-0.05839893
-0.05749108
-0.04250927
-0.01346777
0.01269426
0.01924374
0.02734871
0.03349529
0.009300942
0.001465357
0.01931031
0.02095461
0.01049457
0.002676322
-0.006846341
-0.007334864
0.01210231
0.01077943
-0.008206791
-0.01944509
-0.02848325
-0.0201243
0.003192961
0.01481898
0.003690839
-0.02610228
-0.04267824
-0.04094724
-0.03303096
-0.02546046
-0.0225024
-0.010092
-0.007210439
-0.006768718
0.006612722
0.01486764
0.0301014
0.03992917
0.01826953
0.001348812
0.0001952547
0.0008807575
-0.00843484
-0.0321916
-0.04112163
-0.04097367
-0.02795024
0.01745716
0.04194028
0.01849157
-0.003501609
-0.001044364
0.0006876605
-0.002621154
-0.01453469
-0.0180271
-0.009620199
0.004872027
0.04177263
0.06387508
0.04855882
0.02875355
0.02150142
0.02025403
0.03492169
0.04552772
0.03907221
0.01572345
0.000655063
-3.744914e-05
-0.003822601
-0.000914513
-0.0002432845
0.007232364
0.02226621
0.02233462
0.01499987
0.005981099
-0.01008587
-0.02538478
-0.01757049
0.004240238
0.01112633
0.02000652
0.02155189
0.0141947
0.01743429
0.01973242
0.01540157
0.009564182
-0.002012748
-0.0143914
-0.01947704
-0.01174843
0.008186519
0.01935763
0.02445974
0.02889885
0.03049522
0.03483234
0.01758217
-0.01070644
-0.02073296
-0.02268415
-0.01841028
-0.01637735
-0.02193933
-0.0387407
-0.04843368
-0.04797155
-0.04793476
-0.04749302
-0.04041619
-0.04858632
-0.04169308
0.01827789
0.0524908
0.04088736
0.0004689137
-0.02845719
-0.0429044
-0.04536048
-0.02731253
-0.01420647
-0.0001558973
-0.002736422
-0.01665629
-0.03214389
-0.03223867
-0.01986702
-0.02487616
-0.03169071
-0.03620719
-0.03971286
-0.043447
-0.03720656
-0.02702485
-0.02432687
-0.02339554
-0.02321594
-0.01600956
-0.006109367
0.0004125898
0.01280261
0.01926846
0.01266302
0.01069552
0.01225007
0.01618327
0.02528583
0.04375096
0.06275466
0.06465092
0.0607444
0.04986719
0.03286795
0.03197349
0.04152791
0.06164238
0.07495856
0.07168648
0.06139578
0.04766462
0.03005236
0.004356594
-0.01670531
-0.02042517
-0.006940691
0.01929175
0.01863698
-0.007640176
-0.02258106
-0.02169052
-0.01487378
-0.02543988
-0.0490579
-0.06049508
-0.0478215
-0.02423801
-0.02487849
-0.03055573
-0.02689385
-0.01523721
-0.01190071
-0.03801161
-0.05637255
-0.05545855
-0.02833566
0.001343363
0.008576261
0.02116008
0.0301025
0.0298894
0.0321243
0.03601874
0.03293332
0.004080656
-0.01945474
-0.01294604
0.002943594
0.004169713
0.0009975932
0.01606205
0.02108359
0.01623969
0.01275749
-0.009351949
-0.02918067
-0.02644699
-0.01111427
-0.007725751
-0.02251057
-0.02731265
-0.008019273
-0.002899814
-0.02481443
-0.03583239
-0.02683795
0.003190924
0.02708246
0.02642158
0.01745892
-0.002285137
-0.02473118
-0.02444244
-0.01178416
-0.00804374
0.01528068
0.03345512
0.02688946
0.0113427
0.002591178
-0.001617263
-0.006850803
-0.009564944
-0.01223114
-0.0009304852
-0.001141546
-0.01954125
-0.02448103
-0.01840787
-0.007816108
-0.001903089
-0.00487631
-0.007583311
-0.008749092
-0.002042513
0.009719186
0.01994578
0.02781108
0.03647912
0.03922606
0.03327852
0.02406902
0.02828068
0.0244833
0.02125202
0.04430613
0.06737861
0.07613845
0.07572645
0.06246551
0.04532857
0.03776535
0.03657815
0.0417078
0.03405482
0.01607026
0.0153237
0.01713122
0.008158357
0.007410775
0.002363893
-0.01645299
-0.03943657
-0.05202839
-0.06101553
-0.07374301
-0.07688352
-0.07931614
-0.08317064
-0.07480963
-0.06355181
-0.06303765
-0.06194107
-0.04982441
-0.03889912
-0.03628682
-0.02925588
-0.02193628
-0.01437393
-0.0003865914
0.006481145
0.009420863
0.01003294
0.0133011
0.01839913
0.01467621
0.01566059
0.01604928
0.01218356
0.005710716
0.002517172
-0.002242071
0.004266625
0.00796828
-0.01818852
-0.05373647
-0.06930771
-0.05714923
-0.04803852
-0.04468876
-0.04222437
-0.03326971
-0.004344477
0.02820176
0.03490221
0.02908217
0.009846065
-0.01809064
-0.03282446
-0.02993371
-0.01771506
0.01021364
0.02646435
0.02452031
0.03389928
0.04478275
0.05203401
0.05754616
0.05556847
0.03155467
0.01284795
0.02389768
0.03843785
0.04167949
0.03303506
0.01477509
0.003657168
0.01230888
0.03684811
0.05453193
0.05389756
0.02851697
0.01225009
0.01045904
0.002190991
0.000487663
0.01423427
0.03963235
0.05892572
0.06348315
0.04835458
0.01382765
-0.005861333
-0.005231921
-0.00996363
-0.01437608
-0.01005325
-0.002827496
-5.506551e-05
-0.001420775
-0.01311806
-0.01825471
0.01447512
0.02757403
0.0185573
0.01697229
0.001239878
-0.02147953
-0.01814712
0.004017548
-0.004791102
-0.01829787
-0.03195458
-0.04999831
-0.05794098
-0.05181478
-0.03370055
-0.0147703
-0.00469773
-0.002036482
-0.0002452932
-0.002592245
-0.005511416
-0.005225749
0.01096274
0.03910563
0.04995441
0.047431
0.03997487
0.02183016
-0.001256456
-0.008421889
0.007780877
0.02555546
0.03651849
0.01613182
-0.008416457
-0.0004083704
0.01505694
0.01116672
-0.01417919
-0.02559599
-0.008186561
0.001841124
0.009998129
0.02311029
0.02416096
0.01446898
0.004214988
-0.002947387
-0.01549536
-0.01849512
-0.004996374
-0.01706699
-0.04946519
-0.06595648
-0.02878252
0.001616604
-0.02726055
-0.05009319
-0.05512275
-0.05164753
-0.04436162
-0.0418136
-0.04168706
-0.04662685
-0.05141773
-0.04488763
-0.01334305
0.02641967
0.03678905
0.03535601
0.03697686
0.03699222
0.03248082
0.02984826
0.03145686
0.0304308
0.01569288
0.01130898
0.02432118
0.02638776
0.02606244
0.03172554
0.02416026
0.01071366
0.0103965
0.02074343
0.008493293
-0.01065817
-0.01394047
-0.002892791
0.007657126
0.01053664
0.007983643
0.004227039
0.01114474
-0.006595046
-0.01940007
-0.01182141
-0.01344417
-0.01950292
-0.01610524
-0.01171613
-0.01354289
-0.01554305
-0.01725558
-0.01946892
-0.01700557
-0.01784293
-0.0313283
-0.0387773
-0.03762771
-0.02912595
-0.01644934
-0.02057824
-0.03010295
-0.03528552
-0.04547628
-0.05799265
-0.05721025
-0.02283212
-0.00308283
-0.002054617
-0.01182208
-0.01618151
0.00459696
0.008366932
-0.003349756
-0.01374248
-0.01485423
-0.01007956
-0.0006190099
-0.007005179
-0.01509781
0.0001420628
0.03703755
0.06651254
0.06963073
0.05347194
0.01995377
6.892335e-05
0.001185873
0.01267214
0.01729687
0.01507638
0.01111475
0.004516417
0.003311846
0.005146874
0.0118524
0.02146187
0.02760538
0.02487386
0.01423735
-0.009963121
-0.02507845
-0.02213979
-0.0137737
-0.006271554
-0.01343599
-0.01591556
-0.004024356
0.00254143
0.007963795
0.01025884
0.003327986
-0.005420509
-0.005827444
0.00592402
0.01026824
0.001629908
0.006494332
0.01678312
0.02276648
0.0389376
0.03783707
0.02195775
0.02152531
0.03651425
0.04639096
0.0417449
0.0127851
-0.01467938
-0.01691721
-0.02137865
-0.01568293
-0.008267491
0.00117877
0.02710925
0.03366075
0.03123625
0.02472257
0.007346912
-0.005442828
-0.007535828
0.001031191
-0.0005354895
-0.01721245
-0.01636989
-0.01140347
-0.02068747
-0.03299884
-0.03841908
-0.03774074
-0.02509984
-0.02357082
-0.03094335
-0.02775989
-0.01353799
-0.008954077
-0.0221253
-0.02497106
-0.02997209
-0.01675081
-0.008285797
-0.01790436
0.0008106346
0.02158603
0.003488205
-0.01382524
0.004860174
0.02679939
0.0159405
-0.0005793835
0.01202785
0.0281908
0.0340538
0.01582541
0.003549743
0.009951296
0.004483109
-0.007091818
-0.01271913
-0.02098313
-0.01359524
0.003583629
0.00392638
0.004171211
0.002009863
0.003633733
0.001887524
-0.01051871
-0.02207731
-0.02027086
-0.004026315
0.01083307
0.02723164
0.04649845
0.03460222
0.01428589
0.0109393
0.01326085
0.01736434
0.01748676
0.007100132
-0.007904041
0.007194027
0.03004817
0.0430481
0.04729949
0.04237903
0.0412846
0.05559115
0.07580961
0.08715613
0.07779458
0.04247303
0.0297965
0.02299618
-0.002867934
-0.00951831
-0.001385825
-0.01466722
-0.0421358
-0.05345981
-0.04356987
-0.0333984
-0.0276721
-0.01664078
-0.005157596
0.004233566
0.006792769
0.01332181
0.02356977
0.01345445
-0.009107924
-0.01826036
-0.02359086
-0.03079612
-0.03479552
-0.04163664
-0.03512902
-0.01751768
-0.006097737
-0.002886757
-0.0244118
-0.0366885
-0.009710498
0.00959812
0.00995208
0.008437398
-0.0005171634
-0.01309782
-0.01533365
-0.006799289
-0.003643391
0.004137187
0.01520012
0.02239012
0.03287676
0.04354597
0.04099395
0.01324793
-0.02249082
-0.06041543
-0.08395802
-0.08803189
-0.08996069
-0.06583258
-0.02606684
-0.02425735
-0.03478475
-0.002710841
0.02626941
0.009674027
-0.02540682
-0.0331945
-0.02748759
-0.0119132
0.02136227
0.03338503
0.007661659
-0.02305257
-0.03356569
-0.03819648
-0.03130943
-0.03325048
-0.03987435
-0.04042208
-0.01523521
0.03765384
0.05619439
0.04779878
0.04692771
0.05379334
0.03792725
0.01634406
0.02260381
0.03052208
0.01023327
0.01115536
0.03695525
0.04190328
0.03452359
0.02268241
0.0380069
0.05870781
0.07094782
0.0875932
0.08947307
0.07437809
0.0624135
0.05875069
0.05308154
0.0333476
-0.003466229
-0.03017492
-0.05586056
-0.08874943
-0.1263497
-0.1511693
-0.1540366
-0.13718
-0.1114821
-0.1060843
-0.09648202
-0.0809974
-0.08301802
-0.08782323
-0.08022116
-0.04984556
-0.01713926
-0.01656908
-0.04529941
-0.07080043
-0.06649807
-0.05463546
-0.0431319
-0.02343672
-0.007194242
0.0025029
0.007545781
0.02459814
0.060087
0.08757498
0.09610831
0.09866034
0.09958549
0.105479
0.1133779
0.1194806
0.1082116
0.07210464
0.03884754
0.02674932
0.0101172
-0.007948024
-0.01130893
0.005422132
-0.00100183
-0.02855611
-0.03728833
-0.02538902
0.0124387
0.01968988
0.01250397
0.001208489
-0.01624779
-0.0210265
-0.01229224
0.0007770141
0.00878605
0.009567365
0.005512861
0.001238036
-0.004499469
0.008250526
0.025054
0.03271011
0.03770403
0.03538352
0.0197255
0.006448151
0.0120255
0.01656144
0.001284891
-0.01865203
-0.02838488
-0.03457629
-0.03728542
-0.03358384
-0.01488215
0.007306919
0.007790391
-0.001677257
-0.0178106
-0.02388573
-0.01499644
-0.01948139
-0.03306984
-0.03447949
-0.005555359
0.01648071
0.0179444
0.02241403
0.02957034
0.03494879
0.03628804
0.03802101
0.03806894
0.04146247
0.04953066
0.05992036
0.04428069
-0.003411456
-0.02505485
-0.02255076
-0.01989163
-0.02201936
-0.02660326
-0.03046193
-0.03743772
-0.04258057
-0.04219197
-0.02244274
-0.01468973
-0.02711743
-0.03443492
-0.03502449
-0.03252245
-0.02860158
-0.01906052
-0.02020395
-0.02768566
-0.0245553
-0.01616785
-0.01725111
-0.01386064
0.002816341
0.007349205
0.00840795
0.02738605
0.0498954
0.04582252
0.02888541
0.02336515
0.02753081
0.01807234
0.006269901
0.01827426
0.03706367
0.05014107
0.06061951
0.06748103
0.04764712
0.01309256
0.003862562
0.007174484
0.01162065
0.01728265
0.01965311
0.01477953
-0.005192088
-0.01699759
-0.0229493
-0.02481694
-0.01265652
-0.005198303
-0.01717822
-0.0327567
-0.0365705
-0.03168676
-0.02272506
-0.01976198
-0.006759041
0.0129606
-0.004922062
-0.03098002
-0.0341655
-0.03675836
-0.03768862
-0.03167575
-0.01643901
0.0001135304
0.001296709
-0.01420017
-0.02337203
-0.02016314
-0.005656718
0.01455558
0.03236578
0.03728725
0.02357843
0.01570911
0.01417909
0.01778884
0.01675352
0.01265514
0.02093037
0.02970337
0.04189439
0.05207804
0.05937816
0.06487595
0.06637939
0.05981873
0.04663112
0.03937278
0.04491442
0.05781535
0.06763997
0.06615278
0.04979094
0.03304863
0.03013039
0.02869114
0.01789034
0.007916753
0.0008358876
-0.005109718
-0.008750123
-0.01825451
-0.03928387
-0.05625874
-0.05879857
-0.05761029
-0.06378336
-0.07230242
-0.07568477
-0.07286552
-0.06232486
-0.04262563
-0.03464926
-0.0425196
-0.05370087
-0.06165588
-0.06176402
-0.05566445
-0.04939148
-0.04927829
-0.05521369
-0.05493628
-0.03942517
-0.03338884
-0.02561953
-0.01121205
-0.0213264
-0.03281979
-0.03072474
-0.01766775
-0.002732936
0.005099616
0.01174081
0.01885222
0.02462641
0.02522002
0.02495683
0.02411938
0.02910613
0.0300802
0.01592462
0.006047927
0.01099592
0.02408759
0.03222716
0.03401111
0.0302279
0.02428229
0.02531858
0.02621921
0.03356522
0.04185677
0.03800726
0.02441879
0.01248374
0.004254351
-0.001000719
-0.007693989
-0.01028278
-0.00313567
0.007527379
0.02380553
0.0346583
0.03463277
0.02722856
0.01537103
0.01070144
0.01890526
0.01970695
0.0100567
0.001297932
0.005142281
0.00727711
-0.003606321
-0.01323617
-0.01447652
-0.01507121
-0.01918389
-0.01751214
-0.01510599
-0.01865358
-0.02534175
-0.02929734
-0.02910867
-0.02450443
-0.01637608
-0.00991645
0.000804738
0.01065893
0.004058474
-0.008216238
-0.005036929
0.007115319
9.2587e-05
-0.008636606
-0.005561337
-0.0008244889
0.008497259
0.02221215
0.03228563
0.03421952
0.02403683
-0.002362842
-0.02569945
-0.03449596
-0.03321386
-0.02008241
-0.006811223
-0.002063155
0.001289553
0.0101574
0.02588985
0.02748203
0.01945358
0.02011655
0.02842646
0.03491974
0.007036993
-0.0227654
-0.02992889
-0.03466478
-0.02659152
-0.01314591
-0.01245336
-0.02577663
-0.0318426
-0.03063598
-0.02873167
-0.0328984
-0.04445605
-0.04473353
-0.03244052
-0.007690253
0.01217421
0.0151383
0.01449363
0.01375002
0.011303
0.01283093
0.02365106
0.02807273
0.01501567
0.001421083
0.002464511
0.01118956
0.01767265
0.02227179
0.02708412
0.03656193
0.04266456
0.04258394
0.04833671
0.06090308
0.05894567
0.03615374
0.02557936
0.03307531
0.0395533
0.03498673
0.0170755
-0.001371236
-0.01562169
-0.004018199
0.01249659
0.009393717
0.005475865
-0.003103386
-0.01386442
-0.02364319
-0.03017224
-0.03660541
-0.03573742
-0.02951036
-0.02926763
-0.03487766
-0.04056317
-0.04004606
-0.04173827
-0.04581218
-0.04959947
-0.05145386
-0.0514692
-0.04291959
-0.02379156
-0.01181883
-0.01185048
-0.01209021
-0.008348883
-0.002544092
0.003315777
0.005732126
0.01078314
0.02089131
0.01777721
0.001520425
-0.004813805
0.006526525
0.01577483
0.0001433051
-0.01265976
-0.0007900545
0.01053906
0.008330726
-0.005286303
-0.01297203
-0.01016502
-0.008398411
-0.01055166
0.00025113
0.02614788
0.04180485
0.03883866
0.02444337
0.01482985
0.0163486
0.02259607
0.02028778
0.01825489
0.01927078
0.01990213
0.005936267
-0.01763698
-0.02494939
-0.02432926
-0.01941594
-0.009311852
-0.002324879
-0.005121746
-0.01170077
-0.01056962
-0.002562648
0.002637285
-0.003023741
-0.01152343
-0.01450797
-0.01059018
-0.0008461475
-0.0004198137
-0.0056708
0.006402914
0.02919989
0.03631538
0.03235878
0.02624487
0.02526667
0.0123718
-0.01759072
-0.03932185
-0.04939539
-0.0429786
-0.03353342
-0.02602421
-0.01773673
-0.007996776
-0.0085119
-0.01099766
-0.009805308
-0.005788571
0.005083585
0.01152894
0.01529476
0.01825987
0.03038255
0.04262559
0.04481449
0.02843836
0.006661342
0.00298932
0.008178038
0.01148078
0.002024335
-0.01129485
-0.01690079
-0.01413661
-0.00998421
-0.008504212
-0.002979912
0.0007267475
-0.0005717328
-0.007039573
-0.01363593
-0.01436321
-0.002650573
0.01249437
0.01010959
-0.00434281
-0.01234167
-0.01530989
-0.01307305
0.002504375
0.01643858
0.02114994
0.02515138
0.02571236
0.02516664
0.02651915
0.03137127
0.02195665
0.003476277
-0.0009311594
0.001948284
-0.003016072
-0.02044177
-0.03220748
-0.02263276
0.01029895
0.02769095
0.02351505
0.0101408
-0.001438254
-0.001690208
0.003067058
0.001735944
-0.007089108
-0.01043982
-0.009523877
-0.01053471
-0.009318883
0.003573905
0.01442567
0.02665954
0.03724713
0.02963996
-0.003329514
-0.02572566
-0.02335316
-0.01242387
0.006112582
0.01601269
0.0204558
0.03555893
0.04432072
0.04016217
0.0364361
0.03459703
0.02828323
0.01428066
0.003214671
-0.004652597
-0.008358265
0.0001719879
0.002798481
-0.004330306
-0.01213331
-0.01316556
0.001080775
0.00837479
0.009030643
0.002824958
-0.006828326
-0.008627612
-0.003579636
0.00091244
-0.003227744
-0.01572479
-0.02300657
-0.01800347
-0.01111644
-0.0116142
-0.02670816
-0.039348
-0.04638906
-0.04428787
-0.03347179
-0.02560657
-0.01800043
-0.01551979
-0.02031481
-0.02283931
-0.01662955
-0.008414468
0.005405513
0.01774547
0.02382468
0.0219744
0.01704678
0.0180678
0.01495171
0.00952735
0.008990834
0.01097984
0.007147701
-0.002386234
-0.006499889
-0.007771822
-0.01053398
-0.01578085
-0.01271167
0.00257406
0.01133689
0.01468045
0.01739264
0.02093307
0.02175724
0.02249165
0.01324229
-0.004581176
-0.007958387
-0.004525057
-0.004544427
-0.008997736
-0.01491985
-0.01133453
0.005288416
0.01579545
0.01576588
0.007179533
-0.003415193
-0.0068281
-0.01044195
-0.01338769
-0.0124452
-0.01186378
-0.01164243
-0.01012873
-0.01046226
-0.008966921
-0.003827125
-0.004747148
-0.01187693
-0.01254297
-0.006944175
-0.005511056
-0.007499018
-0.005593638
-0.005594639
-0.0119533
-0.01716956
-0.01382802
-0.005331397
-0.005253856
-0.01038137
-0.01608519
-0.02211031
-0.01523243
-0.004142962
0.0003205812
-0.003359554
-0.01080247
-0.0110044
-0.010118
-0.01532405
-0.01383381
-0.002442421
0.003650066
0.004666014
0.002108902
-0.0009378099
-0.003529601
0.001333788
0.01028024
0.01472135
0.01328216
0.01624835
0.02798858
0.03476141
0.03300806
0.02363328
0.01844763
0.01975938
0.02066722
0.01524799
0.004772626
-0.0001416988
0.005811057
0.008347834
0.0005724096
-0.005487373
-0.005229276
-0.002969938
0.0004460804
0.004472059
0.001300918
0.0001728383
0.003489918
0.006115439
0.00730276
0.003182002
-0.008859057
-0.01741273
-0.01751775
-0.01014005
0.001404357
0.001835862
-0.004128033
-0.006469908
-0.0008282422
0.002302184
-0.002624369
-0.005835281
-0.006410513
-0.005663825
-0.007603816
-0.01204587
-0.0154465
-0.01377875
-0.011856
-0.0115428
-0.009828132
-0.0124658
-0.02631633
-0.03895305
-0.04314316
-0.0416233
-0.02915477
-0.01504403
-0.005979238
9.491699e-05
0.006599514
0.01581425
0.02419055
0.02153555
0.01645193
0.01203743
0.01031471
0.01449065
0.01702337
0.01962443
0.02926145
0.03718589
0.03400254
0.02836608
0.02399239
0.01805809
0.007873458
-0.002089835
-0.007997608
0.0003052589
0.008461247
0.003961075
-0.002029316
0.0007349537
0.01090646
0.01373499
0.009233806
-0.002861282
-0.01205651
-0.01364152
-0.007313363
0.002125791
0.006500645
0.00508802
0.001821036
0.0002492929
-0.00392957
-0.009173313
-0.01353475
-0.01292981
-0.01148644
-0.01016342
-0.007283875
-0.005508994
-0.01706245
-0.03251945
-0.03869241
-0.04104648
-0.03902986
-0.03430717
-0.02652755
-0.01374278
0.003772744
0.005967872
0.00170538
0.003604708
0.009289258
0.01886103
0.02383668
0.007711589
-0.01116852
-0.01436613
-0.02161313
-0.03031262
-0.03233416
-0.02587747
-0.01658109
-0.007061338
-0.001452262
0.004631116
0.01931105
0.03089631
0.03122485
0.02284667
0.01856073
0.01612201
0.01538058
0.01757368
0.01545218
0.01636825
0.01944059
0.01867366
0.01681634
0.01921753
0.02030802
0.01121891
0.0003600964
-0.005302834
-0.002747624
0.004913707
0.006700859
0.01054331
0.02018548
0.0247654
0.01755411
0.009773669
0.007177884
0.004916661
0.003136878
0.006855916
0.009621255
0.004671315
-0.0006213451
-0.0001867042
0.001003757
0.00208712
0.005663363
0.01090935
0.01684995
0.01470604
0.003379063
-0.00212881
-0.004750083
-0.009633715
-0.01398797
-0.01398172
-0.01129287
-0.01091681
-0.008600494
-0.005843183
-0.005381501
-0.00962666
-0.01212982
-0.01664614
-0.02154003
-0.0255649
-0.0295356
-0.02879173
-0.02612959
-0.02265506
-0.0182778
-0.0106695
0.0004054562
0.006351143
-0.001053384
-0.01162061
-0.01269695
-0.003705162
0.005126307
0.00699297
0.008299766
0.01041919
0.005992701
-0.005167912
-0.01498757
-0.01661444
-0.009773423
0.001994985
0.009717406
0.01034763
0.008090949
0.00950341
0.01563919
0.02533669
0.03108554
0.03083691
0.02887882
0.02808215
0.02569537
0.02251628
0.01823567
0.01250556
0.01010191
0.006523353
-0.0005103579
-0.006895161
-0.009730114
-0.008479325
-0.002840225
0.003639508
0.008207229
0.009890061
0.009026387
0.005984363
0.005137316
0.006867522
0.006802508
0.005861424
0.009739092
0.01219275
0.01295256
0.01264432
0.01051479
0.008459896
0.00645886
0.002708644
-0.002775437
-0.005313126
-0.004963842
-0.004141618
-0.00428625
-0.004106961
-0.001815615
0.002149918
0.005235424
0.007464324
0.007474659
0.008650507
0.009078766
0.006409849
0.003888164
0.002623683
0.0004309968
-0.001469836
-0.001024963
0.001415128
-0.0008016188
-0.004238877
-0.00675436
-0.008899705
-0.009100611
-0.01242873
-0.01331506
-0.01519785
-0.01783987
-0.01813565
-0.01736667
-0.01650825
-0.01631586
-0.01590039
-0.01557151
-0.0136672
-0.01016036
-0.006968712
-0.008168341
-0.01031344
-0.01108992
-0.009161286
-0.005143931
-0.003400162
-0.003387565
-0.004640874
-0.006032637
-0.007701682
-0.008402675
-0.006285983
-0.002901447
-0.002467139
-0.003341092
-0.003624269
-0.004525882
-0.004138455
-0.002479014
-0.0007795792
0.0002989123
0.001141098
0.002022006
0.0006753671
0.000321693
0.0009801188
0.002115632
0.004476395
0.005037481
0.004703317
0.00465914
0.006391798
0.007956492
0.009021451
0.009781721
0.00920687
0.007673807
0.00597212
0.004685725
0.0040066
0.004581257
0.00412694
0.002609186
0.001263983
-0.000139923
-0.001233999
-0.001954101
-0.002402451
-0.002890814
-0.003124216
-0.003090423
-0.003636449
-0.003804819
-0.00285549
-0.001768112
-0.00169772
-0.002206216
-0.00154959
-0.000757729
-0.0005775964
-0.0001224125
0.0005075391
0.0004964143
0.0001700258
-0.0001518626
-0.0007270342
-0.001264799
-0.001796049
-0.002206825
-0.001887207
-0.0004684576
0.0008803805
0.001378987
0.00121925
0.0007755254
0.0002755165
-0.0003578088
-0.0003648026
0.0002495408
0.0007420374
0.0008923557
0.001189957
0.001938472
0.002459643
0.002216206
0.001713043
0.001646176
0.001956674
0.002134453
0.002161304
0.002138746
0.002127344
0.002010775
0.001882011
0.001710341
0.001396313
0.00117897
0.0009174069
0.0005501165
0.000254663
7.868366e-05
2.437619e-05
-1.776613e-05
-2.534612e-07
0.0001145982
0.0002276139
0.0001943243
-7.267367e-06
-0.0001565703
-0.000149152
-5.110299e-05
8.049021e-05
9.183041e-05
-4.207641e-06
-1.603235e-05
-2.652066e-05
-0.0001221634
-0.0002355129
-0.0002947007
-0.0002863034
-0.0003072086
-0.0003605128
-0.0004023091
-0.0004692111
-0.0004913483
-0.0004963254
-0.0005281634
-0.0005635308
-0.0005439262
-0.0004743653
-0.0003869152
-0.0002950818
-0.0002171655
-0.0001576269
-0.0001250791
-0.0001106507
-0.0001037604
-0.0001017821
-9.791852e-05
-8.805461e-05
-7.559346e-05
-6.273742e-05
-4.985594e-05
