-0.009841462
-0.01130165
-0.008129002
-0.001194604
-0.001582793
0.00219673
0.005954826
0.004142693
0.002021496
-0.00124619
0.0006350761
0.002524495
0.004524067
0.0002424713
-0.006477951
-0.0109605
-0.01055318
0.0005743357
0.01387852
0.0155598
0.008185518
0.002894064
0.001366402
-0.002533786
-0.01344954
-0.005835984
0.004917126
0.004440029
0.002717505
-0.006707046
-0.007222925
-0.00945853
-0.004778543
0.001965917
0.00455285
0.010619
0.006912515
0.007908226
0.01074605
0.006326569
0.00233446
0.001284024
-0.00935748
-0.01386981
-0.006647046
-0.00688661
-0.01147648
-0.004578099
0.003630976
0.007979344
0.01961459
0.02557352
0.008048989
-0.008876812
-0.006878557
-0.009189811
-0.00147855
0.006869184
-0.0004298895
0.00190493
0.002289503
-0.00485149
-0.00668339
-0.005397157
-0.003883471
0.002585368
0.005979921
0.001932547
-0.001037713
-0.003897821
-0.009229395
-0.003175735
0.003488898
-0.005460636
-0.005283216
-0.004243903
-0.007583457
0.002461423
0.01992884
0.01882612
0.0112566
0.01402784
0.008366724
0.0009532448
0.001965979
0.002914447
-0.006919512
-0.002804977
0.001709391
-0.002955227
0.0006584688
0.003497978
0.0030286
-0.002537723
-0.006745413
-0.003924289
-0.003252312
0.004302619
0.0107947
-0.0009314385
0.0004555336
0.004278259
-0.003072101
0.01124641
0.02055774
0.008444979
0.004635014
-0.009584058
-0.02292084
-0.0206251
-0.001267831
0.01661655
0.00743217
0.003366141
-0.001808634
-0.004269195
0.02069294
0.02981446
0.01502616
0.01193828
-0.009198513
-0.01396125
0.02082039
0.04178917
0.0296355
0.008390559
0.0003709305
-0.008829863
-0.007571583
0.003095171
-0.002376521
-0.02304214
-0.0186433
-0.002160532
0.006601852
0.02833965
0.03566076
0.007872451
-0.01676101
-0.02326601
-0.01496776
0.003165319
0.004836617
0.01037269
0.001694035
0.005242115
0.03099967
0.01917532
0.01607706
0.01671404
0.007902749
0.006564994
-0.005466445
-0.01121571
-0.01998112
-0.009932641
0.0009216373
-0.02038163
-0.02179286
0.002499895
0.02066959
0.03475724
0.03880808
0.0213461
0.006859451
-0.0112023
-0.00994016
-0.0003823652
-0.0008705553
0.007914069
-0.02167779
-0.06041804
-0.02603653
-0.003924608
0.0004576687
0.0095146
-0.006146134
-0.02235359
-0.02613746
0.02482411
0.03936759
0.01246847
0.001172288
-0.01353784
-0.02985652
-0.01096582
0.0009623489
-0.02361324
-0.0268076
-0.02645951
-0.01056866
0.02356897
0.02582241
0.01853272
0.02614625
0.02855268
0.01452588
0.01144775
0.01241392
0.009879445
0.0005691026
-0.027242
-0.0219531
-0.01983231
-0.01158032
0.0009087569
0.003357964
-0.005532173
-0.02427858
0.01249668
0.01012738
-0.01598547
0.01327236
0.01185777
-0.01205802
-0.001012298
-0.006329421
-0.02451895
0.01527648
0.01018476
-0.004064525
0.01624583
0.01463433
-0.001661085
-0.01256275
-0.0167059
-0.06476005
-0.07580656
-0.05140911
-0.02368952
0.01858241
0.03283289
0.03893561
0.03074914
0.01216479
0.01523095
-0.007544588
-0.01548015
-0.0004708261
-0.002523042
0.0101107
0.02296475
0.02508126
0.0226302
0.01984969
0.01572684
0.01080329
0.003954998
-0.007606721
-0.006535744
-0.009963993
-0.03710724
-0.04140454
-0.03200222
-0.04236649
-0.0430122
-0.006491159
0.0350085
0.03191477
0.005963865
-0.007011629
0.01918189
0.04025399
0.04771214
0.03608405
0.004974971
-0.02748051
-0.0297083
0.01144145
0.02740536
-0.009261721
-0.02268403
0.004770166
-0.0008960671
-0.001839704
0.0008325537
-0.002361212
0.006811497
0.01615658
0.02984176
0.01292082
-0.006421609
-0.0109771
-0.02619058
-0.01434856
-0.01068797
-0.02680823
-0.02043751
-0.003435328
-0.009751371
-0.03487622
-0.06154943
-0.06356108
-0.04994226
-0.03265349
-0.01708648
-0.01731111
-0.02435648
-0.02331429
0.001019609
0.02992616
0.04943748
0.05884979
0.03408087
-0.01406034
-0.01333845
0.01298442
0.02106356
0.02965474
0.03011651
0.003650279
-0.02094629
-0.01273151
0.01080876
0.01013322
-0.01131565
-0.006508709
0.02279965
0.04202429
0.04453622
0.02822609
-0.006004424
-0.06625718
-0.134212
-0.1408811
-0.1107292
-0.1042862
-0.1037195
-0.06011074
0.013028
0.07873908
0.1132422
0.1073177
0.07815553
0.04253266
0.04129603
0.05053072
0.04851786
0.03421196
-0.01560116
-0.05678509
-0.06412848
-0.0598806
-0.03433308
-0.02567268
-0.03707263
-0.0299504
0.007527024
0.04766562
0.03957556
0.0240344
0.009809027
-0.01748357
-0.0101849
-0.007907704
-0.05149073
-0.08022255
-0.06505053
-0.01536986
0.01127104
-0.04258544
-0.1103047
-0.1324596
-0.1353804
-0.1108662
-0.06566643
0.014859
0.1170605
0.1708721
0.1664386
0.1481281
0.1386518
0.1419316
0.1160241
0.06989914
0.04173538
0.01258325
-0.008658798
-0.037457
-0.05311149
-0.0488158
-0.03399984
-0.0255191
-0.006581326
0.03153245
0.02451122
0.01179634
0.006654966
-0.005834494
-0.009470358
-0.0376566
-0.07075619
-0.05568935
0.004684875
0.003775453
-0.01942505
-0.01176954
-0.02811361
-0.04691282
-0.04073122
-0.01065612
-0.0134393
-0.02779439
-0.003991277
0.01051963
0.01962861
0.02504417
0.01835233
-0.002582794
-0.01487648
0.002895345
-0.00522145
-0.001240028
-0.00246673
-0.01886695
0.005370637
0.03026103
0.02539699
0.007290295
0.006379775
0.03744013
0.06120544
0.06070087
0.04970254
0.03819421
0.03764883
0.03578357
0.05139498
0.04302619
0.006989904
0.01531851
0.01765869
-0.002589026
-0.03078051
-0.06002667
-0.06328527
-0.05288915
-0.03983491
-0.01969983
-0.007452406
-0.00837931
-0.01067608
0.01174788
0.02915852
0.01782149
0.01307875
0.02751507
0.02843231
-0.004397159
-0.01808939
-0.01341142
-0.01604991
-0.03593559
-0.04492767
-0.0242347
0.003066858
-0.01845797
-0.0212505
0.02723848
0.03575571
0.02763367
0.01131592
-0.003559541
-0.009517149
0.01042304
0.03188201
0.04325929
0.03838491
-0.001139889
-0.04712741
-0.06959068
-0.06233727
-0.0508682
-0.05255305
-0.05482339
-0.05041375
-0.04921813
-0.02695952
-0.006870449
-0.01031788
0.001609147
0.03045797
0.04859475
0.05859397
0.04892351
0.006350903
-0.03343812
-0.02923047
-0.007782789
0.0004507949
0.005953836
0.01543182
0.01400293
0.003048266
-0.01608272
-0.03006169
-0.01327441
0.02770116
0.05179266
0.0516459
0.03672647
-0.02109823
-0.06232754
-0.03531579
0.03339764
0.08076858
0.078286
0.06300651
0.03497496
-0.01901864
-0.06652198
-0.07940246
-0.05852908
-0.03350024
-0.02712516
-0.01272267
0.03656992
0.03666996
0.03157207
0.04121115
0.03080416
0.03300844
0.02378363
0.02095829
0.02656733
0.05131259
0.07094255
0.07556116
0.07138024
0.06088245
0.03345469
-0.003814019
-0.01502888
-0.01337745
-0.01214219
-0.01747982
-0.0459796
-0.05919775
-0.01295704
7.756782e-05
-0.02770313
-0.03617318
-0.04780218
-0.06222496
-0.05098964
-0.02822527
0.001918807
0.01818374
0.004852349
-0.01878512
-0.0340637
-0.01501927
0.01439753
0.01480859
-0.0004577568
-0.02393918
-0.04289385
-0.03364042
-0.02524277
-0.02455938
-0.01374127
-0.002162251
0.0002683905
0.00376697
-0.01587825
-0.04157106
-0.04500542
-0.03563165
-0.0146768
0.01613329
0.05246361
0.07752803
0.09645818
0.09754853
0.08731788
0.07001556
0.04698597
0.03752746
0.03496415
0.007823944
-0.03955817
-0.06161164
-0.07468504
-0.0595483
-0.01129012
0.01030424
0.02251358
0.05633773
0.06430998
0.04612128
0.04143635
0.04712787
0.05813666
0.06186774
0.05233475
0.03919605
0.02417035
0.003064427
-0.0134209
-0.01998468
-0.01352613
-0.00529686
-0.02149761
-0.04490568
-0.04172542
-0.02306563
-0.01446101
-0.00822687
-0.01167253
-0.01996931
-0.02563348
-0.04305518
-0.05005147
-0.0275871
-0.006216169
-0.009723042
-0.01813917
0.00836133
0.04148877
0.03062055
-0.01342724
-0.04791968
-0.05658573
-0.04973349
-0.02538928
-0.004658927
0.004017064
0.003621174
-0.0002804582
0.004981588
0.004431673
-0.01330014
-0.01325438
0.01041356
0.02776872
0.04017484
0.03211057
0.0002792881
-0.02508418
-0.01665403
-0.009312215
-0.02400139
-0.04045312
-0.06274741
-0.08080666
-0.08868123
-0.0753612
-0.034033
0.01882834
0.04548588
0.05000635
0.05446155
0.06797127
0.08236944
0.06966415
0.04262072
0.03391077
0.02955417
0.006254141
-0.01532005
-0.01538347
0.006635092
0.03562739
0.04700837
0.04623095
0.03473129
0.0191455
0.01536214
0.02193483
0.0388391
0.04775474
0.04125919
0.01785816
-0.01367738
-0.04266189
-0.04977862
-0.0346461
-0.02273066
-0.01638748
-0.02188242
-0.02781188
-0.01409002
-0.002520362
-0.01386399
-0.02100113
-0.01610432
-0.02859034
-0.05477701
-0.06173872
-0.04738447
-0.0393379
-0.03635666
-0.01049273
-0.002882729
-0.01988736
-0.009086802
-0.00586382
-0.01552242
-0.004095581
0.01151122
0.02324099
0.04012585
0.04845597
0.05167384
0.04484675
0.04291669
0.03520424
0.01864941
0.02189278
0.02334707
0.02071115
0.03649134
0.05161158
0.03094207
0.01652719
0.007522396
-0.01225156
-0.02062498
-0.009883603
0.001510577
-0.0001461453
-0.005635008
-0.01305881
-0.01996956
-0.01761054
-0.008948949
-0.01605146
-0.01505312
0.002020406
0.008006536
0.004712704
0.01823765
0.01677574
-0.009007053
-0.02341277
-0.02242872
-0.009628999
-0.01454872
-0.02553539
-0.03145369
-0.02867649
-0.01878989
-0.01417057
-0.02010723
-0.03401825
-0.04347392
-0.05700346
-0.06617557
-0.02148861
0.01962732
0.04651629
0.06291966
0.0563863
0.04066783
0.02630596
0.05004925
0.07037553
0.05330352
0.01806327
-0.006267062
-0.01997614
-0.03046099
-0.03507167
-0.02976182
-0.02554134
-0.02686456
-0.04096021
-0.04329833
-0.01600443
0.0004264666
-0.006741354
0.001420404
0.02267794
0.02649756
0.01199084
-0.005837007
-0.01210519
0.004247163
0.03094028
0.03930297
0.03512578
0.0237066
-0.0005054308
-0.0104446
-0.008529328
-0.004587318
-0.001705088
-0.01263162
-0.03205679
-0.05951854
-0.06735958
-0.05547891
-0.04133078
-0.01181431
0.00905051
-0.0116313
-0.01328502
0.005597944
0.004555208
0.005623871
0.01642027
0.01784593
0.008020998
-0.004501842
-0.0147103
0.003890119
0.02535062
0.02296964
0.002943677
-0.006760904
0.01015957
0.03284407
0.04251337
0.04680522
0.03776058
0.02548254
0.04389425
0.05369615
0.04565518
0.0373021
0.01728633
0.001985006
0.002139739
-0.005925708
-0.005496595
-0.004435083
-0.01084507
-0.01609022
-0.03044907
-0.0452506
-0.03052415
-0.005462037
-0.004821787
-0.01389296
-0.01857609
-0.003503859
0.007606689
0.006356878
-0.01469215
-0.02790555
-0.02172568
-0.02824991
-0.0309063
-0.02223356
-0.01738479
-0.0319966
-0.047403
-0.03472369
-0.01613655
-0.0002044635
0.01823988
0.01850885
0.008857291
0.01114177
0.0161109
0.02065264
0.02285655
0.02287561
0.03085577
0.04115235
0.05098076
0.04145364
0.01419076
0.001444526
0.01571911
0.03113915
0.005357312
-0.03292667
-0.04191114
-0.02961638
-0.02224924
-0.02424672
-0.01677452
-0.0100663
-0.00853662
-0.01257614
-0.03197992
-0.03810942
-0.01151426
0.02291858
0.05785326
0.07842532
0.07410122
0.04847442
0.02156446
0.0212153
0.02629866
0.01821382
0.003742759
0.004654318
0.01208164
0.01770152
0.02225754
0.02293245
0.02064019
0.008564094
0.004921352
-0.002198569
0.00148229
0.02573145
0.02323417
-0.007698673
-0.04056033
-0.05627987
-0.05676674
-0.03614674
-0.006639479
0.00177316
0.002562318
-0.004110842
-0.02185304
-0.02773774
-0.02534616
-0.03154197
-0.03185441
-0.01350697
0.0001188911
-0.02113925
-0.04516669
-0.02744961
0.003111309
0.003045708
0.001457248
0.01352863
0.01018271
-0.001922973
-0.01870637
-0.03772153
-0.03368979
-0.02256293
-0.02327929
-0.01740747
-0.003999891
0.00738401
0.0007118706
-0.01880717
-0.02598931
-0.008172266
0.01521805
0.0184236
0.01841308
0.02026304
0.01102152
-0.006200475
-0.03174669
-0.04723673
-0.04121599
-0.02080814
0.01231094
0.02503716
0.005756804
-0.01220469
-0.01945721
-0.02157096
-0.03236084
-0.03295684
-0.004859212
0.01313123
0.02016076
0.02893346
0.04363951
0.07053455
0.09787738
0.1053904
0.08498804
0.06561078
0.05323888
0.03697059
0.016862
-0.006120952
-0.0187764
-0.01698968
-0.006377908
-0.0015832
-0.02735993
-0.06230136
-0.08864828
-0.09930453
-0.0976096
-0.0651331
-0.03177227
-0.02959998
-0.02708905
-0.03721694
-0.03549651
-0.008288314
0.04061528
0.08141395
0.09027235
0.07836047
0.06809591
0.06422266
0.07448865
0.06958419
0.03348711
0.003342744
-0.009729881
0.004110196
-0.002862827
-0.02247161
-0.04058711
-0.02424804
0.04015446
0.076764
0.06582419
0.03430896
0.02416986
0.02259366
0.023187
0.03583878
0.0326367
-0.00588696
-0.0474237
-0.06729461
-0.07202159
-0.06170663
-0.06258413
-0.06587596
-0.04781716
-0.01356381
0.01146567
0.02837085
0.02888158
0.009961308
-0.01107241
-0.03491622
-0.03454115
-0.03007588
-0.02216607
-0.02115656
-0.03397213
-0.0417081
-0.02944595
-0.009829605
-0.02043381
-0.0421193
-0.05708503
-0.06337259
-0.06740188
-0.06704721
-0.05215753
-0.02913336
-0.01180691
0.01154061
0.01879456
0.0009198022
-0.00857362
-0.006584903
0.009454315
0.02821489
0.04060353
0.05136221
0.04190653
0.005557533
-0.02630754
-0.003797444
0.03865366
0.054648
0.05429378
0.04928939
0.05097211
0.05450206
0.0452361
0.02961453
0.02672052
0.04042904
0.04157627
0.02609138
0.007898387
-0.0112483
-0.01286731
-0.003284682
0.0008552294
-0.009981519
-0.01694839
-0.02428245
-0.03956538
-0.05315
-0.05630615
-0.05676439
-0.05386072
-0.03191364
-0.008258068
-0.007317889
-0.01991515
-0.03116601
-0.01001963
0.03712655
0.05345445
0.04165483
0.01973171
-0.001131627
-0.01133392
-0.03239922
-0.02889067
0.005217869
0.01609387
0.01842942
0.01004783
-0.004180404
-0.01450612
-0.01601393
-0.006919857
0.0009104327
0.0100861
0.03316233
0.05592849
0.06193196
0.06534361
0.07430712
0.08344813
0.04707264
0.004226273
0.005632609
0.008133408
-0.005963234
-0.02931637
-0.05380579
-0.07172946
-0.08368003
-0.09001651
-0.09510758
-0.09507312
-0.05591148
-0.0110817
0.009298686
0.009637091
0.01885256
0.03436856
0.05523753
0.0657535
0.04464845
0.02840982
0.002207831
-0.01063522
-0.004996886
0.02262755
0.03664722
0.01394179
0.01356417
0.0307336
0.02641266
0.0245081
0.0163285
0.0002724562
-0.009260684
0.006641916
0.04267218
0.0609728
0.04439452
0.02521014
0.04171863
0.03699275
0.03708944
0.04881208
0.05067745
0.03735706
0.003337807
-0.03168206
-0.03150275
-0.008836523
-0.005259591
0.002781881
0.01434949
0.01397699
-0.001102897
-0.005229001
0.005110535
0.005203152
0.00121781
-0.005482772
-0.01960283
-0.03313129
-0.05260635
-0.0692407
-0.08302518
-0.08284893
-0.04355872
-0.02438597
-0.02968405
-0.0338642
-0.03759249
-0.02447243
-0.007952698
-0.008426169
-0.02348972
-0.03447327
-0.03015885
-0.008712521
0.007635853
0.008091608
0.004419423
0.00886746
0.01582674
0.02541251
0.03703829
0.03972071
0.03376373
0.02536895
0.01908966
0.0157347
0.01265616
0.01988677
0.03273349
0.0437228
0.05070249
0.04575735
0.03200656
0.007212233
-0.02241384
-0.02621962
-0.01575255
-0.02352512
-0.03807048
-0.05059421
-0.06620649
-0.0693554
-0.05134746
-0.03465328
-0.01946156
-0.02214024
-0.03770152
-0.0591074
-0.05830379
-0.03296206
-0.006405492
0.01500109
0.02440534
0.02384623
0.02819433
0.02059314
-0.01059147
-0.03561222
-0.03281553
-0.005865234
0.006679598
0.009941412
-0.001255273
-0.02223376
-0.01041822
-0.0007304035
0.0008249547
0.02415833
0.04572201
0.05100853
0.03572982
0.02533792
0.03839786
0.04734109
0.02469695
0.002972859
0.005178986
-0.004218405
0.001372084
0.04321541
0.04077544
0.0197011
0.01746615
0.01097168
0.0182462
0.02810029
0.02777989
0.03019206
0.02443302
0.0128151
0.004456082
-0.002848257
-0.01295658
-0.01844327
-0.01981223
-0.02995522
-0.02170966
-0.01220643
-0.01959951
-0.007524858
0.001726431
-0.02849016
-0.05317631
-0.04404844
-0.02013158
0.00462881
0.02835696
0.02842622
-0.0008968441
-0.006857826
0.02416843
0.06420129
0.09700032
0.09181045
0.03908655
-0.004348203
-0.01301422
-0.01178215
-0.007981729
0.0006494172
-0.007453555
-0.03346671
-0.05120664
-0.05680245
-0.05854877
-0.03655154
-0.02028977
-0.02820608
-0.01819384
-0.006119166
-0.002118809
-0.007482051
-0.03331159
-0.04992441
-0.05462261
-0.04041511
-0.02897385
-0.03687994
-0.04814898
-0.04754215
-0.01324371
0.02101802
0.04741146
0.05761853
0.04762756
0.04132798
0.04179813
0.04512734
0.04813831
0.03633889
0.03411012
0.03428958
0.0155868
0.009866578
0.01038672
-3.26421e-05
-0.002244061
-0.0004336184
-0.005376595
-0.01209233
-0.02031053
-0.01328992
-0.007140393
-0.01471394
-0.0212063
-0.009524287
0.001480445
0.01124486
0.02897649
0.04246288
0.02558286
0.007601233
0.02936391
0.04659983
0.04395798
0.02730338
0.02059786
0.01010509
-0.01006443
-0.01994725
-0.01975042
-0.02811956
-0.04440899
-0.05033012
-0.04595742
-0.04239255
-0.01410492
0.03215103
0.03905028
0.02607177
0.01959781
0.02077486
0.0157289
0.0137919
0.03703869
0.05265181
0.03676529
0.01197723
-0.004311167
-0.02764776
-0.05548358
-0.04464406
0.002475847
0.02345723
0.01476376
-0.001714352
-0.0325816
-0.06325403
-0.07374066
-0.06357637
-0.03688604
-0.0308864
-0.05138739
-0.04650873
-0.01406356
0.01974332
0.03599192
0.03403759
0.02685475
0.004235237
-0.02291512
-0.005837258
0.002453306
-0.009084929
-0.009699983
-0.006076936
-0.02046199
-0.0519249
-0.06897929
-0.05591104
0.01280943
0.04097368
0.0322527
0.04583197
0.06454388
0.05796388
0.02537286
-0.0005810221
-0.005263823
0.009686336
0.03467738
0.05571592
0.04967958
0.02875838
0.03370031
0.05856793
0.04357498
-0.00166199
-0.01264328
-0.005955113
-0.009932062
-0.01996985
-0.03527492
-0.05830648
-0.07811893
-0.08413385
-0.04771368
0.0005864146
-0.01464011
-0.06147847
-0.06783813
-0.02320799
0.005250052
0.02096931
0.03146006
2.982119e-05
-0.04550089
-0.05679123
-0.03107902
0.01105417
0.02718857
0.01864102
0.006772355
-0.0001462534
0.01460504
0.04764289
0.06015732
0.04070598
0.01339962
0.002142954
0.002209312
0.00604457
0.01342331
-0.00834241
-0.02584963
-0.001035006
0.0298068
0.0381066
0.01194163
-0.02381747
-0.01601236
-0.002177013
-0.01282778
-0.009164896
0.01870361
0.04022365
0.04388654
0.04623363
0.057265
0.07016502
0.07185115
0.03600639
-0.008213589
-0.02075645
-0.01993425
-0.001500732
0.007741569
-0.02070513
-0.04851228
-0.04726372
-0.01733786
-0.008228153
-0.01221015
-0.001620419
0.002432129
0.01191822
0.01974273
0.007427338
-0.00310305
-0.003361018
-0.007217544
-0.00956141
-0.01770601
-0.03457366
-0.06267252
-0.0892322
-0.09516035
-0.07672783
-0.05479875
-0.04814008
-0.04357038
-0.04780532
-0.043663
-0.02378921
-0.0006697887
0.02017402
0.0322907
0.03509173
0.0333201
0.04081517
0.0350176
0.01392513
0.006987203
0.02255966
0.02529439
0.006666244
-0.0002808603
-0.0009447641
0.01006625
0.02323355
0.03261971
0.03318593
0.01567877
0.005081089
0.01207433
0.03351485
0.05458716
0.06680585
0.07326158
0.06867577
0.05856056
0.04629111
0.02711932
0.001356285
-0.01872942
-0.02983607
-0.03790822
-0.04388529
-0.03886778
-0.03406548
-0.05360753
-0.06032409
-0.01692092
0.01965234
0.01132724
0.005509297
0.01100928
0.001844717
-0.01032578
0.0003435599
-0.004831777
-0.02397193
-0.02142587
-0.01213352
-0.01898676
-0.004994253
0.02565485
0.01182176
-0.003610689
0.00292664
0.00933647
-0.002627978
-0.01154875
-0.01175667
-0.01222266
-0.01329351
-0.02004575
-0.002028317
-0.006740561
-0.02475462
-0.01044183
0.002325672
0.01038689
0.02263317
0.02930209
0.02835263
0.03086913
0.02673626
0.02276352
0.01450067
-0.00829515
-0.0416041
-0.05795862
-0.04699957
-0.04080902
-0.03918603
-0.03001708
-0.01006571
0.01673802
0.02543165
0.0257113
0.01597455
0.0106799
0.02170628
0.02452165
0.02282557
0.0310245
0.04066266
0.02235588
0.01698576
0.01528662
-0.009525724
-0.03584358
-0.03550374
-0.0122649
0.01538646
0.03474624
0.03951391
0.02288707
-0.009529365
-0.02964358
-0.02261865
-0.01961049
-0.03335786
-0.04343323
-0.04438878
-0.02893253
-0.01592122
-0.01690533
-0.0154445
0.008741931
0.01222542
-0.001105784
-0.00919623
-0.0227549
-0.0146304
0.004055174
0.004730611
-0.005207052
-0.01076075
-0.006326617
0.004431521
0.01208784
0.01636592
0.0202054
0.0284574
0.03236012
0.01870456
-0.002566312
-0.01642485
-0.007111025
0.005439259
0.0266575
0.04606627
0.06443768
0.05595456
0.02971425
0.03596808
0.03307556
0.01152521
-0.01694992
-0.02553811
-0.01401802
-0.005274365
-0.009286833
-0.007049761
0.001523552
0.008612766
0.01598758
0.02150599
0.006933467
-0.02302984
-0.03683226
-0.03116798
-0.02347085
-0.02116135
-0.01660479
-0.01054577
0.003710984
0.01380308
0.01540164
0.01062112
0.0009905044
-0.005233314
-0.006712092
-0.00767577
-0.004953167
-0.005866864
-0.0103424
-0.001781316
0.008278149
0.01301321
0.006523179
-0.005798195
-0.01110197
0.002458138
0.008704845
0.000793953
0.004115301
0.01297627
0.02105286
0.03164171
0.04058632
0.03290595
0.00829154
-0.01364639
-0.02896758
-0.0321681
-0.01927813
-0.02052026
-0.03877905
-0.04738353
-0.0481483
-0.04708216
-0.04739201
-0.05177878
-0.02911314
-0.001396443
0.009662633
0.01273205
0.004469267
0.0005884043
-0.002669238
-0.0043061
0.006862119
0.0149071
0.01607626
0.01892434
0.0237757
0.02504176
0.01164736
-0.002171362
0.0009796598
0.009955902
0.004132963
-0.001365614
-0.003547152
0.003553311
0.01173803
0.01448922
0.03163566
0.04931964
0.05249107
0.05195785
0.05126144
0.052196
0.05053365
0.03954136
0.03113272
0.02686835
0.02032121
0.01470126
0.00873043
-0.01021174
-0.01861935
-0.009376888
-0.004730539
-0.02137057
-0.0486288
-0.06087874
-0.05088148
-0.03364425
-0.03303812
-0.03941695
-0.0449706
-0.04211333
-0.03750982
-0.03543591
-0.02464712
-0.01112065
0.002760779
0.01539781
0.0241415
0.03091659
0.03060167
0.01796922
0.009556512
0.0164693
0.02171644
0.00980513
0.0005845822
0.002928795
0.001168529
-0.004957338
-0.007863063
-0.00532607
-0.0127963
-0.02899058
-0.03274189
-0.01864013
-0.00107038
0.001001495
0.002394049
0.009819905
0.01185098
0.01334553
0.01768181
0.01750356
0.004873159
-0.002097265
0.00244097
0.004550585
-0.0002084788
-0.002014643
-0.0001559476
-0.002840332
-0.01123468
-0.02572046
-0.03114762
-0.03727757
-0.04286487
-0.03993008
-0.0351297
-0.02277724
-0.01497399
-0.01006651
-0.001774676
0.00150794
0.006375636
0.02206655
0.04394785
0.05546084
0.05891176
0.05064696
0.01769305
-0.002789311
0.01433062
0.02295804
0.01239926
-0.0008666068
0.001235869
0.0176571
0.02186588
0.009527196
-0.01786975
-0.04139681
-0.04779705
-0.03982448
-0.02675088
-0.01544801
-0.009265535
0.00266668
0.01393589
0.02686873
0.04095518
0.03040048
0.01675619
0.01726237
0.01836728
0.0177994
0.009224512
-0.002375694
-0.0058975
0.0007082735
0.01491407
0.02600172
0.02463007
-0.003342153
-0.03572384
-0.04666513
-0.04795721
-0.04101076
-0.02798715
-0.01463816
-0.007251066
-0.003568615
-0.006392743
0.003036388
0.02171284
0.02522903
0.02151036
0.002822171
-0.0167065
-0.02179605
-0.0155789
-0.00732481
-0.005981221
-0.009075653
-0.001611043
0.01449806
0.02860083
0.01998616
-0.01148467
-0.04336248
-0.05448126
-0.03588233
-0.02035462
-0.005090078
0.01985019
0.03589707
0.03177958
0.01844638
0.01265813
0.01618451
0.01158864
0.00297192
0.0009321628
0.007927565
0.02624395
0.03030889
0.01809667
0.01321417
0.009679095
0.005615655
0.007513095
-0.002887605
-0.02575882
-0.01917449
0.01795477
0.03847129
0.04090729
0.03044233
0.003919503
-0.0249075
-0.03794796
-0.02427055
-0.01017391
-0.006844398
-0.006655464
-0.01558941
-0.02554642
-0.02762494
-0.02370995
-0.02433294
-0.02818321
-0.02184674
-0.004886966
0.005362224
0.01176295
0.01056264
0.01077197
0.01628326
0.02490249
0.03746707
0.03521412
0.02763575
0.02260125
0.01880096
0.01588092
0.003859424
-0.01349157
-0.02254181
-0.01906339
-0.008101228
-0.004876786
-0.01157185
-0.01601475
-0.01337783
-0.01657123
-0.02202087
-0.02743379
-0.02996114
-0.0261145
-0.02810023
-0.01518783
0.01684446
0.03642969
0.03685015
0.03290602
0.02879155
0.0237601
0.01602055
0.01640938
0.01425535
0.0003784571
-0.01414512
-0.01739565
-0.01124076
-0.01613962
-0.01762657
-0.01071689
-0.01294845
-0.02565642
-0.03501574
-0.0327032
-0.01945422
-0.008070825
-0.003589766
0.002570211
0.002576528
-0.009315457
-0.007149801
0.003985733
0.002574247
0.005182579
0.009686072
0.004591363
0.002100713
-0.004138437
-0.01183619
-0.01382704
-0.02293341
-0.03145737
-0.02910608
-0.01559498
-0.006469875
-0.002853792
0.00986069
0.01641845
0.00353705
-0.00814687
0.002218548
0.01758196
0.02412646
0.02607688
0.02342607
0.02893016
0.0284999
0.01558993
0.01071042
0.01020671
0.005902478
0.003834086
0.007153333
-0.0002629214
-0.01147562
-0.01524537
-0.00569393
0.01784783
0.02888439
0.01824493
0.006219291
0.003864269
0.007743486
0.005628162
-0.003055964
-0.00108211
0.008586623
0.01688651
0.03002324
0.03703283
0.02695844
0.02204729
0.02842855
0.03027694
0.02405406
0.01375935
0.01030985
0.005704688
-0.01077633
-0.01823443
-0.01613412
-0.01483552
-0.01616343
-0.02630311
-0.03252498
-0.03314399
-0.03282868
-0.02274891
-0.009728483
-0.004317255
-0.003148211
-0.002067907
0.004647896
0.009046257
0.0003590379
-0.007996683
-0.0100794
-0.01143487
-0.01334215
-0.01814318
-0.01078377
0.005440465
0.01361894
0.01468392
0.01363751
0.005214458
-0.01594126
-0.02360747
-0.02100229
-0.02594103
-0.02709557
-0.02141713
-0.01041939
0.003403741
0.01995538
0.02918647
0.02889892
0.02382247
0.01441408
0.008810286
0.007634313
0.006222717
0.00380336
0.002481522
-0.0001071573
-0.001316798
0.007086039
0.02012477
0.01578373
0.002937923
-0.002532266
-0.008378835
-0.01608793
-0.02533518
-0.02858075
-0.01801961
0.000319033
0.005767933
0.005545634
0.005600772
0.007180808
0.01376802
0.01062852
0.01227995
0.005504139
-0.01411449
-0.01446022
0.004318021
0.01577266
0.02273115
0.02882467
0.01798823
0.006707065
0.002061001
0.006403176
0.01306789
0.009204159
-0.007327971
-0.02027378
-0.01655382
-0.01274919
-0.008777289
-0.008087749
-0.01004511
-0.006578111
0.0005945447
0.004485859
0.008485292
0.01171156
0.002920192
-0.0121401
-0.02902721
-0.04026557
-0.03495035
-0.01850897
-0.00899645
-0.004881773
0.005284561
0.01428503
0.01794785
0.01966143
0.006615623
-0.01736867
-0.03020743
-0.0226625
-0.01172608
-0.01040113
-0.002652209
0.01104433
0.01226728
-0.00689957
-0.02137646
-0.02485775
-0.02214765
-0.01168452
0.004446737
0.0101587
0.002519874
-0.00644087
-0.01310458
-0.007445663
0.003530506
0.003309114
0.0006570595
0.003622143
0.002658185
0.008036585
0.01839258
0.01883724
0.01401257
0.01051798
0.01152567
0.0169214
0.01566979
0.01637861
0.02083083
0.02395705
0.02468627
0.01575813
0.01372212
0.01575795
0.01455936
0.009245067
-0.002452388
-0.01004537
-0.001943605
0.007993133
0.00630391
-0.007733436
-0.0157844
-0.007196114
0.002280593
0.01058226
0.006489901
3.930261e-05
-0.002115059
-0.003018902
-0.004801988
-0.002811076
0.008410834
0.01307516
0.005427067
-0.00887959
-0.01488651
-0.01462655
-0.01797331
-0.02425564
-0.03016567
-0.02873272
-0.02129503
-0.01600139
-0.01543035
-0.01601191
-0.01447493
-0.01137225
-0.009961762
-0.01348603
-0.02111172
-0.02372004
-0.02098049
-0.01761875
-0.01140815
-0.006749998
-0.008590264
-0.01616293
-0.021461
-0.01549114
-0.002195635
0.009036406
0.01164434
0.005105941
0.003381935
0.006930306
0.008079635
0.01090278
0.01509782
0.01838609
0.01834608
0.01480034
0.01375869
0.01393493
0.01782905
0.02143656
0.02037348
0.02129226
0.01591356
0.006119277
0.00307025
0.00614734
0.01255167
0.01453633
0.01282757
0.01334037
0.01961617
0.02360214
0.02244075
0.02110758
0.01908209
0.01340175
0.004246521
0.003044848
0.01149967
0.01934964
0.01664401
0.01109406
0.005248021
0.002413481
0.001381829
0.002945996
0.004648428
-0.002900656
-0.01020781
-0.01264033
-0.01066684
-0.00790024
-0.005504891
-0.00281162
-0.001547767
-0.001910631
-0.002067729
-0.0001907939
0.005298327
0.009767134
0.006914135
0.009632312
0.01215992
0.01073477
0.003636125
-0.01050136
-0.01821888
-0.02003255
-0.01247363
-0.001439477
0.005942344
0.0108177
0.007336591
-0.002231979
-0.01024168
-0.01238229
-0.01125024
-0.01369275
-0.01894834
-0.01990245
-0.02066519
-0.02640148
-0.03180062
-0.02763632
-0.0156132
-0.00992045
-0.01247884
-0.01481875
-0.0103016
0.0005991972
0.01079551
0.01890488
0.01905066
0.01356776
0.01321895
0.01483093
0.01708075
0.01593152
0.01404993
0.0145116
0.01135915
0.009025227
0.007442625
0.0004876706
-0.00523226
-0.004630323
-0.003608867
-0.006290794
-0.008724608
-0.005026034
0.002880903
0.009312535
0.007608719
-2.821052e-05
-0.007677535
-0.01518731
-0.01522628
-0.005451914
0.004526991
0.005968396
0.008585632
0.01158919
0.01001016
0.005196872
-0.00135459
-0.004796351
-0.007458686
-0.009690742
-0.007427122
-0.005306272
-0.008257923
-0.009804706
-0.007744981
-0.005222576
-0.003367987
-0.0008527585
-0.0002352809
-0.001620104
-0.001708239
-0.002970189
-0.003219558
-0.0007365907
-0.0001733034
-0.001413943
-0.0002271702
0.001315779
0.00179958
0.001890602
0.0006826644
0.0001828723
0.0002102386
0.001284515
0.001457496
0.0006474254
0.0004655713
-0.0001721126
-0.000964647
-0.001419565
-0.0002150241
0.00138669
0.004447225
0.006619045
0.005344132
0.004550316
0.002520601
-0.0005746721
-0.002415646
-0.00275074
-0.002881328
-0.001926319
-0.0004071584
0.001205934
0.003862994
0.003691337
0.002819511
0.002260206
0.000714236
-0.000824642
-0.001311665
-4.269692e-05
0.001678311
0.002947444
0.003826693
0.003355221
0.002474423
0.002795088
0.003180145
0.003017716
0.0006692231
-0.00177229
-0.001792956
-0.00163075
-0.003189979
-0.004610137
-0.005244534
-0.00533886
-0.004914808
-0.005434699
-0.006217512
-0.006416981
-0.006073043
-0.005497339
-0.00520836
-0.004865737
-0.004392933
-0.004032677
-0.002795368
-0.001852244
-0.001402718
-0.0006576097
9.570573e-05
0.0007616739
0.001261009
0.001206325
0.0008537073
0.001080166
0.001755681
0.002624023
0.002782
0.002291628
0.001927477
0.001883641
0.002048102
0.001659289
0.001465397
0.001268375
0.000843246
0.0004307119
-2.405662e-06
-0.000108487
3.253642e-05
0.0001487463
8.795545e-05
0.0003522316
0.000608835
0.000555936
0.000334252
0.0003418568
0.0004093968
0.0007058317
0.0006255816
0.0002428323
1.755214e-05
-6.429571e-05
-0.0001323423
-0.0003532916
-0.0002996573
-0.0001923061
-8.93981e-05
-3.052905e-05
-9.598434e-05
-0.0002187042
-0.0003363611
-0.0002592804
-8.66664e-05
-3.053659e-05
-2.611548e-05
1.334747e-05
0.0001215042
0.0001911826
0.0002266645
0.0002496288
0.0003118116
0.0003779199
0.0003952001
0.0003786449
0.0003853614
0.0003923125
0.0003869437
0.0003809657
0.0003707516
0.0003810721
0.0003846316
0.0003809569
0.0003802123
0.0003844722
0.0003938241
0.0003996563
0.0004033239
0.0004057414
0.0004057948
