7.492347e-06
8.832984e-06
8.320755e-06
7.64855e-06
4.145563e-06
-2.033692e-06
-1.144892e-06
1.001449e-05
3.949931e-05
4.228183e-05
2.295762e-05
3.726531e-05
6.595694e-05
8.174987e-05
9.024059e-05
9.891655e-05
0.0001083329
0.0001183766
0.0001274839
0.0001392328
0.0001473479
0.000136876
-1.991223e-05
-0.0001853272
-0.0001644116
-0.0001796839
-0.0001728895
-0.0001886319
-0.0001817102
-0.000198518
-0.0001893343
-0.0001214271
0.000293266
0.0004783391
7.798503e-05
-0.0002717582
-0.0001649978
-0.0003180432
6.615473e-05
0.0006141747
0.0006156906
0.0005972262
0.0005523444
1.560653e-05
-0.0006329391
-0.0004855836
-0.0004260593
0.0004860542
0.000840624
0.0002943065
-0.0006737417
-0.0006926406
-0.0006356321
-0.0006598758
-0.0006368258
-0.0006597417
-0.0006276002
3.685996e-05
0.0009575081
-0.0006212473
-0.0008412633
-0.0007249271
-0.0007454044
-0.0007374538
-0.0007179385
-0.0007325841
-0.0006967677
-0.0007235869
-0.0006775327
-0.0007131118
-0.0006096772
-8.930119e-05
0.0007379325
0.000161263
0.0001207157
-0.0001209639
-0.0003029733
-0.0008679675
-0.0008731409
-0.0008595741
-0.0008017763
-0.0007187731
0.0002862139
0.0008956904
-0.0001251945
-0.0005067387
0.0009145174
0.001552637
0.002275378
0.0006246453
-0.001112116
-0.001328258
-0.00116331
-0.001183994
-0.0009321683
0.0002888359
0.0009521641
0.000403972
-0.001047816
-0.003196452
-0.00303997
-0.00257171
5.498698e-05
0.001472702
0.0009657773
0.001076393
0.001125413
0.0025416
0.002967159
0.002660279
0.002681312
0.002493246
0.002493453
0.002340303
0.003040876
0.003721608
0.00416616
0.002720937
0.00265798
0.001229437
-0.001105508
-0.0003757203
-0.0008091538
-0.001181986
-0.003692604
-0.005004508
-0.004754509
-0.003732937
-0.001775966
1.660087e-05
0.001709436
0.002028217
0.001249605
0.002017373
0.001772185
0.001799695
0.002430756
0.003503268
0.001536694
0.000721175
0.000805795
0.001362289
0.0001887508
-0.001680931
-0.004459554
-0.004880699
-0.001083224
0.002417132
0.00384635
0.003225218
0.001390327
-0.0002261578
-0.0006231558
-0.001400198
-0.0006266991
0.001094992
0.003241086
0.002997329
0.002869422
0.002703816
0.002963611
0.004233117
0.003089481
0.0006863551
-0.0007812764
-0.002399478
-0.001401999
7.542568e-05
0.0009374678
0.000163664
-0.002531263
-0.004771087
-0.00461691
-0.004331762
-0.003085343
0.0004206877
0.002170799
0.0006856889
0.0002172585
0.002789312
0.003438873
0.001688687
0.001556996
-8.297874e-05
-0.0008250037
-0.0005838087
-0.0005855622
0.0001847696
0.001001797
-0.0005955915
-0.003409579
-0.002721023
-0.002897718
-0.003236192
-0.003979544
-0.002057018
-0.0007356149
0.001793117
0.001959197
0.001840999
0.001787055
0.003476287
0.005184978
0.002912691
0.001276096
0.0007480396
0.0006958995
-0.002053549
-0.003891734
-0.003212162
-0.003372526
-0.003052025
-0.003181808
-0.003234886
-0.005340631
-0.004092945
-0.001957117
-0.001139172
0.00159589
-0.001466666
-0.002076014
-5.323585e-05
0.001207121
1.069195e-05
-0.0005409661
-0.0007431238
-0.002417998
-0.002472583
-0.00229055
-0.001905987
-1.552888e-05
0.002210988
0.002205954
0.001901206
-7.030867e-05
-0.002632408
-0.001696388
-0.0002898362
-0.0003556226
-0.002030907
-0.002192397
-0.00198608
-0.001963532
-0.001828578
-0.001701957
-0.0004726384
-0.0001963612
-0.001809013
-0.0009264818
0.0005832508
-0.0004732876
-0.001738453
-0.001408701
-0.001357864
-0.0006363324
0.0009065863
-0.0003577072
-0.001427804
-0.001185491
-0.001125053
-0.001605337
-0.001411207
0.0005382457
0.00377625
0.005716412
0.006134156
0.002833882
0.002654683
0.002452581
8.433453e-05
-0.002088602
-0.0009409049
-0.0004093539
-0.001467959
-0.0001759371
0.001749394
0.002794779
0.002081938
0.001192737
0.002763525
0.002374115
0.00246825
0.002174675
0.001982728
-0.0006773217
-0.002771555
-0.004264513
-0.006644298
-0.004237343
-0.001462136
-0.001355873
-0.001229901
0.0009077852
0.002999013
0.000973958
0.001319627
0.003065327
0.002880154
0.004189792
0.004936201
0.004487438
0.004632865
0.005817402
0.005731511
0.002935562
0.001224881
0.001047401
-0.0003703723
-0.002248509
-0.00306172
-0.002759908
-0.00125029
-0.001170886
-0.001036534
-0.001374677
-0.00292836
-0.002344017
-0.001550353
0.001137039
0.002011748
0.001854337
0.001673329
0.0007834376
-0.002332561
-0.002895713
-0.002476703
-0.002517657
-0.002295318
-0.002314091
-0.00207376
-0.00153774
0.001488058
0.002670396
0.001707136
-0.0004891017
-0.002256534
-0.0005854336
0.002423543
0.002339147
0.002057304
-0.0004476617
-0.002996877
-0.004858467
-0.006887448
-0.005637903
-0.003811053
-0.001130474
-0.001156789
-0.00196469
-0.002845622
-0.0005396339
0.001300592
0.00356054
0.003582363
0.00428841
0.005643378
0.005307826
0.006348308
0.008971679
0.008277543
0.004624795
0.003478538
0.003077002
0.002682399
-0.0007435159
-0.001008275
-0.001653304
-0.003397224
-0.003988229
-0.001187314
-0.0001218455
-0.0006397444
-0.0002542238
0.0003871791
0.003492551
0.0008668579
-0.001115378
-0.0003750978
-0.0006799616
-0.0004463939
-0.0005916072
-0.000108728
0.001459137
0.003342272
0.003924873
0.003377071
0.0004507796
-0.003920211
-0.005410071
-0.004970705
-0.004066049
-0.0008166676
1.672842e-05
-0.000342366
0.0004958525
-8.430691e-05
-0.0003936154
-0.0001978421
4.108563e-05
0.002178955
0.004176984
0.004044337
0.002662279
-0.001473017
-0.004860274
-0.004949753
-0.004127221
-0.0008346596
0.001610752
0.00142233
-0.0003592927
-0.0003216987
-0.002618112
-0.004639923
-0.004113163
-0.003957822
-0.002671021
0.001018938
0.003655215
0.005144943
0.001551815
-3.630904e-05
0.0004106328
0.0002894725
0.0003735405
0.0004203415
0.0003805367
0.0004063664
0.0003576546
0.0003913426
0.0003277815
0.0003606785
0.0003140566
0.0003704306
0.0003152122
-0.001120131
-0.004011656
-0.003632111
-0.002397733
-0.000939986
-0.002340964
-0.003374887
-0.003111541
-0.001664959
0.001018124
0.002465802
0.001386919
0.001168443
-0.0002704107
-0.0008027034
0.0004788166
0.003322196
0.003819751
0.003345256
0.003350633
0.0009186566
-0.001814817
-0.003498779
-0.001926517
-0.0003074088
-0.0008611936
0.001181546
0.003506449
0.0006328023
-0.001440702
-0.001837103
-0.0053704
-0.004826431
-0.003846318
-0.0004144035
0.0003731194
0.001482077
0.001982153
-0.0006519734
-0.002270449
-0.001952085
-0.0004132406
0.0004408522
-0.001148585
-0.003562302
-0.00399536
-0.003243177
-0.0006797437
0.0015725
0.001024445
0.001237006
0.001069831
0.00132036
0.002655443
0.005531972
0.00531541
0.005007303
0.002839476
0.0002856066
0.000570805
0.0004675888
-0.0004585474
-0.003063391
-0.005960278
-0.007986087
-0.00709611
-0.003867261
0.0006401814
0.002219787
0.001935161
0.001984368
0.001966445
0.003371772
0.006203572
0.005026994
0.001460853
0.001046182
-5.613945e-05
0.001338827
0.002226947
0.005229471
0.005539431
0.002710657
0.0005429769
0.0006108319
-0.002524338
-0.003814405
-0.003041932
-0.002169325
0.0006442302
0.001643973
0.001523576
0.001330521
0.001141955
-0.001884519
-0.003759195
-0.004424765
-0.003386971
-0.001284686
0.001700906
0.003702894
0.002479783
0.002274155
0.003764262
0.002382164
0.003732993
0.005508933
0.001596264
0.001211219
0.001217032
0.001204999
0.001147276
0.00117768
0.000939987
-0.001090884
-0.002443519
0.001512613
0.001162394
0.001304587
0.001058104
0.001238829
0.001029753
0.001121272
0.0009795682
0.001079694
0.000584298
-0.000834443
-0.002235254
-0.001304066
-0.0006442426
0.0008991017
0.001295774
0.001070121
0.001103125
0.0009783532
0.001053173
0.0008869464
7.409809e-05
-0.004044549
-0.007705257
-0.007525108
-0.006150892
-0.003055074
0.0009956564
0.0005801717
-0.002167256
-0.002381817
-0.002153342
-0.001726289
-0.0004547311
-0.001701879
-0.00198629
-0.001654863
-0.001703516
-0.001469385
-0.00135773
-6.593409e-06
0.0002848332
-0.001536263
-0.001136326
9.762531e-06
0.00316431
0.002565542
-0.0007562606
-0.00292745
-0.004523094
-0.001074658
0.003261383
0.00379652
0.003410339
0.003430135
0.003348805
0.004640612
0.00484394
0.002636392
-0.0005243363
-0.001894824
-0.0008043401
-0.002057869
-0.00408944
-0.005636137
-0.003860799
-0.005291947
-0.003704303
-0.00099902
6.717731e-05
0.0003239337
-0.0003988005
-0.0003930225
0.0008631522
0.002330365
0.003536972
0.00413959
0.003628261
0.001756927
-0.002280892
-0.003624264
-0.001305343
1.42489e-05
0.00213509
0.003478996
-6.257327e-05
-0.002721856
-0.00520726
-0.00373608
0.0001492813
0.003259874
0.004222198
0.004275237
0.005687057
0.007782229
0.005625774
0.001495144
-0.001842629
-0.005061673
-0.005666323
-0.003487676
0.001585988
0.005147254
0.003662348
0.001369115
-0.001187338
-0.003503567
-0.003980635
-0.005350635
-0.003931844
-0.00155212
0.001709139
0.005174683
0.006053066
0.005216505
0.002190622
-0.003045416
-0.005875673
-0.007889333
-0.004149935
0.002831936
0.005699475
0.001405878
-0.002657093
-0.005827197
-0.007377134
-0.005197985
-0.0005177658
0.002238236
0.002290121
0.002064451
0.002060238
0.001879912
0.001962714
0.001764867
0.001170744
-0.001844523
-0.004776892
-0.00587494
-0.00110692
0.00435269
0.009742523
0.0104479
0.006758935
0.002816219
0.0006546034
0.0007758325
0.00066156
-0.0003245495
-0.003572512
-0.00410689
-0.006056142
-0.009952698
-0.01269092
-0.01551165
-0.01506077
-0.01310844
-0.007311583
-0.00351142
-0.0007709249
-0.0004626664
-0.00412661
-0.004482071
-0.003825717
-0.001385
0.00115698
0.0006753756
0.003458096
0.005332985
0.004759484
0.004704979
0.004518696
0.004385158
0.004248733
0.004093935
0.003978386
0.003821771
0.003715495
0.00350744
0.002146935
-0.000940007
-0.001089525
-0.0008574004
-0.000888954
-0.0007223906
-0.0006859932
-0.0005480747
-0.0006152953
-0.0003862813
0.0007993105
0.004089237
0.003616188
0.00340195
0.001320189
0.002545227
0.002365289
0.002540271
0.00351805
0.002861044
0.002873372
0.0005181351
-0.002777007
-0.003758286
-0.003427135
-0.002229423
-0.0007343371
3.927968e-05
0.001020462
-0.002096236
-0.004661183
-0.005132666
-0.001690149
0.0001389896
-5.499488e-05
0.002839293
0.004418047
0.003664665
0.0037162
0.003300308
0.001401563
-0.001342646
-0.0008623842
-0.001023707
-0.00127069
-0.004122436
-0.005467998
-0.004697257
-0.004513617
-0.002288597
-0.0009621953
0.0007232112
0.004317527
0.004496963
0.004007917
0.001366876
-2.055922e-05
0.002852878
0.005486981
0.006931861
0.005666729
0.005629123
0.004604037
0.00190525
-0.000605632
-0.001703054
-0.001656842
-0.00321807
-0.002025836
-0.0009464468
-0.00191509
-0.004731171
-0.005513103
-0.00340803
-0.0001617772
0.001941435
0.0003334124
-0.0006171724
-0.0008112237
-0.002415116
-0.002185766
-0.0007526397
-0.0005834324
0.0001061644
-2.415584e-05
-0.0009393527
-0.004795496
-0.008231307
-0.007774097
-0.003229158
0.002863381
0.0106828
0.0169617
0.01918353
0.02128891
0.01816961
0.01352242
0.009032919
0.005511182
0.005501902
0.007760705
0.009394789
0.005883609
-0.001088018
-0.01035165
-0.0137148
-0.01139437
-0.007954683
-0.005239109
-0.005354719
-0.005072896
-0.005043047
-0.004773048
-0.004167524
-0.001100739
-4.003383e-05
-0.003607188
-0.00750473
-0.007509582
-0.0036327
-0.001173389
0.005555679
0.01529417
0.02362201
0.02785239
0.03131245
0.03183426
0.02791466
0.02172996
0.01306105
0.006881692
0.001358304
-0.004714253
-0.01342733
-0.02034664
-0.02603744
-0.03021353
-0.03215783
-0.02946821
-0.02378293
-0.02020198
-0.02309687
-0.02267528
-0.02088767
-0.01331737
0.003160392
0.0197021
0.03072938
0.03562326
0.03751444
0.03503511
0.02821
0.01782213
0.008125984
0.001277221
-0.006381744
-0.01579484
-0.02295
-0.02398306
-0.02275446
-0.02009444
-0.01242366
-0.004417074
0.001638683
-0.0008115778
-0.006982635
-0.01641873
-0.0236788
-0.02134049
-0.01504442
-0.0129318
-0.01274045
-0.01219917
-0.01281883
-0.01077795
-0.004717369
0.003588726
0.01236716
0.01897475
0.0249734
0.02731517
0.02371031
0.01228471
-0.004313972
-0.01809478
-0.02593033
-0.02939793
-0.02920371
-0.02286243
-0.01270744
-0.001511224
0.007412685
0.0124944
0.01484612
0.01687749
0.0158384
0.01477017
0.01098566
0.009817399
0.009824518
0.009204924
0.008228127
0.004122578
-0.00133033
-0.007434756
-0.009019053
-0.007320046
-0.001979387
0.005252287
0.008989506
0.005968118
0.0008958213
-0.004068909
-0.008146488
-0.006483589
0.002361981
0.01347163
0.02027399
0.01983269
0.01650159
0.01333594
0.005491526
-0.005188167
-0.0130689
-0.01515746
-0.01110202
-0.006011391
0.003617796
0.01159492
0.01143583
0.006608035
-6.19261e-05
-0.00534957
-0.006900827
-0.005978369
-0.004360365
-0.001552406
0.001609869
0.01384475
0.02401637
0.02964534
0.03237472
0.03377395
0.03234785
0.03078314
0.02831419
0.02208923
0.01239181
0.0004279996
-0.01000318
-0.01802601
-0.0213147
-0.02125195
-0.02013552
-0.01952476
-0.01611365
-0.01388012
-0.01412443
-0.01612463
-0.01766179
-0.01541408
-0.01102529
-0.004808497
0.001721597
0.005666755
0.005999199
0.004366093
-0.001012194
-0.01010369
-0.01900845
-0.02065031
-0.01834698
-0.01223586
-0.006347618
-0.002088773
0.00415914
0.00620297
0.00812903
0.007257303
0.004953875
0.002157736
0.002654634
0.004367746
0.00665666
0.004553435
-0.00131641
-0.01430259
-0.02714775
-0.02725342
-0.01739269
-0.003781634
0.00694617
0.01519885
0.01668303
0.01013803
-9.871397e-05
-0.009321563
-0.0137427
-0.01415484
-0.01046384
-0.004743261
-6.77242e-05
0.00169309
0.004480562
0.004463107
0.002879479
-0.002262738
-0.007858812
-0.009169601
-0.008155188
-0.006349609
0.0002679777
0.006322986
0.009459439
0.009347369
0.01035282
0.01074287
0.009308609
0.007442162
0.007054453
0.006857791
0.006898273
0.009409348
0.01272172
0.01361789
0.01009179
0.002629968
-0.007284106
-0.01704559
-0.02199795
-0.02390688
-0.0209009
-0.02178967
-0.02681788
-0.0285819
-0.02799202
-0.02492753
-0.02079071
-0.01517742
-0.01341363
-0.01562491
-0.01216413
-0.005477513
0.003508622
0.01056926
0.01465731
0.01700972
0.01888941
0.01959909
0.01376688
0.003712983
-0.00205475
-0.0003582659
0.004872218
0.005552966
0.005060807
0.002646782
-0.004882751
-0.0108717
-0.01637604
-0.0196515
-0.02141208
-0.02008944
-0.01619231
-0.01005096
-0.002719277
0.003175919
0.008771287
0.01670282
0.02437161
0.03105481
0.03756726
0.04250236
0.04238212
0.03778144
0.03078609
0.02095458
0.01351999
0.008611851
0.007236589
0.003554327
0.0005847078
-0.003174023
-0.00547204
-0.008492044
-0.01448137
-0.01937253
-0.02320764
-0.02421043
-0.02285207
-0.02193422
-0.02080417
-0.01809097
-0.01451797
-0.01411245
-0.01250639
-0.007849288
-0.0004783496
0.006675908
0.009942652
0.01038282
0.0135746
0.01710292
0.02175393
0.02497461
0.02530305
0.02332522
0.01538508
0.009321649
0.007531168
0.004790073
0.001454586
-0.00195437
-0.004695132
-0.0025658
0.002068103
0.009297142
0.02244087
0.02866569
0.02596452
0.01584655
0.007650697
0.006345809
0.007602996
0.009858227
0.01248501
0.0121359
0.01005749
0.009483843
0.006000992
0.001715121
-0.003759738
-0.01124173
-0.01836171
-0.02420819
-0.02688094
-0.02283908
-0.01601516
-0.007581222
-0.002578415
-0.0006382466
0.001856201
0.0007594261
0.0002063689
0.003525417
0.01119598
0.01635824
0.01558431
0.01172643
0.007543119
0.004070196
0.000909979
-0.001943879
-0.004389543
-0.005866688
-0.005098453
-0.005290725
-0.004971842
-0.005351103
-0.008064465
-0.0138267
-0.01811781
-0.01790986
-0.01555261
-0.01532354
-0.01300754
-0.008995938
-0.00539574
-0.004585412
-0.005398302
-0.008103606
-0.009060518
-0.01000639
-0.01050952
-0.008681509
-0.006424077
-0.003412399
0.001173828
0.004286928
0.003027182
0.0005819627
0.002253578
0.005965166
0.009966719
0.01420216
0.02050649
0.02286479
0.0210193
0.01650036
0.01239169
0.008417215
0.005063821
0.003528645
0.002235035
0.001156316
0.001471263
0.001115867
0.001091194
-0.0006458271
-0.0045133
-0.01097038
-0.01335551
-0.009689551
-0.005223001
-0.001871692
0.0004466196
0.002657619
0.003524824
0.007799576
0.01166518
0.01400739
0.01394624
0.01013221
0.006131108
0.003747291
0.002556563
0.001218012
0.002441553
0.003311019
0.001335227
-0.001641393
-0.003771424
-0.000994535
0.002121594
0.002910845
0.00152222
-0.0006872827
-0.003742325
-0.007151015
-0.008695513
-0.007787031
-0.005111628
-0.0004873051
0.001133768
-0.001228891
-0.009060315
-0.01638362
-0.01977573
-0.01854433
-0.01355328
-0.009011924
-0.001570278
0.003385559
0.004249546
0.003686106
0.003720431
0.003349919
0.002406739
-0.000811989
-0.00133303
-0.001738981
-0.002409001
0.0003766889
0.00419615
0.007416248
0.007251611
0.008561147
0.01194243
0.01579612
0.0193576
0.02136602
0.02144633
0.01871544
0.01461028
0.01114015
0.009060172
0.007402375
0.005505187
0.003494613
-0.0003991199
-0.004027753
-0.006495154
-0.007896479
-0.008792794
-0.009396718
-0.005922277
-0.002737387
-0.00422234
-0.005465333
-0.006416117
-0.01080552
-0.01464967
-0.01675024
-0.01495548
-0.01187146
-0.009915234
-0.006050955
-0.003920873
-0.003291581
-0.004507991
-0.004697894
-0.009651874
-0.01453624
-0.01980213
-0.0256092
-0.02868998
-0.02911991
-0.02762941
-0.0227387
-0.01660521
-0.009665369
-0.002497938
0.006356209
0.01032988
0.009050879
0.0009080008
-0.007902449
-0.01202684
-0.0110733
-0.01012783
-0.008225069
-0.01038697
-0.01481043
-0.0231211
-0.02729328
-0.0281573
-0.02684869
-0.0254858
-0.02384991
-0.01969733
-0.01183215
-0.004502799
0.00173876
0.0047347
0.01296222
0.02217056
0.03033125
0.03569455
0.0347292
0.02915168
0.0217353
0.02108863
0.02336452
0.02371676
0.0258133
0.02178282
0.01804569
0.01475346
0.01248925
0.008679347
0.005517562
0.008279363
0.01580435
0.02398071
0.03081233
0.03668029
0.04277726
0.04639321
0.04497752
0.04224791
0.0358377
0.02454159
0.01329832
0.005433997
-0.002937008
-0.009531668
-0.01438182
-0.01567036
-0.01568591
-0.0201652
-0.02653839
-0.0311462
-0.03448455
-0.03805426
-0.03775985
-0.02883814
-0.01813166
-0.007033304
-0.0009482959
-0.002235629
-0.008721481
-0.01731877
-0.02328475
-0.02746226
-0.02720525
-0.02116893
-0.0142901
-0.007001308
-0.003412628
-0.005206993
-0.01203882
-0.02138026
-0.02643898
-0.02889445
-0.02850213
-0.02277923
-0.01436104
-0.005276856
0.003406017
0.01010754
0.01112691
0.01645566
0.02042724
0.02846244
0.03996404
0.05134359
0.06167932
0.06878179
0.06536861
0.05468465
0.04170043
0.02762159
0.01419114
0.003278049
-0.00580673
-0.009839237
-0.007828233
-0.002095446
-0.001756732
-0.007002681
-0.01549768
-0.01896647
-0.01777495
-0.01684104
-0.01364639
-0.008939284
-0.007228387
-0.01054574
-0.02017331
-0.03110715
-0.04454227
-0.05567427
-0.05772578
-0.05509834
-0.04887898
-0.04328533
-0.0376453
-0.02913498
-0.01835644
-0.01376731
-0.01388626
-0.01414946
-0.01389198
-0.01375324
-0.009875178
-0.003819558
8.923017e-05
0.000835575
0.00278281
0.009223145
0.01416559
0.01677529
0.01364336
0.005384052
0.0005571622
0.006310866
0.01922967
0.03179859
0.04344795
0.05073595
0.05041336
0.05181899
0.05258303
0.0525735
0.04863837
0.04303603
0.03532229
0.02599492
0.01796202
0.01257801
0.01195332
0.01147783
0.01096449
0.01130151
0.01471226
0.02110687
0.02954052
0.0324699
0.03067589
0.02129239
0.009988852
0.002542455
-0.001708278
-0.008433305
-0.01524219
-0.02134284
-0.02586745
-0.0304335
-0.03622125
-0.0413847
-0.04340377
-0.03839724
-0.02785312
-0.01839582
-0.01153545
-0.007118738
-0.009963742
-0.01912411
-0.03257257
-0.04393702
-0.04985483
-0.04820813
-0.04284968
-0.03482253
-0.02801643
-0.0226571
-0.02051696
-0.0170846
-0.01367645
-0.01008711
-0.01123633
-0.01291555
-0.01190229
-0.01059951
-0.008625994
-0.007378779
-0.006700295
-0.008429212
-0.007415288
-0.004069748
0.005064018
0.01794465
0.02833186
0.03232459
0.03324646
0.03526615
0.03716621
0.03735838
0.0355422
0.03194244
0.02321525
0.01585809
0.009621637
0.004741991
-0.0009209046
-0.00581188
-0.01080419
-0.01063421
-0.006602732
0.0002035932
0.006209074
0.02050446
0.03492304
0.04794615
0.05556129
0.05529938
0.05170105
0.04326466
0.03545631
0.02853816
0.02251499
0.01815625
0.01366743
0.008022923
0.001701902
-0.0008703157
-0.002955493
-0.007206925
-0.009535642
-0.006498261
0.0009777927
0.006684744
0.01103855
0.009715353
0.005495536
0.002506508
0.001610301
0.004935713
0.006227466
0.00839434
0.009368982
0.01167096
0.01525187
0.01517439
0.01066972
0.001629211
-0.01192177
-0.02157229
-0.02437174
-0.02032299
-0.01443055
-0.008706869
-0.006267123
-0.01112341
-0.01614844
-0.01968621
-0.0245748
-0.03003443
-0.03386569
-0.03513446
-0.03575815
-0.03209225
-0.03121879
-0.03402375
-0.03591799
-0.03746035
-0.03372904
-0.02811526
-0.02297577
-0.01675297
-0.01071263
-0.004542989
0.001515196
0.004171159
0.002952683
-0.0005329441
-0.003767487
-0.004459362
-0.001287003
0.0008641033
0.0008617807
0.003764296
0.005528629
0.005111761
0.006979962
0.0117839
0.01681735
0.02052503
0.02114302
0.0178086
0.01355722
0.01076857
0.01410361
0.01851481
0.02274374
0.02610753
0.02816864
0.03055612
0.0296286
0.0248175
0.01959569
0.01398584
0.01017636
0.006119383
0.004010451
0.002271608
-0.001399799
-0.005047656
-0.008660285
-0.01415417
-0.02070875
-0.0258917
-0.02520164
-0.02235881
-0.01570814
-0.01101495
-0.009041407
-0.011293
-0.01532156
-0.01727915
-0.01908585
-0.02002619
-0.01931677
-0.02187699
-0.01951835
-0.01130361
-0.003639113
0.003007231
0.008235052
0.009925756
0.006046553
0.002608872
0.001457969
0.004341154
0.005960994
0.005554724
0.005459302
0.005033016
0.002194143
-0.003970868
-0.01227287
-0.01940461
-0.02027294
-0.01904442
-0.01314053
-0.002242148
0.008491495
0.01820738
0.02411378
0.02619383
0.02666425
0.02549846
0.02534468
0.02601124
0.02706398
0.03107626
0.03258755
0.03422536
0.03483135
0.03232104
0.02676656
0.01887018
0.01160714
0.006230643
0.003824332
0.004127383
0.005254559
0.006745832
0.004557375
0.00320244
0.001875332
0.004167616
0.005078369
0.004488267
0.002539584
0.000863447
-0.002192057
-0.003984885
-0.003469087
-0.003692435
-0.001038748
0.003261724
0.006103407
0.005908653
0.004052886
2.985945e-05
-0.003259467
-0.008767934
-0.01606366
-0.02552583
-0.03688993
-0.04414809
-0.04967706
-0.05126204
-0.05048502
-0.04839555
-0.04725155
-0.04791794
-0.04646664
-0.03965845
-0.03215305
-0.02902205
-0.02858099
-0.03067337
-0.03421109
-0.03665148
-0.03711791
-0.03651653
-0.0305842
-0.02070839
-0.01192685
-0.0004575186
0.01504787
0.02611181
0.03040052
0.03166767
0.02984196
0.02483376
0.02102937
0.01883881
0.01916041
0.02111442
0.02367492
0.02227247
0.01829295
0.01248048
0.006106197
0.001161006
-0.002583585
-0.006627817
-0.009949306
-0.01063256
-0.00963057
-0.00852106
-0.003005306
0.00296139
0.005959912
0.01156448
0.01787065
0.02182158
0.022909
0.02375159
0.02385092
0.02443241
0.02363664
0.0211172
0.01674776
0.01361095
0.01000186
0.005362222
-0.00179259
-0.009490546
-0.01926374
-0.02510662
-0.02543903
-0.02294418
-0.02165338
-0.02082651
-0.01979024
-0.01768024
-0.01759941
-0.01774772
-0.01916629
-0.0232443
-0.02402096
-0.022764
-0.02240251
-0.01956316
-0.01330963
-0.0084316
-0.003667351
0.003726492
0.009979224
0.01211753
0.01187502
0.009632755
0.004355677
-0.0007448317
-0.004679504
-0.004700367
-0.0005745642
0.006191328
0.01189273
0.01499612
0.01580211
0.01861909
0.02324643
0.02560319
0.02650636
0.02421799
0.0195457
0.01039077
-0.002536871
-0.01402422
-0.02195446
-0.02384928
-0.02356871
-0.02399521
-0.02555596
-0.02692418
-0.02853522
-0.02661641
-0.02072107
-0.01340985
-0.004167979
0.006526536
0.01865167
0.03062481
0.0414205
0.04716642
0.04790362
0.05011425
0.04933207
0.04650597
0.0417874
0.03970408
0.03848567
0.03654272
0.03121924
0.02352381
0.01563014
0.005122593
-0.004715559
-0.01260285
-0.01897606
-0.02043849
-0.01687777
-0.004900087
0.00998286
0.02240072
0.02856298
0.03130654
0.03341141
0.03301992
0.0305983
0.03133616
0.03228924
0.03051626
0.0294982
0.02855671
0.02492836
0.02004623
0.01579645
0.01271378
0.00782606
0.00190927
-0.00104137
-0.0005827911
-0.001202118
-0.00126511
-0.0009768115
0.002415591
0.005368271
0.006261828
0.004975784
0.00216987
-0.00450359
-0.01048854
-0.01467387
-0.01703602
-0.01761336
-0.0165611
-0.01593811
-0.01214868
-0.01093787
-0.007278055
-0.002867993
-0.002885285
-0.003331231
-0.003395775
-0.003003054
0.0008576101
0.005462541
0.008425267
0.01120386
0.01466653
0.01701923
0.01833048
0.01766381
0.018048
0.01558982
0.01109307
0.006442149
-1.248263e-05
-0.00712792
-0.0120266
-0.01746998
-0.02214484
-0.02669119
-0.02869599
-0.0284214
-0.02435995
-0.01769749
-0.01258231
-0.01146821
-0.01313384
-0.01616044
-0.02086101
-0.02641317
-0.03173728
-0.03553012
-0.03808336
-0.03995667
-0.04075455
-0.04261396
-0.04413812
-0.04665063
-0.04977249
-0.05121511
-0.0537021
-0.05824471
-0.05893715
-0.05894214
-0.05599533
-0.05373385
-0.05119908
-0.0478961
-0.04238825
-0.03797425
-0.03176778
-0.02574367
-0.01840397
-0.00849674
-0.0001200839
0.006231278
0.009826079
0.01150375
0.01106561
0.009417305
0.009877855
0.01012422
0.01136871
0.009140129
0.004476875
-0.0005961248
-0.004130863
-0.005564958
-0.007275463
-0.006341357
-0.002495984
0.002941246
0.01097688
0.01916521
0.02808412
0.0349234
0.0415147
0.04352601
0.04500825
0.04503327
0.04224064
0.03973638
0.04064788
0.0428032
0.04447032
0.04572092
0.04580173
0.03936471
0.0281115
0.01381647
0.005341313
0.0008305392
-0.0014291
-0.006538581
-0.01035527
-0.01316067
-0.01263733
-0.009205835
-0.003917003
8.099135e-05
0.004090152
0.005210099
0.006390289
0.01000561
0.01272076
0.01298313
0.01141968
0.007589758
0.003899284
0.001784328
-0.0008450969
-0.005019833
-0.007199911
-0.007780866
-0.009516266
-0.01185202
-0.01394165
-0.01687575
-0.01833041
-0.01888409
-0.01682622
-0.01300195
-0.008066386
-0.004973834
-0.003995408
-0.002455109
-0.001919079
-0.003921078
-0.005417398
-0.006885129
-0.005833214
-0.002383286
0.006206186
0.01244051
0.01385985
0.01418732
0.01227359
0.01072971
0.009018446
0.006079192
-0.0003198586
-0.004519805
-0.00315425
-0.0009206264
0.001582251
0.004443941
0.00596815
0.007036392
0.00847446
0.01123511
0.01675358
0.02208067
0.02854904
0.0322187
0.03418725
0.03404172
0.03224872
0.02966088
0.02366349
0.01736104
0.01132785
0.006006094
0.005222116
0.002417669
-0.001702835
-0.006476427
-0.01102034
-0.01164431
-0.009238368
-0.007187548
-0.005910667
-0.005173275
-0.001424868
0.002169623
0.004799136
0.007212687
0.007453412
0.009446112
0.01233231
0.01410929
0.01155845
0.005454204
0.002251382
-0.0007032427
-0.001227803
-0.004521582
-0.005229632
-0.007762342
-0.01122738
-0.01263423
-0.01156968
-0.007082305
-0.002413806
0.0009149843
0.0002049617
-0.00308794
-0.001803157
0.001283133
0.003699556
0.006961303
0.00948736
0.01066991
0.01326723
0.01417399
0.0165882
0.0180029
0.01939858
0.01777383
0.01716539
0.01479102
0.01061974
0.006495838
0.004393563
0.001240196
-0.00211545
-0.004660049
-0.006695116
-0.01144746
-0.0154771
-0.019821
-0.02344143
-0.02680026
-0.02788378
-0.02479479
-0.01906875
-0.009656539
-0.001147838
0.004455755
0.01022914
0.01297655
0.01587096
0.01734094
0.02008862
0.02356582
0.02419131
0.02318195
0.02127081
0.01660286
0.01073621
0.006124847
-0.00150905
-0.007083501
-0.01231264
-0.01734785
-0.02310387
-0.02945851
-0.03428246
-0.03868774
-0.04205108
-0.04302906
-0.04461487
-0.04404648
-0.04166923
-0.03933249
-0.03625796
-0.03352244
-0.02932313
-0.02295917
-0.01652388
-0.009432856
-0.002810182
0.005446362
0.01282554
0.0187502
0.0228752
0.02455018
0.02524706
0.02541028
0.02410776
0.02147375
0.01866637
0.01619973
0.01367272
0.009634246
0.004003331
-0.0001969993
-0.004257732
-0.00586274
-0.006413853
-0.003761263
7.803078e-05
0.005067826
0.01281099
0.01768937
0.02063269
0.02155414
0.01996001
0.01789611
0.01485924
0.01052347
0.00361958
-0.003847199
-0.009455689
-0.01380911
-0.0186494
-0.020375
-0.02185553
-0.02261953
-0.0225637
-0.02150296
-0.01977917
-0.0163252
-0.01259881
-0.009639354
-0.006775462
-0.004906924
-0.002503895
-0.0005618251
-0.001288159
-0.001560665
-0.003333831
-0.003207063
-0.002549954
-0.00329025
-0.005900464
-0.009872933
-0.01240128
-0.01320068
-0.01265998
-0.01137806
-0.008441157
-0.006552586
-0.005069704
-0.00281765
-0.005447076
-0.006807301
-0.007571953
-0.006787201
-0.004755868
-0.00442909
-0.004118535
-0.003701309
-0.00207042
-0.0008604098
0.0003140257
7.369306e-05
-7.626294e-05
-0.002936289
-0.004400622
-0.004879112
-0.007884823
-0.007253075
-0.005740495
-0.004692735
-0.006217897
-0.007537364
-0.01089114
-0.01353563
-0.01490796
-0.01678371
-0.01600074
-0.01504558
-0.013287
-0.01005328
-0.009176802
-0.01082726
-0.0122562
-0.015119
-0.01612089
-0.017919
-0.01682114
-0.01499009
-0.009311338
-0.004987905
-0.002330006
0.0006905625
0.002067259
0.003667339
0.005206828
0.006613736
0.01139403
0.01815255
0.02384802
0.02846738
0.03211119
0.03447042
0.03581651
0.03599229
0.03461058
0.03222937
0.02774598
0.02305457
0.02168059
0.02137415
0.02039667
0.01989713
0.01901515
0.01755506
0.01360609
0.0129468
0.01254316
0.01220296
0.01231444
0.01482983
0.01522782
0.01428332
0.01379684
0.01189317
0.008386872
0.007956737
0.007645526
0.007399522
0.006999603
0.006624246
0.00481752
0.0008240533
-0.002593042
-0.005308067
-0.007433689
-0.008792913
-0.01121048
-0.01049202
-0.01179213
-0.01386953
-0.01627188
-0.01922174
-0.01990993
-0.02140855
-0.02088916
-0.01818623
-0.01737632
-0.01484048
-0.01047356
-0.006731345
-0.005618757
-0.003338798
-0.00143275
-0.0007026196
0.002124981
0.006442805
0.008574542
0.01132031
0.01362479
0.01322749
0.01169949
0.008889202
0.006809176
0.00425426
0.002961003
0.003829991
0.003695119
0.003591246
0.003541627
0.003235908
0.0009443132
-0.001201648
0.00120957
0.001638041
0.003107088
0.005160649
0.00800773
0.009404556
0.01129421
0.01070857
0.008852859
0.008471509
0.009424887
0.008319154
0.00840939
0.006897883
0.007840277
0.0084516
0.007639965
0.006607091
0.002812875
-0.001827818
-0.006550257
-0.009746464
-0.01249929
-0.01404595
-0.01604348
-0.01650726
-0.0162253
-0.0174058
-0.01793204
-0.01868958
-0.01744462
-0.01480604
-0.01284975
-0.009867059
-0.006362914
-0.003714019
0.000638952
0.00345871
0.00341245
0.006634963
0.0094232
0.01086113
0.01137897
0.01385505
0.01329103
0.01295466
0.01362377
0.01231485
0.01075014
0.01051015
0.009777254
0.008610167
0.006992227
0.007241131
0.007991172
0.006998389
0.007161745
0.004750962
0.002525022
0.003597662
0.006048942
0.006292047
0.008417187
0.00831042
0.007445694
0.007001461
0.007697772
0.009481794
0.008522505
0.008048273
0.009328247
0.01020204
0.008800486
0.007084077
0.003810264
0.00311164
0.001171372
-0.001345933
-0.003605443
-0.004786448
-0.004929249
-0.005933909
-0.006334988
-0.004890717
-0.004902017
-0.004141657
-0.00247679
-0.002134893
-0.002605415
-0.002780293
-0.003096799
-0.00434967
-0.006502216
-0.007790805
-0.01120338
-0.01338754
-0.01423423
-0.01366115
-0.014127
-0.01477437
-0.01258994
-0.01184831
-0.01226673
-0.01206932
-0.01210119
-0.01072105
-0.009112361
-0.006153579
-0.004713838
-0.002798905
-0.001440978
0.0001699168
0.001007698
0.002124261
0.002428791
0.002900775
0.00286219
0.003145811
0.003107975
0.002930492
0.003412711
0.002835918
0.002418663
0.001759756
0.0003352771
-0.001685418
-0.003145659
-0.00488307
-0.00649334
-0.007197023
-0.008059758
-0.008049084
-0.00755136
-0.00711426
-0.006782189
-0.006936379
-0.006767048
-0.005725398
-0.005231378
-0.004231379
-0.003421116
-0.003335315
-0.003032243
-0.002906848
-0.003228749
-0.00381041
-0.003533426
-0.003981873
-0.00425272
-0.003993291
-0.00355192
-0.003293327
-0.003411545
-0.002692161
-0.002054162
-0.002058903
-0.001309505
-0.0003223415
0.0002924947
0.001227369
0.001571423
0.001786052
0.001762799
0.001670491
0.001438428
0.001506502
0.001577413
0.00181368
0.001816242
0.001971955
0.002335384
0.002660023
0.002592166
0.002571812
0.002511007
0.002487231
0.002581768
0.002680071
0.002541864
0.002477474
0.002251852
0.002154967
0.001951194
0.001801447
0.001814069
0.001686227
0.001543054
0.001450059
0.001478095
0.001521456
0.001652105
0.001813889
0.00192771
0.002019205
0.001900552
0.00177759
0.001795578
0.001720811
0.001705247
0.001607592
0.001512136
0.001381637
0.001286114
0.001228746
0.001162809
0.001116276
0.001080421
0.001029586
0.0009403344
0.000880591
0.0008401786
0.0007912307
0.0007273063
0.0006597064
0.0006292889
0.0005988558
0.0005809109
0.0005547304
0.000527661
0.0005024185
0.0004790608
0.0004674862
0.0004473603
0.0004130068
0.0003784533
0.0003462238
0.0003245203
0.0003017193
0.0002781632
0.0002517913
0.000232708
0.0002111761
0.0001914103
0.0001737565
0.0001555535
0.0001385169
0.0001227798
0.0001058685
8.736863e-05
6.923686e-05
5.102866e-05
3.305445e-05
1.530392e-05
-2.122311e-06
-1.962177e-05
-3.673767e-05
-5.335292e-05
-6.958004e-05
-8.535048e-05
-0.000100663
-0.0001155024
-0.0001298594
-0.0001437225
-0.0001570737
-0.0001699002
