4.831363e-05
4.807299e-05
4.789683e-05
4.751651e-05
4.707743e-05
4.630613e-05
4.54032e-05
4.456367e-05
4.430244e-05
4.421808e-05
4.528506e-05
4.910101e-05
5.611951e-05
6.518293e-05
7.595361e-05
8.733789e-05
9.877513e-05
0.0001139742
0.0001365295
0.0001578304
0.0001703313
0.0001770031
0.0001845708
0.0001949356
0.0002016513
0.0001949308
0.0001696934
0.0001356191
0.0001087991
8.153455e-05
3.853624e-05
-1.840833e-05
-7.888886e-05
-0.000139918
-0.0002122523
-0.0003020868
-0.0003856882
-0.000440343
-0.0004672402
-0.0004815965
-0.0004970732
-0.0005179222
-0.0005330959
-0.0005215868
-0.000473714
-0.0003986462
-0.0003106657
-0.0002195222
-0.000123632
-3.286578e-06
0.000162104
0.0003512074
0.0005184868
0.0006242513
0.0006641991
0.0006675471
0.0006664982
0.0006768403
0.0006945805
0.0006919499
0.0006308326
0.0005007091
0.0003245673
0.0001343211
-3.322259e-05
-0.0001445666
-0.0002241055
-0.0003285188
-0.0004485623
-0.000558464
-0.0006817346
-0.0008210027
-0.0009335146
-0.0009911432
-0.000984879
-0.0008943378
-0.0007460317
-0.0006042503
-0.0004181984
-0.0001009231
0.0003073623
0.000709374
0.001067718
0.001445752
0.00190373
0.002326285
0.002609105
0.002801079
0.002908457
0.002855907
0.002626574
0.002312245
0.002059026
0.001895502
0.001716941
0.001434592
0.001045004
0.0005982735
0.000146079
-0.0003037005
-0.0008333021
-0.001480408
-0.002063454
-0.002497295
-0.002948076
-0.003444673
-0.003829492
-0.004010089
-0.004026985
-0.003981628
-0.003952872
-0.003923622
-0.00366281
-0.003025039
-0.00217361
-0.001280358
-0.0003680397
0.0005091
0.001311992
0.002142424
0.002978356
0.003631802
0.004189036
0.004868678
0.00554084
0.006027897
0.006417721
0.006877252
0.007390798
0.007503607
0.006973352
0.006189285
0.005529276
0.005013033
0.004487088
0.003787537
0.002759766
0.001391379
-0.0001749469
-0.001779283
-0.003340454
-0.004833804
-0.006112902
-0.00691861
-0.007192873
-0.007136424
-0.007000885
-0.00693139
-0.006940176
-0.006971385
-0.006973709
-0.006916116
-0.006657296
-0.005903506
-0.004660993
-0.003261982
-0.001833384
-0.0002943449
0.001389562
0.003066652
0.004529797
0.005862494
0.007203539
0.008276721
0.00879845
0.008839388
0.008661353
0.00849721
0.008392418
0.008006032
0.006751487
0.004723749
0.002616701
0.0007540743
-0.0009019079
-0.002340656
-0.003555586
-0.00466668
-0.005962532
-0.007501851
-0.008787408
-0.009396555
-0.009397875
-0.009130827
-0.008898094
-0.008810273
-0.008819419
-0.008828486
-0.008780078
-0.008677019
-0.008540218
-0.008286364
-0.007706564
-0.006721802
-0.00542205
-0.003762501
-0.001695499
0.0006573964
0.00311403
0.005542814
0.0078934
0.0100124
0.011498
0.01242802
0.01343083
0.01456468
0.01538673
0.01561722
0.01509715
0.01364313
0.01135155
0.008679747
0.006232777
0.003995957
0.001174764
-0.002427763
-0.006137027
-0.00933621
-0.01182034
-0.01363148
-0.01514622
-0.01675944
-0.01795727
-0.01800329
-0.01690642
-0.01536568
-0.01411139
-0.01300509
-0.01156943
-0.01004739
-0.008688822
-0.007114926
-0.004962363
-0.002343261
0.0001621589
0.002094322
0.003511106
0.004909421
0.00669308
0.00841506
0.009417138
0.009600969
0.009310907
0.008961692
0.008755699
0.008504617
0.00759986
0.005992916
0.004374906
0.002907282
0.001239824
-0.0006053678
-0.002351999
-0.003898693
-0.005502522
-0.007394057
-0.009054218
-0.009890457
-0.009957371
-0.009854882
-0.01021716
-0.01117642
-0.01215556
-0.0120632
-0.01070445
-0.009047937
-0.007977771
-0.007495746
-0.006750636
-0.005343244
-0.003855569
-0.002921247
-0.002508278
-0.00180306
-0.0003986485
0.001165466
0.002635335
0.004342877
0.006541637
0.009154299
0.01186236
0.01406272
0.01516255
0.01493156
0.01365837
0.01191359
0.009994998
0.007923681
0.006087646
0.004808871
0.003545408
0.00164517
-0.0008775624
-0.003218504
-0.004556478
-0.004811243
-0.004475215
-0.00409965
-0.003955419
-0.00390801
-0.003261311
-0.001741601
-4.051445e-05
0.001443453
0.002955973
0.004341292
0.005282775
0.005994247
0.006858141
0.007971243
0.008991283
0.009535263
0.009565387
0.00931519
0.00896679
0.008196934
0.006683744
0.004978343
0.00357779
0.00219027
0.0007484493
-0.0003378867
-0.0008256636
-0.0008479605
-0.0006375791
-3.645913e-05
0.001266855
0.00279957
0.003606014
0.002909835
0.000701387
-0.002304383
-0.005356467
-0.007927433
-0.0095194
-0.01016174
-0.01047427
-0.0106067
-0.01017231
-0.008735228
-0.006299181
-0.003381136
-0.0008820741
0.0005899112
0.001590996
0.00284936
0.00420963
0.0055359
0.007069092
0.008547566
0.00963036
0.01071461
0.01202297
0.01315463
0.01394576
0.0145825
0.01500581
0.01494757
0.01423597
0.01316809
0.01227799
0.01179062
0.01134845
0.01022896
0.00828309
0.005958127
0.003259164
5.568599e-05
-0.003317858
-0.006456933
-0.009152893
-0.01101783
-0.01181054
-0.01174797
-0.01099538
-0.009433456
-0.007088727
-0.004425302
-0.002326267
-0.001051763
8.462218e-05
0.00137084
0.002489366
0.003403146
0.004227219
0.00485637
0.005363886
0.006000243
0.006657623
0.007051014
0.007103588
0.006938281
0.006683478
0.006197468
0.005368431
0.004531996
0.004201617
0.004628315
0.005457695
0.006087149
0.006205598
0.005639225
0.004257135
0.002744849
0.002070286
0.002010143
0.00183951
0.001344704
0.0003700023
-0.001348083
-0.003772319
-0.006563331
-0.009372962
-0.01203671
-0.01447681
-0.0162834
-0.01709796
-0.01703343
-0.01622931
-0.01462543
-0.01249485
-0.01052431
-0.00957343
-0.009837681
-0.01055144
-0.01074668
-0.009946343
-0.008384109
-0.006705695
-0.005546335
-0.004911821
-0.004337676
-0.003684826
-0.003144849
-0.002841167
-0.00275174
-0.002716487
-0.00239779
-0.001622247
-0.000709489
0.0002272486
0.00151848
0.003003275
0.004079748
0.00447846
0.004375351
0.004088837
0.003650336
0.002886635
0.001725805
0.0001837423
-0.001758318
-0.003706731
-0.005000822
-0.005416998
-0.005354588
-0.005503742
-0.006105963
-0.00683323
-0.007531232
-0.008249408
-0.008852584
-0.009450404
-0.01051176
-0.01187924
-0.01288676
-0.01318645
-0.01293782
-0.01243891
-0.01155552
-0.009948386
-0.007849713
-0.005796068
-0.004047851
-0.002384897
-0.0003874383
0.002108334
0.004932651
0.007812854
0.01057125
0.01309702
0.0149755
0.01584848
0.01584627
0.01528422
0.01431241
0.01301834
0.01159472
0.01042386
0.009511853
0.00826069
0.006416526
0.004298556
0.002059879
-0.0003578124
-0.002925686
-0.005381744
-0.007441018
-0.009269706
-0.01108731
-0.01250711
-0.01313404
-0.01306994
-0.01268982
-0.01225296
-0.01160565
-0.01053373
-0.009083489
-0.00745553
-0.005843731
-0.004313192
-0.002724623
-0.0007645039
0.001699578
0.004398479
0.006548122
0.007787163
0.008775838
0.009966297
0.01107503
0.01196334
0.01282303
0.01377473
0.01451099
0.01454016
0.01414032
0.01395404
0.0137883
0.0131247
0.01181196
0.009873667
0.007510766
0.005476282
0.004151622
0.002965392
0.001608938
0.0003529482
-0.0009733597
-0.002596757
-0.004090863
-0.005298128
-0.006624377
-0.007969731
-0.008850439
-0.009050592
-0.008458219
-0.006897453
-0.004471314
-0.00173136
0.0004047589
0.001800919
0.003473635
0.00606278
0.009253605
0.01242849
0.01511408
0.01708502
0.01862443
0.02021593
0.0216221
0.02213749
0.02114566
0.01868807
0.01540798
0.01177993
0.008110086
0.00502296
0.003046855
0.002205788
0.002100236
0.002271439
0.002655324
0.003114662
0.003104177
0.002298702
0.0008908771
-0.000703438
-0.002070352
-0.002871923
-0.003077625
-0.002908833
-0.002408305
-0.001612734
-0.0008719807
-0.0004893112
-0.0004551211
-0.0005744998
-0.0005886211
-0.0001723514
0.0006517484
0.00150444
0.002476371
0.003892617
0.005318167
0.006130012
0.006242912
0.005964177
0.00565431
0.005490874
0.005461069
0.005432555
0.005140858
0.004335253
0.003036936
0.001491844
-2.713755e-05
-0.001239436
-0.001919139
-0.002093386
-0.001931755
-0.001414146
-0.0006303966
4.207028e-05
0.000348025
0.00015787
-0.001174888
-0.003927142
-0.007415743
-0.01099246
-0.01447088
-0.01766695
-0.02023043
-0.0216568
-0.02151541
-0.01979107
-0.01698202
-0.01380429
-0.01073709
-0.007903342
-0.005275996
-0.003189381
-0.002019983
-0.001705308
-0.001982388
-0.002638875
-0.003136259
-0.002923856
-0.002214596
-0.001582356
-0.001259734
-0.0007982627
0.0004819727
0.002740421
0.005593133
0.0084791
0.01074561
0.01198648
0.01277382
0.01387546
0.01503118
0.01534346
0.01419118
0.01193025
0.009423976
0.00701481
0.004591998
0.001983058
-0.00104255
-0.004625148
-0.008633569
-0.01278641
-0.01676126
-0.0198993
-0.02154431
-0.02177032
-0.02125514
-0.0206468
-0.02008024
-0.01927416
-0.01803051
-0.01651172
-0.01517294
-0.01403893
-0.01257382
-0.01061343
-0.008384855
-0.005671083
-0.002205494
0.001811705
0.005801766
0.009184665
0.01160189
0.01312589
0.014161
0.01492794
0.01537587
0.01546556
0.01529441
0.01504121
0.01499476
0.01538962
0.01597596
0.01597953
0.01411593
0.00988032
0.004055691
-0.002402264
-0.008825947
-0.01449359
-0.01906637
-0.02273835
-0.0252016
-0.02594229
-0.02532592
-0.0240776
-0.02231614
-0.0199479
-0.01709414
-0.01401052
-0.01082474
-0.007395353
-0.003750357
-0.0001983422
0.003247299
0.006748417
0.01010127
0.01275915
0.01429186
0.01517183
0.01631856
0.0178987
0.01940899
0.0202674
0.02032694
0.01983897
0.01892251
0.01749857
0.0154046
0.01249725
0.008818764
0.00463937
0.0003212089
-0.003876515
-0.007727041
-0.0110019
-0.01349233
-0.01528752
-0.01686333
-0.01813206
-0.01818172
-0.01674677
-0.01454307
-0.01237659
-0.01048725
-0.008603625
-0.006783087
-0.005376269
-0.004047029
-0.002305616
-0.0002098544
0.002390317
0.005920277
0.00997832
0.01369509
0.01667352
0.019081
0.02122172
0.02289754
0.02372995
0.0236822
0.02268451
0.02033049
0.01639248
0.0111999
0.005417329
-0.0003719414
-0.005818342
-0.01035801
-0.01348597
-0.01553504
-0.01692126
-0.01712168
-0.01586058
-0.01369301
-0.01092502
-0.007620416
-0.004166101
-0.000969532
0.001877292
0.004506987
0.007022714
0.009207418
0.01073234
0.01146714
0.01177359
0.01224513
0.01314605
0.01424904
0.0150317
0.01521301
0.01488001
0.01407137
0.01270991
0.01074244
0.008584667
0.006955594
0.005935045
0.005053515
0.003899327
0.002252416
2.577983e-05
-0.002644114
-0.005478462
-0.00825697
-0.01090805
-0.01346791
-0.01600505
-0.01844384
-0.02021268
-0.02088907
-0.02064221
-0.01960625
-0.01782826
-0.01591444
-0.0142122
-0.01182312
-0.008234867
-0.004154619
-0.0004646056
0.002363683
0.004029737
0.004893266
0.005936017
0.007577438
0.009545822
0.0116566
0.01377973
0.01561832
0.01702407
0.01805999
0.01866225
0.01877545
0.01854535
0.01818772
0.01775855
0.0167682
0.01467723
0.01136012
0.007169478
0.002648352
-0.002021152
-0.006776039
-0.01108469
-0.01451548
-0.01709059
-0.01855323
-0.01864541
-0.01786696
-0.01690006
-0.01583147
-0.01413189
-0.01127822
-0.007369352
-0.003069
0.0008763287
0.004485472
0.008337661
0.01233992
0.01592801
0.01883434
0.0210509
0.02260833
0.02344572
0.02352316
0.0227528
0.0209673
0.01795805
0.01368133
0.008490967
0.003186175
-0.00159459
-0.00581923
-0.009972704
-0.01447804
-0.01888355
-0.0224114
-0.02465823
-0.02566545
-0.02578034
-0.02545286
-0.02496456
-0.02419061
-0.02296534
-0.02136055
-0.01958685
-0.01775868
-0.01567367
-0.01314354
-0.01026066
-0.007250952
-0.004303399
-0.001495754
0.001075731
0.0031771
0.004548097
0.00508012
0.00475515
0.003941251
0.003494475
0.003797805
0.004481059
0.005259543
0.006053519
0.006631586
0.006825614
0.006641613
0.005807429
0.004036079
0.001470228
-0.00145634
-0.004359989
-0.007087258
-0.00956798
-0.0113338
-0.01205603
-0.01199001
-0.01162671
-0.01133529
-0.01119507
-0.01091753
-0.009849468
-0.007689859
-0.004736045
-0.001300401
0.00236785
0.005846944
0.008859974
0.0113992
0.01323607
0.0140489
0.01369961
0.01243015
0.01067984
0.008439214
0.005523741
0.002496597
9.189435e-05
-0.001554911
-0.002756645
-0.003854152
-0.004779998
-0.005317441
-0.00547749
-0.005599855
-0.006070631
-0.006779721
-0.007318864
-0.007505654
-0.00757083
-0.007925355
-0.008547967
-0.009132664
-0.009708169
-0.01036005
-0.01083797
-0.01074603
-0.009892378
-0.008450164
-0.00666249
-0.004605009
-0.002630021
-0.001226336
-4.989864e-05
0.001609812
0.003935292
0.0063326
0.007923188
0.008388331
0.007943212
0.006579074
0.00418183
0.0008392498
-0.00312618
-0.007234721
-0.01088958
-0.01355998
-0.01491984
-0.01513642
-0.01468857
-0.01357182
-0.01183969
-0.01014653
-0.008727819
-0.007146551
-0.005247823
-0.003109277
-0.0004472483
0.002806575
0.006193898
0.009276989
0.01180844
0.01338867
0.01388242
0.0136791
0.01328538
0.01295648
0.01244357
0.01144986
0.01006919
0.008942399
0.008710441
0.009182472
0.009704366
0.009839717
0.009399249
0.008364942
0.00692401
0.00535517
0.003821097
0.002197725
0.00027469
-0.001581514
-0.002909451
-0.004114837
-0.005705511
-0.00751313
-0.00896144
-0.009589423
-0.009189658
-0.007942578
-0.006257179
-0.004128155
-0.001398705
0.001175537
0.002772735
0.003593152
0.00429781
0.005225335
0.005900522
0.005790423
0.005103578
0.004247237
0.003286413
0.002152051
0.0008442307
-0.0005614585
-0.001982843
-0.003331415
-0.004386616
-0.004937034
-0.005027786
-0.004889144
-0.004678243
-0.00409476
-0.002755849
-0.00112619
0.0001026746
0.0009241529
0.001546948
0.001978083
0.002181404
0.002212696
0.002141557
0.001882951
0.00129455
0.0007768092
0.0008064548
0.000984741
0.00090626
0.0008720969
0.0009075993
0.0006328679
9.190609e-05
-0.0003671345
-0.0005957047
-0.0008228973
-0.001429924
-0.002521595
-0.003819718
-0.004793116
-0.005156968
-0.005052196
-0.004806108
-0.004816292
-0.005647548
-0.007233247
-0.0087324
-0.009702761
-0.01032883
-0.01067483
-0.0104579
-0.009167739
-0.006323924
-0.002066916
0.002241648
0.005503801
0.008105578
0.01076537
0.01350904
0.01537125
0.0155446
0.01419641
0.01179771
0.008585173
0.004771167
0.0007389487
-0.002980033
-0.006099954
-0.008718098
-0.01090373
-0.01264759
-0.01403066
-0.01522006
-0.0162881
-0.01689199
-0.0165712
-0.01534203
-0.01373581
-0.01249796
-0.01215023
-0.01275219
-0.01395707
-0.01540054
-0.01703095
-0.01862762
-0.01960809
-0.01949581
-0.01816783
-0.0154902
-0.0113367
-0.005797595
0.0005148681
0.006805067
0.01286133
0.01841085
0.02253144
0.0246089
0.02481095
0.02319467
0.02005764
0.0163335
0.01285889
0.009836753
0.006831134
0.003441196
-0.0001415159
-0.003668614
-0.007139114
-0.01022603
-0.01241999
-0.01347526
-0.01373276
-0.0138972
-0.01403774
-0.01375017
-0.01305517
-0.01208642
-0.01051318
-0.007945981
-0.004367741
-0.0001860905
0.003900544
0.007087006
0.009267352
0.01105238
0.01281409
0.01450124
0.01597288
0.01704256
0.01753648
0.01749733
0.0171114
0.01634294
0.01513684
0.01361903
0.01199007
0.01039282
0.008887122
0.00757042
0.006634975
0.005962698
0.005206561
0.004381302
0.00355179
0.002282394
0.0002303131
-0.002447365
-0.005351913
-0.008167803
-0.01079345
-0.01329195
-0.01576124
-0.01825542
-0.02076231
-0.02324431
-0.02567098
-0.02796482
-0.02972133
-0.0303455
-0.02903312
-0.02551496
-0.0203743
-0.01469411
-0.009364758
-0.004174554
0.001451768
0.007402551
0.01291663
0.01719419
0.01991769
0.02149234
0.02287013
0.02475995
0.02721407
0.02989533
0.03246555
0.03476226
0.03658016
0.03749865
0.03723184
0.03580829
0.0331368
0.029298
0.02478024
0.02011646
0.01551916
0.0105035
0.004563232
-0.002206929
-0.009327171
-0.01625873
-0.02232612
-0.02707067
-0.03043831
-0.03253744
-0.0333717
-0.03275843
-0.03059823
-0.02680185
-0.02175439
-0.01641187
-0.01150081
-0.007206788
-0.003532582
-0.0002713686
0.002993917
0.006033506
0.007976941
0.008012422
0.006140863
0.003173298
2.023368e-05
-0.002784848
-0.004985744
-0.006506768
-0.0072716
-0.007095217
-0.005764163
-0.003407571
-0.0005171679
0.002401179
0.004858579
0.006314415
0.006492197
0.005645622
0.004556433
0.00391222
0.00379868
0.003762591
0.003249383
0.002090829
0.0003445385
-0.00211993
-0.00490153
-0.006947523
-0.007711382
-0.007434631
-0.006497595
-0.00519983
-0.003790936
-0.002390593
-0.001018476
0.0003552635
0.001746696
0.003117214
0.00424539
0.004884649
0.005056111
0.005198104
0.006048882
0.007787924
0.009839496
0.01161444
0.0128446
0.01339863
0.01321324
0.01229723
0.01062127
0.008196246
0.00499964
0.001160021
-0.002961619
-0.006848026
-0.01012869
-0.01281741
-0.01508062
-0.01689489
-0.01807061
-0.01855743
-0.01878659
-0.01928157
-0.02016719
-0.02110505
-0.0216158
-0.02153974
-0.02107999
-0.02053959
-0.02010497
-0.0197948
-0.01953485
-0.01938369
-0.01986463
-0.02121341
-0.0229634
-0.02474279
-0.02651813
-0.02813368
-0.02952374
-0.03093185
-0.03224653
-0.03292767
-0.03250046
-0.03089892
-0.02833831
-0.02520436
-0.0217402
-0.01721176
-0.01081545
-0.002794415
0.005793321
0.01385968
0.02099754
0.02734516
0.03280594
0.03730611
0.04110589
0.04438219
0.04727296
0.05042207
0.05451056
0.05968263
0.06541217
0.07108391
0.07731605
0.08474486
0.09256714
0.09995965
0.107009
0.1136829
0.1195582
0.1240361
0.1268798
0.1283185
0.1285094
0.1274541
0.1248976
0.1206619
0.1146204
0.1060197
0.09399434
0.07805178
0.05888795
0.03818085
0.01710934
-0.004153956
-0.02596696
-0.04839662
-0.07071626
-0.09131051
-0.1082694
-0.1200966
-0.1268674
-0.1301854
-0.1316611
-0.1319405
-0.131206
-0.1294564
-0.1255713
-0.118639
-0.1086635
-0.09499971
-0.07714625
-0.05722756
-0.03782816
-0.01911497
-0.0002523186
0.01884257
0.03685164
0.05219537
0.06387294
0.07213111
0.0782964
0.08376076
0.08934732
0.09514757
0.1007779
0.105588
0.1086035
0.1089903
0.1060881
0.100101
0.09210329
0.08276866
0.07208975
0.05946473
0.04477361
0.02879995
0.01257788
-0.003006945
-0.01654175
-0.02681401
-0.03326935
-0.03614566
-0.03632322
-0.03498465
-0.03322113
-0.03162024
-0.03052478
-0.03026754
-0.03086319
-0.03199394
-0.03351839
-0.03517679
-0.03628804
-0.03629018
-0.03497059
-0.03171347
-0.02624672
-0.01922939
-0.01134903
-0.002880337
0.005811523
0.01419686
0.02180461
0.02840505
0.03398269
0.03838147
0.04154655
0.04373236
0.04490838
0.04417281
0.03988498
0.03069638
0.0155397
-0.003873331
-0.02217438
-0.03511815
-0.04215608
-0.04474391
-0.0448785
-0.04442731
-0.0446129
-0.04596401
-0.04819035
-0.0506679
-0.05295135
-0.05512841
-0.05755005
-0.06023096
-0.06319186
-0.06785972
-0.07492164
-0.08298259
-0.09056871
-0.0969762
-0.1005748
-0.09986749
-0.09441127
-0.08447266
-0.07095109
-0.05537846
-0.03968635
-0.02586439
-0.01478328
-0.005748085
0.002939743
0.0129605
0.02554507
0.0405119
0.05630051
0.07151513
0.08546156
0.09726982
0.1063039
0.1125134
0.116059
0.1173456
0.1168684
0.1147522
0.1101385
0.1017412
0.08869505
0.07001784
0.04547824
0.01567654
-0.01773364
-0.05185995
-0.08217565
-0.1048232
-0.1178655
-0.1219617
-0.1197824
-0.1142588
-0.1077746
-0.1016932
-0.09661307
-0.09270189
-0.09014339
-0.08883848
-0.08815101
-0.08720623
-0.085397
-0.08217305
-0.07712818
-0.06982265
-0.06025313
-0.04872345
-0.03577819
-0.02209645
-0.008699882
0.00341588
0.01331182
0.02053648
0.02530247
0.02882871
0.03260742
0.03726406
0.04227803
0.04645571
0.04863127
0.04808568
0.04350108
0.03353405
0.01682753
-0.007297579
-0.03719389
-0.06649447
-0.08840056
-0.1000479
-0.1027902
-0.1000619
-0.09415234
-0.08579435
-0.07447744
-0.06004469
-0.04331964
-0.02542076
-0.007361045
0.009477497
0.02388052
0.03523018
0.04399677
0.05138477
0.05795524
0.06354011
0.06760168
0.06957097
0.06938225
0.06811825
0.06720126
0.06719357
0.06769147
0.06780626
0.06666444
0.06377433
0.0587004
0.05097594
0.04029867
0.02737189
0.01359821
-0.0007446061
-0.01617505
-0.03297767
-0.0499909
-0.064985
-0.0756078
-0.08104869
-0.08224076
-0.08089924
-0.07857942
-0.07591107
-0.07297692
-0.06999226
-0.06735406
-0.06535912
-0.06399317
-0.06310025
-0.06282247
-0.06230068
-0.05918838
-0.05217227
-0.042071
-0.03057484
-0.01979353
-0.01216157
-0.008428112
-0.006962677
-0.004817425
-0.0001364425
0.006494641
0.01347405
0.01959179
0.02422406
0.02723614
0.02866905
0.0285725
0.02701246
0.02390603
0.01932492
0.01350326
0.007021403
0.0008089938
-0.003863265
-0.006002479
-0.005125024
-0.001642236
0.003531517
0.01011444
0.0183182
0.02750822
0.03646529
0.04434334
0.05123801
0.05787241
0.06459226
0.07107869
0.07648853
0.07998941
0.08106695
0.07930321
0.07472051
0.0676132
0.05803435
0.04559889
0.03125895
0.0173427
0.006023369
-0.001871814
-0.006687903
-0.009372751
-0.01101461
-0.01236541
-0.01383869
-0.01558977
-0.01700917
-0.016703
-0.01311932
-0.00592924
0.003346325
0.01292445
0.02182654
0.028882
0.03298154
0.03393093
0.03262864
0.03046226
0.02820886
0.02591105
0.02334546
0.02034504
0.01675036
0.01262053
0.008328379
0.004671388
0.002373263
0.001830768
0.002929977
0.005175735
0.008169831
0.01152419
0.01444128
0.01624778
0.01675154
0.01572114
0.01299575
0.008704087
0.003251426
-0.00284846
-0.008663975
-0.01305542
-0.01503815
-0.01428676
-0.01095265
-0.005432307
0.001751837
0.01035456
0.01979971
0.02849061
0.03527763
0.04026249
0.04347053
0.04481995
0.04471427
0.04364386
0.04173526
0.03927738
0.03663873
0.03328476
0.02850526
0.02208943
0.01361373
0.00274604
-0.009516814
-0.02131572
-0.03098852
-0.03788569
-0.04237335
-0.04479913
-0.04545159
-0.04465421
-0.04260647
-0.03938796
-0.03546278
-0.03153697
-0.0280405
-0.02522053
-0.0234388
-0.02308948
-0.02422189
-0.02633759
-0.02853664
-0.02984255
-0.02993267
-0.02915164
-0.02759021
-0.02501746
-0.02094647
-0.01442986
-0.004598141
0.008143914
0.02243681
0.03728915
0.05148341
0.06315917
0.07091015
0.07473496
0.07557475
0.07464695
0.07281183
0.06996193
0.06545915
0.0584708
0.04837091
0.03462132
0.0176981
-0.0006254077
-0.01802278
-0.03277034
-0.04401084
-0.05162837
-0.05603805
-0.05761366
-0.05674259
-0.05352885
-0.04836764
-0.04208892
-0.03510751
-0.02747587
-0.01956622
-0.01173277
-0.004028615
0.002930092
0.008067831
0.01047138
0.01025267
0.008638915
0.007200703
0.007176157
0.00933297
0.01350807
0.01852595
0.0235656
0.02865475
0.03367204
0.03805957
0.04111467
0.04253151
0.04258377
0.04166643
0.04009456
0.03786401
0.03488104
0.03104032
0.02613487
0.02005215
0.01310504
0.005836522
-0.001290691
-0.007958826
-0.01389303
-0.01869283
-0.02219716
-0.02474533
-0.02657502
-0.02758882
-0.02777635
-0.02743932
-0.02692733
-0.02647162
-0.02614526
-0.0261126
-0.02652421
-0.0273524
-0.02850641
-0.03006064
-0.03203127
-0.03407063
-0.03490028
-0.03348099
-0.02992552
-0.02516401
-0.02022178
-0.01564304
-0.01151955
-0.00795594
-0.005374541
-0.004373674
-0.005158456
-0.00729382
-0.009981734
-0.01234466
-0.01357619
-0.01317429
-0.01125434
-0.008692396
-0.006166049
-0.003476773
-0.0003870563
0.00287302
0.005998249
0.00886226
0.01147505
0.01360476
0.01485688
0.01518175
0.01495806
0.01461537
0.01439533
0.01442255
0.01528118
0.01760138
0.02153442
0.02673106
0.03269943
0.03899545
0.04525291
0.05104835
0.05607737
0.06020893
0.06342976
0.06595253
0.0685571
0.07176416
0.07503793
0.07765279
0.0792971
0.07930517
0.07691746
0.07137601
0.06209051
0.04897188
0.03338455
0.01769407
0.004135769
-0.006121222
-0.01301307
-0.01731789
-0.02027091
-0.02283637
-0.0252498
-0.02696587
-0.02758976
-0.02724634
-0.02596453
-0.02394008
-0.02206167
-0.02118491
-0.0216517
-0.02377213
-0.02758537
-0.03251746
-0.0377975
-0.04287529
-0.04741768
-0.05126518
-0.05431453
-0.05665534
-0.05853481
-0.05984919
-0.06017741
-0.05900016
-0.05639449
-0.05325561
-0.05043519
-0.04809742
-0.04549671
-0.04161774
-0.03565847
-0.02786681
-0.01944232
-0.0112169
-0.003710559
0.001617419
0.003912952
0.003917823
0.002425716
-0.0001573512
-0.003242881
-0.006354679
-0.009498652
-0.01247463
-0.01482751
-0.01640731
-0.01746954
-0.01848639
-0.02040443
-0.02411574
-0.02912403
-0.03411177
-0.03821923
-0.04098698
-0.04213921
-0.04193423
-0.04094329
-0.03921063
-0.03663416
-0.03346916
-0.03029278
-0.02772718
-0.02642076
-0.02651237
-0.02751301
-0.02914419
-0.03143311
-0.03406973
-0.03636862
-0.03753006
-0.03701604
-0.03470962
-0.03042128
-0.02402696
-0.01541024
-0.00494771
0.006363418
0.01742521
0.02740879
0.03550267
0.04131518
0.04514699
0.04794442
0.05062451
0.0527992
0.05362425
0.05281413
0.05062462
0.04758255
0.04418592
0.04038674
0.03523289
0.0283213
0.02044818
0.01264416
0.005670254
0.0003238056
-0.003075368
-0.004927496
-0.005776148
-0.00605874
-0.006057677
-0.005814137
-0.005093519
-0.003611755
-0.001315492
0.001545217
0.004816826
0.008735937
0.01327559
0.01793139
0.02227354
0.02611755
0.02940196
0.03251312
0.03618192
0.04071248
0.04589939
0.05155994
0.05769325
0.06438942
0.07178503
0.07978615
0.08776377
0.09465007
0.09936765
0.1020022
0.1035447
0.1039615
0.102706
0.0997474
0.09564089
0.09101756
0.08561288
0.07884593
0.07057146
0.06108419
0.05082372
0.0400282
0.02897648
0.01839309
0.008678031
-0.0005957212
-0.01017881
-0.02032015
-0.02996493
-0.03783299
-0.04341567
-0.04702644
-0.04936825
-0.05068056
-0.05101279
-0.05064552
-0.04996307
-0.04920239
-0.04822365
-0.04688895
-0.04547557
-0.04417782
-0.04281456
-0.04117722
-0.03898044
-0.03522247
-0.02922305
-0.021332
-0.01229375
-0.002898856
0.005867392
0.01356415
0.02069093
0.0277272
0.03464232
0.04098241
0.04625576
0.05013294
0.05309417
0.05609255
0.0590091
0.06099957
0.06151642
0.06059466
0.05862779
0.05593198
0.05272352
0.04921879
0.04561663
0.04199578
0.03818538
0.03384409
0.02841838
0.02173366
0.01434423
0.007275453
0.001438057
-0.002839641
-0.005704585
-0.007321557
-0.007955471
-0.008132621
-0.008488758
-0.009418525
-0.01082934
-0.01241126
-0.01389932
-0.01522865
-0.01645703
-0.01770106
-0.01914054
-0.02095296
-0.02275218
-0.02388223
-0.02414978
-0.02398771
-0.02409465
-0.02484449
-0.02608693
-0.02748007
-0.02885712
-0.03038037
-0.03191725
-0.03275772
-0.03164154
-0.02768857
-0.02079069
-0.01203087
-0.003307081
0.004020671
0.00957717
0.01318199
0.01493775
0.01534825
0.01485795
0.01365975
0.01141498
0.007817885
0.00300608
-0.002359201
-0.007462449
-0.01195487
-0.01617105
-0.02098113
-0.02687941
-0.03353786
-0.04010727
-0.04577137
-0.0498719
-0.05199589
-0.05206568
-0.05057827
-0.04830131
-0.04532491
-0.04138371
-0.03646682
-0.03125706
-0.0266438
-0.02270903
-0.01906264
-0.01564155
-0.01287751
-0.01115016
-0.009922411
-0.008474711
-0.007018696
-0.006079542
-0.005694673
-0.005156022
-0.003868322
-0.002288912
-0.0009118702
0.0005087547
0.002157329
0.00384077
0.005332012
0.00645699
0.007075914
0.007402009
0.007947711
0.009206099
0.01117577
0.01324994
0.0148886
0.01601362
0.01685992
0.01760514
0.01810016
0.0181755
0.01781384
0.01674002
0.01483826
0.01285153
0.01157479
0.0111054
0.01106238
0.01112689
0.01166361
0.01297117
0.01462427
0.01589694
0.01624382
0.01521937
0.01272769
0.009049055
0.004525068
-0.0006592636
-0.006761038
-0.01397187
-0.02192082
-0.02958544
-0.03581138
-0.04031683
-0.04353833
-0.04546053
-0.04602778
-0.04567861
-0.04499085
-0.04424533
-0.04299635
-0.04102142
-0.0389967
-0.03760956
-0.03704349
-0.03747432
-0.03872394
-0.0398996
-0.04044519
-0.04062201
-0.04089575
-0.04123303
-0.04073155
-0.03873951
-0.03548121
-0.03123877
-0.02603642
-0.01960854
-0.01208714
-0.004286178
0.002897401
0.009056515
0.01439607
0.01928269
0.02378048
0.02767775
0.03076028
0.03288061
0.03415274
0.03487356
0.03489248
0.03375996
0.0318666
0.02999147
0.02811827
0.02613281
0.02444135
0.02337567
0.02271909
0.02161559
0.01957967
0.01698617
0.01407515
0.01063367
0.006280279
0.0006593361
-0.006659424
-0.0157538
-0.02591263
-0.03532027
-0.04235417
-0.04655184
-0.04819442
-0.04789995
-0.0466675
-0.04534707
-0.04376465
-0.04145757
-0.03851868
-0.03596157
-0.03482797
-0.03521512
-0.03656562
-0.03831389
-0.03976665
-0.04032653
-0.03996191
-0.03889381
-0.03701565
-0.03411847
-0.03020656
-0.02539312
-0.02010504
-0.01523437
-0.01120415
-0.007602107
-0.003877448
3.200081e-05
0.003426545
0.005598372
0.006360538
0.005718411
0.003685559
-0.0001583411
-0.006117499
-0.01392116
-0.02249599
-0.03041162
-0.03656996
-0.04074524
-0.04335449
-0.04443566
-0.0436131
-0.04077113
-0.0362732
-0.03042349
-0.0235924
-0.01631959
-0.009049814
-0.002266737
0.002918008
0.005908819
0.007295211
0.007901869
0.008174253
0.008005917
0.007227155
0.006012513
0.005030729
0.004980051
0.005958937
0.007625528
0.009676022
0.01160516
0.01287737
0.01382676
0.01504955
0.01626325
0.01677737
0.0161495
0.01411617
0.01082388
0.007082865
0.003678385
0.0008686613
-0.001346384
-0.003101516
-0.004871162
-0.007054157
-0.009639559
-0.0123791
-0.01498996
-0.01709135
-0.01820813
-0.01777551
-0.01607319
-0.01427221
-0.01321761
-0.01294986
-0.01307056
-0.01347121
-0.01440244
-0.01558993
-0.01636614
-0.01645368
-0.01604491
-0.01550396
-0.01507386
-0.01469176
-0.01369459
-0.01147723
-0.007958468
-0.003395183
0.001927248
0.008147172
0.01539107
0.02329942
0.03103692
0.03770946
0.04289437
0.04675627
0.0496147
0.05154835
0.05241726
0.05229583
0.05146738
0.04979391
0.04715239
0.04384436
0.04031292
0.03697927
0.03445577
0.03284108
0.03130508
0.0292589
0.02692942
0.02499758
0.02379396
0.02294009
0.02205301
0.02109964
0.01976005
0.01741662
0.01326606
0.007046499
-0.0007685183
-0.009750819
-0.01944351
-0.02862147
-0.03620838
-0.04196156
-0.04568093
-0.04724421
-0.04712529
-0.04600607
-0.04403666
-0.0410787
-0.03700673
-0.03138516
-0.02422286
-0.01664382
-0.009761086
-0.003838916
0.001496109
0.006579113
0.01108305
0.01449651
0.01674174
0.01837064
0.02003042
0.0215156
0.02258654
0.02365541
0.0248246
0.02569484
0.02624638
0.0266906
0.0269391
0.02668125
0.02562439
0.02334963
0.01940554
0.01312764
0.00438791
-0.006050755
-0.01712425
-0.02774324
-0.03650474
-0.04269611
-0.04673334
-0.04903946
-0.04980453
-0.04910547
-0.0468119
-0.04239826
-0.03572017
-0.02741914
-0.01848128
-0.009766482
-0.001836678
0.005101715
0.01116522
0.01668523
0.02201021
0.02731982
0.03262144
0.03784371
0.04293442
0.04796133
0.05321854
0.05877235
0.06420366
0.06896164
0.07274684
0.07543341
0.07675132
0.07603105
0.07283622
0.0673734
0.05976082
0.05004161
0.03830356
0.02549288
0.01323896
0.002393133
-0.007620067
-0.01868828
-0.03243478
-0.04903681
-0.0669863
-0.08392851
-0.09722914
-0.105555
-0.1092999
-0.1091898
-0.1059598
-0.100107
-0.0916011
-0.0794963
-0.06339131
-0.04453269
-0.02602604
-0.01112787
-0.002049168
0.001725604
0.003147713
0.005077366
0.00878527
0.0140688
0.02016675
0.02671386
0.03482044
0.04558028
0.05776509
0.06824764
0.07373524
0.07324417
0.06885958
0.06467742
0.0633727
0.06410704
0.06395279
0.06024835
0.05191866
0.04014639
0.02787765
0.0169865
0.007161785
-0.002944713
-0.0142671
-0.02689418
-0.0398385
-0.05143953
-0.060144
-0.06527007
-0.06630945
-0.06280022
-0.05417746
-0.04021764
-0.02223974
-0.004176735
0.01015142
0.01933165
0.02387271
0.02523922
0.02483232
0.02351281
0.0213046
0.01840316
0.01563456
0.01405236
0.01437875
0.01737573
0.02351861
0.03245754
0.04196627
0.04907523
0.05160043
0.04952326
0.04474793
0.03933267
0.03456441
0.03106047
0.02868391
0.02645445
0.02311991
0.01792337
0.01142215
0.004966595
-0.0001428519
-0.003573618
-0.005975503
-0.008199467
-0.01071226
-0.01347306
-0.01595091
-0.01751602
-0.01841924
-0.01944323
-0.02055326
-0.02150062
-0.02261423
-0.0240819
-0.02562332
-0.0269657
-0.02825787
-0.03012219
-0.03276539
-0.03565374
-0.03799866
-0.03932943
-0.03951553
-0.03839136
-0.03571311
-0.03167695
-0.0268778
-0.02166026
-0.01614891
-0.01050598
-0.00506749
-0.0001474131
0.00424107
0.008314996
0.01230612
0.01631838
0.02043742
0.02512103
0.03062924
0.03645521
0.04181909
0.04611577
0.04869934
0.04920364
0.04773957
0.04518447
0.04282739
0.04093544
0.03889654
0.03622924
0.03297444
0.02940136
0.02541564
0.02080048
0.01614034
0.01228224
0.009679755
0.008487351
0.008655265
0.009983641
0.01191042
0.01343059
0.01394801
0.01365588
0.01309283
0.01266983
0.01244316
0.0119886
0.01061842
0.007926373
0.004033052
-0.0007604541
-0.006085667
-0.01148638
-0.01632161
-0.02003201
-0.02243798
-0.02395227
-0.02529559
-0.02626856
-0.02591468
-0.02387422
-0.02060276
-0.01663259
-0.01219688
-0.007308678
-0.002019467
0.003487613
0.008950377
0.01379435
0.01720663
0.01881466
0.01887508
0.01760626
0.0154102
0.01305854
0.01109187
0.009503467
0.007777485
0.005483169
0.002657875
-0.0003844885
-0.003348416
-0.006121297
-0.008747263
-0.01132506
-0.01391574
-0.01652066
-0.01909932
-0.02146645
-0.02307325
-0.02374648
-0.02404195
-0.0245544
-0.02541648
-0.02615246
-0.02607091
-0.02464984
-0.02197721
-0.01868128
-0.01536227
-0.01219244
-0.008834305
-0.00482289
-1.564725e-05
0.005097981
0.00978531
0.01353571
0.01636417
0.01862399
0.02027544
0.02093474
0.02015742
0.01824003
0.01632055
0.01522231
0.01506427
0.01592126
0.01748805
0.01887766
0.01984636
0.02095647
0.02266007
0.02471194
0.02627788
0.02697908
0.02716161
0.02687281
0.02575147
0.02325786
0.01905381
0.01314457
0.005628747
-0.002971457
-0.01119
-0.01777269
-0.02253393
-0.02593915
-0.02851227
-0.03015056
-0.03045593
-0.02917061
-0.02654417
-0.02327128
-0.01994905
-0.01664469
-0.01277996
-0.007953052
-0.002382092
0.003427194
0.00907835
0.01442641
0.01939672
0.02387187
0.02786886
0.03150133
0.03463831
0.03692237
0.03794985
0.03758308
0.03601529
0.0332375
0.02934577
0.0247057
0.01924889
0.01247201
0.003904039
-0.006113027
-0.01621513
-0.02514428
-0.03250247
-0.03851029
-0.04352055
-0.04746208
-0.05000873
-0.05091792
-0.05004672
-0.04749509
-0.04331559
-0.03770199
-0.03092042
-0.02263677
-0.0124901
-0.001397319
0.008867669
0.01656701
0.02086617
0.02209998
0.0210516
0.01864004
0.0157728
0.01329616
0.0117292
0.01057611
0.009000231
0.006914224
0.004607964
0.002128957
-0.0007583767
-0.004176349
-0.007694925
-0.0105744
-0.01219084
-0.01254088
-0.01220484
-0.01178911
-0.0115939
-0.01153307
-0.01107286
-0.0097135
-0.007917207
-0.006380947
-0.004906578
-0.002978692
-0.0005604114
0.001647633
0.002906841
0.003142846
0.002668781
0.001665389
-0.0001297326
-0.002999475
-0.006774821
-0.01096403
-0.01512962
-0.01908524
-0.02281425
-0.02614396
-0.0288361
-0.03076524
-0.03221522
-0.03370782
-0.0352991
-0.03661862
-0.03722799
-0.03704295
-0.03625502
-0.03454826
-0.03149647
-0.02724706
-0.02212781
-0.01612362
-0.008906274
-0.0003016775
0.009544428
0.01993354
0.02964268
0.03748522
0.04284871
0.0454975
0.04567503
0.04391458
0.04076564
0.03666528
0.03152457
0.02498097
0.01654199
0.006447671
-0.00411735
-0.01372575
-0.02158434
-0.02768942
-0.03225551
-0.0352446
-0.03664213
-0.03679868
-0.03629558
-0.03564741
-0.03512725
-0.03493534
-0.03515823
-0.03544076
-0.03515426
-0.03370671
-0.03120786
-0.02836141
-0.0253235
-0.02188733
-0.01821994
-0.01452269
-0.01073084
-0.006956105
-0.003333479
0.0005874878
0.005136579
0.009914153
0.0142168
0.01762647
0.02027642
0.02259032
0.02489433
0.02711415
0.02890018
0.02985898
0.02983292
0.02891396
0.02756214
0.02633139
0.02504169
0.02322882
0.02102537
0.01887133
0.01701218
0.01542646
0.0140222
0.01293344
0.01216325
0.01138298
0.01050812
0.009673369
0.008494815
0.006532731
0.00387116
0.0009008324
-0.002065068
-0.005146088
-0.008588638
-0.01243029
-0.01665609
-0.02125574
-0.02591184
-0.03021078
-0.03401637
-0.0373358
-0.04006291
-0.04181744
-0.04222752
-0.04096546
-0.03807505
-0.03390994
-0.02845212
-0.02162927
-0.01427316
-0.007546689
-0.002116269
0.001793049
0.004361211
0.006315761
0.008360238
0.01049091
0.01239384
0.01391595
0.01513954
0.01616813
0.01686362
0.01709811
0.01694705
0.01639681
0.01544629
0.01448038
0.01402168
0.01432991
0.01510557
0.01572931
0.0158538
0.01533755
0.01392354
0.01158588
0.008617866
0.004954187
0.000522686
-0.004218348
-0.0087214
-0.01276384
-0.01622609
-0.01895821
-0.02055801
-0.02078563
-0.01978893
-0.01784305
-0.01513685
-0.01141769
-0.006554086
-0.0009406963
0.004881132
0.01048843
0.01552157
0.01975451
0.02314584
0.02586999
0.02827911
0.03063509
0.03304324
0.03543731
0.03759623
0.03923221
0.04031912
0.04114499
0.04225849
0.04397072
0.04599865
0.04716133
0.04615786
0.04214127
0.03512313
0.02568482
0.01477109
0.003433537
-0.007643765
-0.01779463
-0.02582105
-0.03125318
-0.0348503
-0.03730195
-0.03869462
-0.03846976
-0.03641861
-0.03303794
-0.0284886
-0.02254295
-0.01493597
-0.006136419
0.002520162
0.009735579
0.01484444
0.01725004
0.01694732
0.01472199
0.0112483
0.006949866
0.002596031
-0.0011739
-0.004477408
-0.007278321
-0.009085715
-0.009709882
-0.009377357
-0.008075348
-0.005844635
-0.00304392
-9.113503e-05
0.002827195
0.005932832
0.009339258
0.01279265
0.01638303
0.02052429
0.02532514
0.03040808
0.03505679
0.03837886
0.03976238
0.03925489
0.03752118
0.03542026
0.03365196
0.03247765
0.03131032
0.02944653
0.02699566
0.0243692
0.0216721
0.01885248
0.01578621
0.01195889
0.007068441
0.001435634
-0.0043963
-0.01004019
-0.01538395
-0.02029982
-0.02435946
-0.02721128
-0.02879127
-0.02876255
-0.02700462
-0.02404167
-0.02048921
-0.01663485
-0.01257493
-0.008460882
-0.004694691
-0.001803885
-0.0002613988
-0.0003897023
-0.001952857
-0.003786283
-0.004940725
-0.005539395
-0.006150164
-0.007074805
-0.008022018
-0.008573532
-0.008638666
-0.008409699
-0.00804169
-0.007167944
-0.00537708
-0.002775945
0.0002018535
0.003108756
0.005543028
0.007325264
0.008607103
0.009555622
0.01002669
0.009348103
0.006972171
0.003176944
-0.001117845
-0.004957205
-0.007970118
-0.01040958
-0.01271489
-0.01516329
-0.01771472
-0.01988745
-0.02103624
-0.02083275
-0.01950942
-0.01761907
-0.01536184
-0.01245888
-0.008758229
-0.004367146
0.0008720556
0.006887117
0.01310426
0.01920096
0.02523459
0.03105034
0.03621209
0.04015081
0.04242091
0.04304244
0.04257119
0.04174107
0.04096255
0.03998037
0.03823452
0.03578004
0.03310064
0.03035328
0.02745801
0.02439605
0.02123043
0.01791932
0.01399604
0.009400221
0.004908269
0.001184629
-0.001808205
-0.00472676
-0.008031864
-0.01152743
-0.01498698
-0.01848612
-0.02212685
-0.02579594
-0.02912945
-0.03190932
-0.03416428
-0.03566328
-0.03617579
-0.03589672
-0.0352619
-0.0346321
-0.03413827
-0.03367153
-0.03284946
-0.03143726
-0.02954644
-0.02727418
-0.02462152
-0.02166563
-0.01856961
-0.01547786
-0.01245871
-0.009511032
-0.006607934
-0.003728443
-0.0008984172
0.001701661
0.003817931
0.005410217
0.006600568
0.00735111
0.007633885
0.007563286
0.00711847
0.006214779
0.004941013
0.003630046
0.002720333
0.002375217
0.002510189
0.003387784
0.005228075
0.007720212
0.01004044
0.01147075
0.01238027
0.01337603
0.014074
0.01417819
0.01416288
0.01432475
0.01444991
0.01406411
0.01295646
0.01127237
0.008938176
0.005815583
0.002313249
-0.0009992406
-0.003904022
-0.006511027
-0.008984509
-0.0111988
-0.01307519
-0.01486984
-0.01653121
-0.01760468
-0.01788644
-0.01761107
-0.0171387
-0.01656427
-0.01573874
-0.01477913
-0.01400805
-0.01354701
-0.01316755
-0.01240923
-0.0108706
-0.00848937
-0.005547743
-0.002206685
0.001797506
0.00661904
0.01199496
0.0174991
0.02262964
0.02678117
0.02977763
0.03194428
0.03331453
0.03370093
0.033038
0.03170456
0.03040284
0.0295586
0.0290668
0.02835929
0.02689492
0.02449751
0.02141575
0.0181122
0.01493489
0.01209886
0.009783123
0.007977898
0.006509702
0.005428067
0.004929051
0.005160704
0.005873104
0.006499691
0.006697985
0.006516116
0.006218691
0.006163277
0.00665476
0.007692999
0.009010111
0.01032891
0.0115206
0.01256926
0.01334235
0.01367047
0.01358197
0.01327205
0.0129348
0.01265992
0.01248793
0.01262502
0.01314021
0.01366358
0.01383059
0.01361126
0.01319252
0.01269606
0.01193505
0.01073426
0.00913831
0.007135617
0.004684818
0.001894773
-0.001029666
-0.003921898
-0.006718963
-0.009437927
-0.01211969
-0.01479001
-0.01735456
-0.01923117
-0.01970226
-0.0187354
-0.01686617
-0.01454455
-0.01215932
-0.01009965
-0.008481756
-0.007221162
-0.006373421
-0.005977794
-0.005968382
-0.006596137
-0.008107684
-0.0101195
-0.01214623
-0.01414482
-0.01608769
-0.01774322
-0.01874893
-0.01888145
-0.01813425
-0.01674784
-0.01506397
-0.01310802
-0.01076461
-0.008099835
-0.005455249
-0.003248058
-0.001607089
-0.0004116836
0.0003332772
0.000624355
0.000656102
0.0008415379
0.001468572
0.002239658
0.002708355
0.002755896
0.002541037
0.002290676
0.002133159
0.002071774
0.002070367
0.002256149
0.002802228
0.003488783
0.003926331
0.003936281
0.003314765
0.001818101
-0.0002865252
-0.00259743
-0.005576125
-0.009608303
-0.01419402
-0.01844745
-0.02181528
-0.02435243
-0.02624901
-0.02730882
-0.02708048
-0.02537705
-0.02257269
-0.01933598
-0.01617248
-0.01325025
-0.01044015
-0.007351193
-0.003701149
0.0003851659
0.004444913
0.007933461
0.01048774
0.01213199
0.01318703
0.01363971
0.01302409
0.0115532
0.01002142
0.008447848
0.006418936
0.003830113
0.0008924532
-0.00210173
-0.00496247
-0.007560748
-0.00966554
-0.0110412
-0.01167843
-0.01203671
-0.01267219
-0.01373335
-0.01489202
-0.01568088
-0.01613013
-0.01664871
-0.01748356
-0.01846698
-0.01915551
-0.01930494
-0.01903687
-0.01863971
-0.01844035
-0.0187522
-0.01962676
-0.02077013
-0.02163723
-0.02187217
-0.02157721
-0.02108206
-0.02052521
-0.01925685
-0.01666419
-0.01310081
-0.009092028
-0.00467987
-1.108672e-06
0.004647116
0.009319532
0.0140944
0.01861529
0.02202532
0.02376032
0.02458588
0.02560009
0.02700529
0.0282801
0.02882089
0.02827566
0.02666687
0.0242097
0.02122962
0.01804816
0.0146418
0.01084727
0.006702108
0.002545713
-0.001171533
-0.0042841
-0.006856961
-0.008604383
-0.009337866
-0.00925104
-0.008189831
-0.005897384
-0.003035247
-0.0004713082
0.001686192
0.00360227
0.005295888
0.006745059
0.007824782
0.008072819
0.007273679
0.005671475
0.003295842
5.580014e-05
-0.003831797
-0.007840711
-0.0113645
-0.01399477
-0.01571977
-0.01687713
-0.01775047
-0.01831291
-0.0184864
-0.01830309
-0.01765246
-0.01647414
-0.01490404
-0.01300909
-0.01072161
-0.008076197
-0.00532858
-0.002956694
-0.001364497
-0.0006529074
-0.0005694584
-0.0006366327
-0.0003117672
0.000499799
0.001333271
0.00177335
0.001725482
0.001132894
0.0001593322
-0.0007308202
-0.001398038
-0.002122281
-0.003144898
-0.004460604
-0.005906993
-0.007325468
-0.008647037
-0.009896052
-0.01121124
-0.01287874
-0.0148879
-0.01682429
-0.01836478
-0.01944768
-0.01997399
-0.01981852
-0.01898042
-0.01783273
-0.01691068
-0.01643479
-0.01627913
-0.01619596
-0.01602473
-0.01574513
-0.01541361
-0.01499252
-0.01426588
-0.01326801
-0.01237172
-0.01184129
-0.01172872
-0.0121396
-0.01322035
-0.01492891
-0.01663448
-0.01758184
-0.01762705
-0.01714477
-0.01660246
-0.0162466
-0.01596339
-0.01508527
-0.013353
-0.01148457
-0.01006517
-0.008927903
-0.007450232
-0.0052256
-0.002380312
0.0006933277
0.003664473
0.006421873
0.008945021
0.01109018
0.01291796
0.01474167
0.01638209
0.01735943
0.01755782
0.01726252
0.01692197
0.01717833
0.01840349
0.019928
0.02094522
0.0214856
0.02199683
0.02273294
0.02344245
0.02375791
0.02360947
0.02318472
0.02267415
0.02196998
0.02094267
0.01983589
0.01869271
0.01710642
0.01502028
0.0128458
0.01091178
0.009146165
0.007184522
0.004986596
0.002828766
0.0007064621
-0.001366473
-0.002938839
-0.003866792
-0.004575155
-0.005485326
-0.006612188
-0.007543894
-0.007953228
-0.007853409
-0.007268662
-0.00622108
-0.004859742
-0.003384831
-0.001972784
-0.0008794268
-0.0004179656
-0.001090418
-0.003037121
-0.005808778
-0.008997095
-0.01240841
-0.01570634
-0.01849092
-0.02045409
-0.02130152
-0.02080904
-0.01875543
-0.01536925
-0.01147723
-0.007550085
-0.003307179
0.001547755
0.006781908
0.01148982
0.01490057
0.01689116
0.0177315
0.01784523
0.01763846
0.01726309
0.01650883
0.01504508
0.01275942
0.009868144
0.006549053
0.002635972
-0.001495979
-0.004913788
-0.007380455
-0.009244761
-0.01054354
-0.01149065
-0.0127209
-0.01440035
-0.01615704
-0.017665
-0.01900357
-0.02049455
-0.02195539
-0.02283967
-0.02292117
-0.02220134
-0.02051325
-0.01770812
-0.01398919
-0.01003466
-0.006489139
-0.003491894
-0.0008188547
0.001773439
0.004174206
0.006151475
0.007685644
0.008949822
0.01018308
0.01172364
0.01372723
0.01581591
0.01753552
0.01883454
0.02011291
0.02172592
0.02320496
0.02392422
0.02383774
0.0233137
0.02275876
0.02236919
0.02212486
0.02196408
0.02214725
0.0230974
0.02466506
0.02627763
0.02758044
0.02871295
0.03003744
0.03133968
0.03218517
0.03292155
0.03389833
0.03471132
0.03491097
0.03450046
0.03374557
0.03259919
0.03043856
0.02710575
0.02315886
0.01876968
0.01379568
0.008330708
0.002805873
-0.002229592
-0.006366006
-0.009583212
-0.01221519
-0.01452442
-0.01648774
-0.01805548
-0.01925831
-0.01996834
-0.02012407
-0.01987479
-0.01927007
-0.01819754
-0.01640441
-0.0136366
-0.009682797
-0.004849834
3.771673e-05
0.004185308
0.007336357
0.009773673
0.01165626
0.01271386
0.0124211
0.01069648
0.008254505
0.005666364
0.00279895
-0.0003995761
-0.003755324
-0.007555074
-0.01187972
-0.01597349
-0.01883581
-0.02006506
-0.02032374
-0.02050248
-0.02079706
-0.02081775
-0.02015234
-0.01877803
-0.01701907
-0.01518233
-0.01312407
-0.01038958
-0.007036733
-0.003594059
-0.0005003408
0.001899077
0.003228198
0.003317948
0.002339114
0.0005108103
-0.001785485
-0.003950339
-0.005634879
-0.006961525
-0.00843987
-0.0102586
-0.01182576
-0.01257777
-0.01264803
-0.01292707
-0.01404508
-0.01544811
-0.01631056
-0.0163127
-0.01527876
-0.01332918
-0.01136346
-0.01006918
-0.009230372
-0.008321971
-0.007012322
-0.005071908
-0.002514031
0.0003615209
0.003243482
0.005976572
0.008555301
0.01084988
0.01243957
0.01343769
0.01444006
0.01499013
0.01433661
0.01293868
0.01173878
0.01113406
0.0107681
0.01012742
0.009280452
0.008581022
0.008232223
0.008382392
0.009039691
0.009773394
0.01012876
0.01003886
0.009713648
0.009296366
0.008391311
0.006774537
0.005025543
0.003333349
0.001107442
-0.001839428
-0.005079689
-0.008166685
-0.0109368
-0.01343711
-0.01560481
-0.01725891
-0.01818431
-0.0185171
-0.01878726
-0.01920937
-0.01956488
-0.01962504
-0.01926882
-0.01840219
-0.01725474
-0.01620221
-0.0149875
-0.01330458
-0.01159682
-0.01011785
-0.008532509
-0.0069391
-0.005734808
-0.004808348
-0.003796799
-0.00252833
-0.001061387
0.0004512627
0.001895836
0.003247992
0.004509431
0.005519394
0.006121943
0.006588784
0.007209847
0.007758147
0.007596215
0.006209345
0.00372604
0.0009182783
-0.001171694
-0.002366493
-0.003430023
-0.004624565
-0.005579263
-0.006024198
-0.006020231
-0.005812041
-0.005615107
-0.005515249
-0.005469701
-0.005283968
-0.004691713
-0.003804613
-0.003000531
-0.002264188
-0.001338748
-0.0001263993
0.001287099
0.002701084
0.003764726
0.004339129
0.004790448
0.005382876
0.005944771
0.006243673
0.006176902
0.005608525
0.004660553
0.003767948
0.003042107
0.00222571
0.001107228
-0.0004140731
-0.002410104
-0.004637317
-0.006635129
-0.008173018
-0.00924653
-0.009849565
-0.01020696
-0.01066258
-0.01093165
-0.01049332
-0.009302959
-0.007854089
-0.006702656
-0.00564154
-0.004113813
-0.002173651
-0.0002439118
0.001374705
0.002465867
0.0030051
0.003442524
0.004251653
0.005468334
0.006684739
0.00742027
0.007571881
0.007476661
0.007709661
0.008567835
0.00984784
0.01096058
0.01136653
0.01081573
0.009474893
0.007800897
0.006169552
0.00471906
0.00338842
0.002065016
0.0007557181
-0.0001053456
-7.536027e-05
0.0005696626
0.001315058
0.002089694
0.003038014
0.004162717
0.005119055
0.005489057
0.005021509
0.003821424
0.00223196
0.0003674455
-0.001670493
-0.003312551
-0.004253978
-0.004888955
-0.005707699
-0.006814857
-0.007798229
-0.008266462
-0.008229344
-0.007947519
-0.007626472
-0.007096486
-0.006131263
-0.00477073
-0.003222509
-0.001685947
-0.0002472264
0.001108667
0.002435874
0.003773404
0.005081144
0.006103261
0.006685703
0.007167438
0.00795121
0.009150226
0.01081608
0.0128376
0.01447855
0.01501371
0.01426968
0.01244202
0.009905016
0.00706056
0.004204198
0.00143907
-0.001257744
-0.003945334
-0.006637561
-0.009225068
-0.01137713
-0.01276917
-0.01331096
-0.01323181
-0.012915
-0.01263713
-0.0124781
-0.01234193
-0.01192719
-0.01097474
-0.009553356
-0.008056145
-0.00698763
-0.006538051
-0.006503331
-0.006564723
-0.006521837
-0.00635301
-0.006137552
-0.005955352
-0.005825656
-0.005634966
-0.005075732
-0.003982432
-0.00255213
-0.00128722
-0.0005934348
-0.0004524134
-0.000573948
-0.0007495943
-0.001299625
-0.002706001
-0.004978735
-0.007595982
-0.009857217
-0.01144146
-0.01242494
-0.01262473
-0.01188236
-0.01045201
-0.008758437
-0.00711628
-0.005623284
-0.004311713
-0.003367543
-0.002898852
-0.002767843
-0.002756099
-0.002710151
-0.002596066
-0.002449404
-0.002355063
-0.002544028
-0.003231831
-0.004353687
-0.005551631
-0.006277239
-0.005949229
-0.004296541
-0.001622948
0.001548463
0.005086679
0.009498269
0.01534075
0.02207282
0.02839234
0.03310469
0.03569632
0.03637186
0.03565555
0.03410213
0.03191299
0.02904633
0.02546804
0.02152185
0.01781332
0.01488665
0.01273209
0.01079391
0.008914764
0.007493356
0.00677883
0.006621632
0.006657293
0.006454263
0.005688284
0.004396965
0.003109703
0.002912844
0.004235678
0.006392351
0.008693634
0.01081719
0.01226263
0.01274987
0.01252837
0.01186037
0.01078508
0.009124018
0.007035884
0.005278955
0.004396902
0.004270659
0.00445212
0.00456156
0.004477723
0.00427688
0.00404555
0.003617748
0.002931712
0.002518788
0.002596419
0.00264954
0.002582744
0.002772687
0.003194723
0.003541598
0.003621482
0.003271763
0.002238991
-0.0001652387
-0.004064175
-0.008442051
-0.0126012
-0.01662153
-0.02012792
-0.02256218
-0.02395316
-0.02461613
-0.02474672
-0.02427934
-0.02316612
-0.02155639
-0.01958293
-0.01728537
-0.01511867
-0.01357068
-0.01218039
-0.010222
-0.00754551
-0.004452552
-0.001445844
0.0007401645
0.001924099
0.002944763
0.004462851
0.006302971
0.007785435
0.008456598
0.008395297
0.007846461
0.006960323
0.006055971
0.005481081
0.00531628
0.005534387
0.006145669
0.006901952
0.007407738
0.00749934
0.007180502
0.006339818
0.004620152
0.001747344
-0.002063558
-0.0061746
-0.009805346
-0.01229036
-0.01345434
-0.0141123
-0.01506886
-0.01583007
-0.0156079
-0.01441817
-0.01319142
-0.01275315
-0.01273646
-0.01260033
-0.01248579
-0.01234286
-0.0118126
-0.01101146
-0.01032937
-0.009916874
-0.009515981
-0.008727473
-0.007422257
-0.005682307
-0.003507749
-0.0009337003
0.001861113
0.004690324
0.007446753
0.01012017
0.01274218
0.01534395
0.01792798
0.0203488
0.022024
0.02259209
0.0223356
0.0217877
0.02134061
0.02106397
0.02062229
0.01935998
0.01701767
0.01386079
0.00991571
0.005127922
-0.0001952376
-0.005326017
-0.009451556
-0.01217964
-0.01373857
-0.01471847
-0.01549332
-0.01598489
-0.0158479
-0.01490808
-0.01336255
-0.01159181
-0.009884436
-0.008331405
-0.006875858
-0.005429679
-0.003946389
-0.002437699
-0.000936613
0.0004803299
0.001556808
0.002194304
0.002746329
0.003430053
0.004141009
0.00513472
0.006748085
0.008702233
0.01050193
0.01197324
0.01342665
0.01527965
0.01759545
0.01989794
0.02146955
0.02239587
0.02338282
0.02440996
0.02501124
0.02496559
0.02408386
0.02218618
0.01944151
0.01630456
0.01310111
0.009496817
0.004772866
-0.001043694
-0.007132371
-0.01254898
-0.01678791
-0.01986994
-0.02201413
-0.0233923
-0.02370637
-0.0225579
-0.01980071
-0.01578889
-0.01118648
-0.006335087
-0.00159082
0.002232507
0.004861166
0.006863291
0.008672459
0.01025616
0.01134465
0.01211779
0.01318514
0.01448415
0.01541886
0.01566772
0.01523553
0.01425159
0.0131143
0.01235195
0.01237725
0.01308535
0.01389764
0.01471086
0.01590795
0.01747384
0.01904017
0.0203391
0.02118239
0.02146135
0.02127036
0.0207733
0.01992881
0.0188325
0.01781477
0.01689239
0.01587171
0.01485868
0.01381563
0.01233389
0.01056072
0.0090465
0.00758608
0.005757313
0.003707906
0.001792763
0.000124373
-0.001624915
-0.003807736
-0.006402926
-0.009004025
-0.01112957
-0.01264038
-0.01367069
-0.01424953
-0.01439947
-0.01428093
-0.01407051
-0.01387933
-0.01370743
-0.01339225
-0.01264991
-0.0113964
-0.009874826
-0.008612809
-0.007841064
-0.007222047
-0.00652212
-0.005837506
-0.005071385
-0.003927991
-0.002124087
0.0003367725
0.003147166
0.005971303
0.008476726
0.01011454
0.01065533
0.01038372
0.009375606
0.007659669
0.005927977
0.004760421
0.003975898
0.003322168
0.0027541
0.002065792
0.00114993
0.0002831165
-0.0004292084
-0.001221174
-0.002284096
-0.003498136
-0.004445478
-0.004852282
-0.004822408
-0.004626558
-0.004482489
-0.004471948
-0.004700019
-0.005301269
-0.006077417
-0.006624947
-0.006759972
-0.006458723
-0.005712322
-0.004782072
-0.00399615
-0.002991864
-0.001361853
0.0006272085
0.002487516
0.004045324
0.005617965
0.007506692
0.009460182
0.01095419
0.01164353
0.01161861
0.01125893
0.01088971
0.01049807
0.009829422
0.008938971
0.008058705
0.006819505
0.004793485
0.002077627
-0.0009348402
-0.003889412
-0.006650416
-0.009262924
-0.01183149
-0.01442206
-0.01698657
-0.01922659
-0.02080651
-0.02150446
-0.02126849
-0.02027748
-0.01905851
-0.01802525
-0.01676166
-0.01473801
-0.01197264
-0.008850193
-0.005756893
-0.002898495
-0.0004968299
0.001040131
0.001604091
0.001552069
0.001351922
0.001383754
0.001916082
0.002792806
0.00351776
0.003793572
0.003687905
0.003469895
0.003498737
0.004035837
0.004847469
0.005589153
0.006565404
0.007947012
0.009180264
0.009761737
0.009707872
0.009324584
0.008686562
0.007404109
0.005238728
0.002435499
-0.0005760254
-0.003481477
-0.006197893
-0.008796478
-0.0113322
-0.01359702
-0.01527838
-0.01615881
-0.01646027
-0.01674918
-0.01719683
-0.01755989
-0.01763383
-0.0174285
-0.01708807
-0.01675417
-0.01648824
-0.01627612
-0.01607408
-0.01585172
-0.01560549
-0.0153496
-0.01509942
-0.01485991
-0.01468042
-0.01490394
-0.0159197
-0.0172969
-0.01821093
-0.01829724
-0.01747816
-0.01568005
-0.01306473
-0.01005561
-0.007006005
-0.003948568
-0.0006054817
0.003191157
0.007214564
0.01064556
0.01278516
0.01355849
0.0134231
0.01306616
0.01313781
0.01381682
0.01460991
0.0149992
0.01488915
0.01450783
0.01420619
0.0143767
0.01501394
0.01559666
0.01551515
0.01459788
0.01336143
0.01217603
0.01070189
0.008564382
0.005830086
0.002827269
-0.0001368875
-0.002875914
-0.005047037
-0.006267424
-0.00654847
-0.0060266
-0.004314915
-0.00120802
0.002883487
0.007532334
0.01235374
0.01662523
0.01989172
0.02229261
0.02387713
0.02462932
0.02498214
0.0253575
0.02563981
0.02540996
0.02440129
0.02275215
0.02083637
0.01894163
0.01699548
0.01480551
0.01275353
0.01122537
0.009741543
0.007676854
0.00503097
0.0025807
0.0009011755
-0.0007679141
-0.003276948
-0.006516305
-0.01010696
-0.01380213
-0.01720171
-0.01980244
-0.02121885
-0.02170685
-0.0219874
-0.02231038
-0.02241373
-0.02185743
-0.02035457
-0.01794298
-0.01497308
-0.01187048
-0.008940606
-0.006542967
-0.005045543
-0.004224465
-0.003451275
-0.00235252
-0.001077198
-0.0001009367
0.0003056365
0.000263237
4.902124e-05
-0.0002355954
-0.0007914184
-0.001774263
-0.003092651
-0.004528373
-0.005810956
-0.006589113
-0.006591619
-0.005746703
-0.004063063
-0.001698612
0.00102525
0.003805736
0.006530594
0.009421025
0.01261795
0.01553074
0.01743548
0.01808109
0.01759286
0.0162731
0.01426828
0.01170841
0.008805568
0.00560187
0.002044754
-0.001580037
-0.004885361
-0.007769216
-0.01037948
-0.01282883
-0.01474977
-0.01588516
-0.01683368
-0.0180346
-0.01910723
-0.01960153
-0.0193695
-0.01815943
-0.01617826
-0.01428859
-0.01274588
-0.01114812
-0.009610767
-0.008333933
-0.006918823
-0.005294205
-0.003976625
-0.003316496
-0.003110777
-0.002806238
-0.002334118
-0.002160748
-0.002185242
-0.002007747
-0.001912641
-0.002237857
-0.002763955
-0.003139719
-0.00322984
-0.003154624
-0.003334361
-0.00431747
-0.005879218
-0.007167582
-0.00767872
-0.007530558
-0.007141553
-0.006849085
-0.006752232
-0.006775507
-0.006890571
-0.007304974
-0.008166875
-0.009407965
-0.01104305
-0.01296586
-0.0145478
-0.01555055
-0.01656527
-0.01796348
-0.01942883
-0.02007217
-0.01938274
-0.01766155
-0.01537254
-0.01283177
-0.01043156
-0.008354806
-0.006278224
-0.00386065
-0.001076908
0.001866015
0.004666567
0.006952686
0.008603545
0.00979673
0.01060352
0.0109912
0.01103583
0.01090255
0.01066421
0.009954058
0.008324189
0.005809204
0.002841195
-0.0001378486
-0.00291959
-0.005474365
-0.007648725
-0.009325316
-0.01064842
-0.01201687
-0.01374089
-0.01538702
-0.01629994
-0.0163394
-0.01585896
-0.01468854
-0.01319708
-0.01144071
-0.008978681
-0.005500628
-0.001348801
0.002545344
0.005354366
0.007016326
0.007937772
0.008424309
0.00863464
0.00869707
0.008689648
0.008651707
0.008594569
0.008521408
0.008525617
0.009096269
0.01048554
0.01199311
0.01283015
0.0128742
0.01248106
0.01207217
0.01181561
0.01141289
0.01023319
0.00802497
0.005237976
0.002925839
0.001579466
0.0005497214
-0.0006212051
-0.001659748
-0.002210245
-0.002061074
-0.0009528956
0.0007892401
0.002344864
0.00364059
0.005131787
0.006846121
0.008512899
0.009923348
0.01086308
0.01122225
0.01112722
0.01070961
0.009954805
0.009047029
0.008293293
0.007592605
0.006769834
0.006006767
0.005534278
0.005361795
0.005357558
0.005466804
0.005855987
0.006494719
0.007079887
0.007589428
0.008105672
0.008209089
0.00752074
0.006213396
0.004891665
0.004034789
0.00343947
0.002653844
0.001531836
0.0003774368
-0.0004305671
-0.001013798
-0.00163479
-0.002226333
-0.002773511
-0.003433952
-0.004088188
-0.004475516
-0.004532475
-0.004384812
-0.004160191
-0.00373311
-0.002911468
-0.001735082
-0.00052616
0.0002953779
0.0005827782
0.0005714301
0.0007669046
0.001269991
0.001530279
0.001259557
0.0007466985
0.0003530292
0.0001199733
-0.0002462891
-0.0008341527
-0.001378543
-0.001645518
-0.001551608
-0.000992927
1.650495e-05
0.001274458
0.002562461
0.00369869
0.004432074
0.004661912
0.004593146
0.004658062
0.005154561
0.005815834
0.006221206
0.006242569
0.006017073
0.005707453
0.005195744
0.004223781
0.002652663
0.0008636936
-0.0005079341
-0.001577104
-0.002921726
-0.00481075
-0.007101413
-0.009411252
-0.01112482
-0.01182756
-0.01170434
-0.01136111
-0.01138445
-0.01179001
-0.01212023
-0.01183609
-0.01078009
-0.009248765
-0.007643191
-0.006202487
-0.004936278
-0.003660056
-0.002085511
-0.0002288707
0.001518039
0.00270092
0.00329906
0.003949633
0.004988302
0.006068826
0.007100397
0.008265302
0.009280249
0.009872333
0.01025651
0.01075439
0.01148209
0.01235683
0.01323842
0.01401306
0.01452606
0.01464006
0.01439156
0.01388386
0.01310265
0.01215575
0.01133436
0.01080379
0.01050973
0.01028218
0.009891825
0.009128371
0.007988965
0.006708575
0.005678626
0.005024772
0.004420828
0.003414547
0.001837053
4.856659e-05
-0.00148983
-0.002607418
-0.003297965
-0.003637758
-0.003932974
-0.004483171
-0.00532088
-0.006292569
-0.00722971
-0.008055099
-0.008731704
-0.00911072
-0.009023267
-0.008415458
-0.0074154
-0.006306429
-0.005440169
-0.004823335
-0.004038237
-0.003022482
-0.002158761
-0.001710765
-0.001557822
-0.001353437
-0.001084719
-0.001004786
-0.0008305578
-0.0001884903
0.0006501864
0.001324088
0.001817133
0.002152295
0.002344414
0.002582509
0.002951886
0.003277006
0.003390796
0.003294409
0.003085846
0.002794965
0.002316356
0.001590619
0.0007268232
-2.149149e-06
-0.0005236549
-0.00117694
-0.002155433
-0.003295621
-0.004485674
-0.005691132
-0.00677124
-0.007701908
-0.00861207
-0.009373249
-0.009731114
-0.009657645
-0.009333876
-0.008929254
-0.008318863
-0.007331228
-0.006271827
-0.0055511
-0.00522594
-0.005018847
-0.004623352
-0.00408082
-0.0036145
-0.003343094
-0.003233677
-0.003184357
-0.003113235
-0.002996707
-0.002853836
-0.002715128
-0.002575942
-0.002322348
-0.001876438
-0.001371182
-0.0007969272
0.0001323812
0.001383726
0.002599492
0.003636561
0.004477957
0.004984997
0.005099285
0.004953001
0.004719257
0.004421405
0.003857252
0.002971823
0.001986646
0.001126417
0.000493258
0.0001311398
-5.758743e-05
-0.0002955811
-0.000708475
-0.001232374
-0.001643147
-0.001791056
-0.001720032
-0.001564636
-0.001455994
-0.001530037
-0.001788015
-0.002038642
-0.002124364
-0.002022787
-0.001726286
-0.001217093
-0.0004902765
0.0003490124
0.001105792
0.001679663
0.002129658
0.00262301
0.003168629
0.003563921
0.003673391
0.003509155
0.003037636
0.002309355
0.001541585
0.0009085735
0.0004529361
0.0001837869
4.425976e-05
-9.994199e-05
-0.0002385875
-0.0002229322
1.542131e-05
0.0004063289
0.0008379156
0.001275061
0.001738897
0.002128879
0.002309953
0.002278382
0.002131492
0.001973881
0.001855604
0.001743802
0.001477275
0.0009568733
0.0002734247
-0.0003378857
-0.000699429
-0.0009193652
-0.001162347
-0.00139579
-0.001522381
-0.001542068
-0.001601876
-0.001802249
-0.002017012
-0.002033205
-0.001751532
-0.001321728
-0.0009813713
-0.0008238788
-0.0007478855
-0.0005790037
-0.0003083921
-4.851675e-05
0.0001971154
0.0004491443
0.0006476962
0.000798833
0.0009731569
0.001138273
0.001230792
0.001266007
0.001248197
0.001147089
0.0009908442
0.0008466623
0.0007429352
0.0006323236
0.0004375804
0.0001651186
-0.0001109156
-0.0003367597
-0.0005209554
-0.0007050327
-0.0008729041
-0.0009693565
-0.0009786469
-0.0009313408
-0.0008670556
-0.0007929642
-0.0006977839
-0.0005997622
-0.0005193111
-0.0004447722
-0.0003851874
-0.0003735561
-0.000402139
-0.0004380413
-0.0004750713
-0.0005108177
-0.0005286835
-0.0005197934
-0.0004917846
-0.0004567733
-0.0004152087
-0.000354293
-0.0002697123
-0.0001724243
-7.756044e-05
5.574794e-06
7.382455e-05
0.0001205467
0.0001386515
0.0001322552
0.0001139217
9.379913e-05
6.908432e-05
2.975171e-05
-2.565293e-05
-8.477708e-05
-0.0001275205
-0.0001494504
-0.000164991
-0.0001799805
-0.0001866136
-0.0001726777
-0.0001400931
-0.0001071642
-8.809546e-05
-8.338175e-05
-8.540687e-05
-8.669425e-05
-8.426951e-05
-7.914536e-05
-7.371851e-05
-6.950436e-05
-6.661215e-05
-6.42475e-05
-6.175277e-05
-5.722463e-05
-4.247216e-05
-1.456201e-05
1.334391e-05
3.251517e-05
4.79055e-05
6.049716e-05
6.7068e-05
7.299599e-05
8.162837e-05
8.650255e-05
8.211031e-05
6.980022e-05
5.456044e-05
4.06699e-05
2.965524e-05
2.092342e-05
1.242204e-05
-3.888446e-07
-1.840703e-05
-3.494498e-05
-4.41332e-05
-4.599125e-05
-4.412735e-05
-4.241595e-05
-4.36444e-05
-4.786888e-05
-5.269136e-05
-5.495543e-05
-5.352525e-05
-5.11893e-05
-4.985121e-05
-4.786381e-05
-4.392785e-05
-3.859839e-05
-3.286836e-05
-2.740707e-05
-2.248561e-05
-1.709258e-05
-9.652452e-06
4.790806e-07
1.247914e-05
2.47398e-05
3.58495e-05
4.520821e-05
5.317979e-05
6.070152e-05
6.878894e-05
7.744377e-05
8.5722e-05
9.311682e-05
9.983608e-05
0.000106274
0.0001126939
0.0001191569
0.0001253946
0.0001311078
0.0001363159
0.0001412827
0.000146263
0.0001513699
0.0001565835
0.0001618377
0.0001670822
0.0001723055
0.0001775158
0.0001827233
0.0001879269
0.0001931216
0.0001983041
0.0002034584
0.0002085575
0.0002135881
0.0002185574
0.0002234832
0.0002283697
0.0002332062
0.0002379822
0.0002426924
0.0002473326
0.000251897
0.0002563786
0.0002607713
0.0002650705
0.0002692735
0.0002733787
0.0002773852
0.0002812926
