-0.0003739399
-0.0003728423
-0.0003717721
-0.0003707013
-0.000369676
-0.000368676
-0.0003677478
-0.0003667196
-0.0003654781
-0.0003640164
-0.0003625043
-0.0003609626
-0.0003594428
-0.0003578834
-0.0003563177
-0.0003547004
-0.0003530749
-0.0003514043
-0.0003497283
-0.0003479927
-0.0003462392
-0.0003444208
-0.0003425788
-0.0003406787
-0.000338757
-0.0003367802
-0.0003347896
-0.0003327334
-0.0003306656
-0.0003285441
-0.0003264046
-0.0003242066
-0.0003219901
-0.0003197208
-0.0003174443
-0.0003151032
-0.0003127557
-0.0003103538
-0.0003079447
-0.0003054714
-0.0003029943
-0.0003004622
-0.000297919
-0.0002953194
-0.0002927188
-0.0002900581
-0.0002877384
-0.0002892289
-0.0003032974
-0.000332411
-0.0003672667
-0.0003962969
-0.0004134805
-0.000418411
-0.0004087538
-0.0003782954
-0.0003319612
-0.0002856058
-0.0002521415
-0.000235584
-0.0002321404
-0.0002347854
-0.0002372993
-0.0002365477
-0.0002324384
-0.0002266462
-0.0002210255
-0.0002166692
-0.0002136367
-0.0002113612
-0.0002091013
-0.0002064204
-0.0002031953
-0.0001996369
-0.0001959737
-0.0001924453
-0.0001890624
-0.0001858367
-0.0001825915
-0.000179392
-0.0001730125
-0.0001374198
-2.314064e-05
0.0001709646
0.0003835312
0.0005482969
0.0006111845
0.0005256198
0.000311223
6.278792e-05
-0.0001289169
-0.0002351086
-0.0002993548
-0.0003713789
-0.0004634884
-0.0005860519
-0.0007380817
-0.0008577603
-0.0009044692
-0.0009239508
-0.0009656097
-0.001032862
-0.00110591
-0.001164377
-0.001198875
-0.00121173
-0.00120511
-0.001150059
-0.001041425
-0.0009574556
-0.0009660135
-0.001055468
-0.001172238
-0.001267018
-0.001317152
-0.001326537
-0.001314263
-0.001300313
-0.001296802
-0.001305674
-0.001322155
-0.001339608
-0.001353488
-0.001362645
-0.001368449
-0.001373719
-0.001367963
-0.001265248
-0.0009549184
-0.0004919878
-4.740593e-05
0.0002523574
0.0003737676
0.0003624077
0.0002938917
0.0002331379
0.0002106302
0.000225205
0.0002571535
0.0002863367
0.0003010038
0.0003012186
0.0002930086
0.0002928965
0.0003617405
0.0005495071
0.0007445875
0.0007938033
0.0006821371
0.0004948975
0.0003273794
0.0002304883
0.0001768075
6.24032e-05
-0.0001675782
-0.000442459
-0.0005955766
-0.0005031971
-0.0002183066
0.0001064462
0.0003446574
0.0004484177
0.0004410968
0.000375421
0.0002599582
3.083301e-05
-0.0003769472
-0.0009506856
-0.001562065
-0.002127971
-0.002747866
-0.003462836
-0.004172574
-0.004905818
-0.005746721
-0.00658679
-0.00723982
-0.007609963
-0.00772957
-0.007764235
-0.008015814
-0.008633472
-0.009441007
-0.01014906
-0.01052258
-0.01033795
-0.009531445
-0.008316019
-0.007001432
-0.005791699
-0.004651048
-0.003411555
-0.001973592
-0.0004748508
0.0008103852
0.001877584
0.002967301
0.004270683
0.005717479
0.007003605
0.007865714
0.008242634
0.008246128
0.008003952
0.007558523
0.006911512
0.00605704
0.004929048
0.003520164
0.001987204
0.0005268047
-0.0007725497
-0.002027821
-0.003392603
-0.004849523
-0.006279676
-0.007568442
-0.00856048
-0.009053109
-0.008819506
-0.007830335
-0.006365935
-0.004788448
-0.003316508
-0.001894945
-0.0003394343
0.001443079
0.003240919
0.00467681
0.005506963
0.005623777
0.004943595
0.003496284
0.001478908
-0.0008287937
-0.003083298
-0.004871738
-0.005932662
-0.006327203
-0.006421313
-0.006558346
-0.006705202
-0.006692414
-0.006465874
-0.005875539
-0.004713377
-0.00293749
-0.0006875282
0.00177375
0.004013639
0.005600859
0.006372486
0.006342684
0.005514542
0.003942992
0.001817819
-0.0006170465
-0.003147636
-0.005635646
-0.007943552
-0.009912203
-0.01134971
-0.01210797
-0.01210512
-0.01131553
-0.009787655
-0.007673906
-0.005202681
-0.002592579
1.050712e-05
0.002548656
0.00502984
0.007488758
0.009956145
0.01244393
0.01491351
0.01712951
0.01869972
0.01916585
0.01834841
0.01658702
0.01437292
0.01199865
0.00943897
0.006527731
0.003182078
-0.0005382667
-0.004459241
-0.00827899
-0.01163058
-0.01410184
-0.01546859
-0.01587832
-0.01570403
-0.01534224
-0.01505358
-0.014928
-0.01492288
-0.01494899
-0.01493131
-0.01484476
-0.01470413
-0.01453161
-0.01425564
-0.01372456
-0.01283699
-0.01157397
-0.009881672
-0.007659441
-0.004829144
-0.001435466
0.0023125
0.006022479
0.009203888
0.01142014
0.0125321
0.01282272
0.01299246
0.01361856
0.01465605
0.01570562
0.01634684
0.0160152
0.01433705
0.01153415
0.00809492
0.004449291
0.001070988
-0.001677289
-0.003854781
-0.005712706
-0.007387414
-0.008790258
-0.009683134
-0.009703835
-0.008698955
-0.006924672
-0.004633743
-0.001849364
0.001550891
0.005525166
0.009616303
0.01311564
0.01549207
0.01690143
0.01783426
0.01839986
0.01843509
0.01786171
0.01675886
0.01527823
0.01344845
0.01109522
0.007975149
0.004222788
0.0003763358
-0.002959698
-0.005507149
-0.007442753
-0.008960069
-0.01008753
-0.01095439
-0.01178673
-0.01270878
-0.01355127
-0.01393369
-0.01361118
-0.01266956
-0.01150531
-0.0105457
-0.01000454
-0.009856601
-0.009933712
-0.01002854
-0.009851368
-0.009083683
-0.007789241
-0.00634958
-0.004872611
-0.003200548
-0.001200099
0.001141759
0.003679456
0.005965851
0.007533223
0.008251995
0.008306725
0.008033527
0.007724542
0.007490562
0.007190551
0.006615686
0.005654728
0.004236485
0.00241558
0.000571579
-0.0009909265
-0.002364106
-0.003622756
-0.004670518
-0.005533276
-0.006300251
-0.00692225
-0.00720465
-0.006932681
-0.005921769
-0.004134748
-0.00176304
0.0008112001
0.003165189
0.005054977
0.006435632
0.007318311
0.007757704
0.007864638
0.007656795
0.007083469
0.006147719
0.004935889
0.003574725
0.002180573
0.0008534605
-0.0002312931
-0.0009216756
-0.001199086
-0.001069686
-0.000546295
0.0001715818
0.0007388788
0.0008243254
0.0002756813
-0.0007897651
-0.002003173
-0.003004964
-0.00374516
-0.004322167
-0.004764441
-0.005058054
-0.005247799
-0.005502576
-0.005867502
-0.006095073
-0.005999968
-0.005622677
-0.00499378
-0.004101161
-0.00298059
-0.001706342
-0.0003873297
0.0007702493
0.001618585
0.002274587
0.002976435
0.003889756
0.005043551
0.006364404
0.007741096
0.009087475
0.01034621
0.01139778
0.01210044
0.01242124
0.01244324
0.01229119
0.01197235
0.01141913
0.01071028
0.009919882
0.008876674
0.007453685
0.005765329
0.004036341
0.00249113
0.001349573
0.0007171816
0.0004991586
0.0003782081
-1.053916e-06
-0.0008093491
-0.002002676
-0.003410748
-0.004851731
-0.006176084
-0.007200498
-0.007796241
-0.007992756
-0.00792907
-0.007742303
-0.007393914
-0.00675734
-0.00577391
-0.00439803
-0.002583792
-0.0003619437
0.002146328
0.004762622
0.007171348
0.008997011
0.01016499
0.01089752
0.01138502
0.01178551
0.01228434
0.0129008
0.01347234
0.01384306
0.01396017
0.01387755
0.01369706
0.01348974
0.01315148
0.01251351
0.01151709
0.01022897
0.008806038
0.007526861
0.006697634
0.006529946
0.006967643
0.007667774
0.008268872
0.008659789
0.009135833
0.009962663
0.01102628
0.01223612
0.01363756
0.01502459
0.01605463
0.01656609
0.01661649
0.01635069
0.01567704
0.01450351
0.01308548
0.01164308
0.01013081
0.008642647
0.007342173
0.006080074
0.004631049
0.002952804
0.0009208249
-0.001669218
-0.004861057
-0.008438987
-0.01202886
-0.01542605
-0.01860508
-0.02126105
-0.02300556
-0.02377159
-0.02379594
-0.02340265
-0.02262183
-0.02140094
-0.01997982
-0.01854819
-0.01699142
-0.0151069
-0.01271946
-0.00960763
-0.005808836
-0.001744417
0.002328518
0.006412608
0.01034988
0.01388946
0.01692087
0.0194036
0.02134268
0.02282531
0.0239459
0.0247061
0.02509221
0.02513668
0.02480069
0.0240293
0.02285553
0.02130943
0.01939715
0.01727183
0.01515032
0.01306609
0.0109947
0.008993496
0.007032198
0.004968433
0.002717096
0.0004269803
-0.001521609
-0.002917367
-0.003864538
-0.004495652
-0.004941754
-0.005417306
-0.006014922
-0.006597209
-0.006863021
-0.006616195
-0.006011724
-0.005461051
-0.005355731
-0.005739472
-0.006345626
-0.006871788
-0.007143805
-0.007191459
-0.007364437
-0.008056928
-0.00917261
-0.01027869
-0.01102578
-0.01130158
-0.01118292
-0.01071344
-0.009898671
-0.008812979
-0.007661682
-0.006716125
-0.006133001
-0.005846625
-0.005569322
-0.005007057
-0.004026893
-0.002566685
-0.0006636896
0.001423266
0.003376077
0.005004434
0.006186655
0.006835104
0.0068634
0.006264204
0.005195474
0.003984271
0.00302025
0.002646749
0.002955449
0.003662113
0.004361325
0.004783778
0.004875196
0.004737296
0.004526352
0.004361549
0.004290137
0.004293583
0.004325939
0.004323013
0.004099245
0.003348511
0.0019867
0.000215216
-0.001800487
-0.004002386
-0.00635149
-0.008807213
-0.01132416
-0.0138563
-0.01631144
-0.01851447
-0.02032764
-0.02173648
-0.02271538
-0.0232431
-0.02337428
-0.02315263
-0.02255606
-0.02158516
-0.02031703
-0.01886541
-0.01726754
-0.01542035
-0.01311689
-0.01023286
-0.006942068
-0.003528748
-0.0001114225
0.003236476
0.006377071
0.009090314
0.01122219
0.0128124
0.01404052
0.01511921
0.01620419
0.01736184
0.01857086
0.01969744
0.02051495
0.02076991
0.02032598
0.01925384
0.01770522
0.0157358
0.01316731
0.009777638
0.005678146
0.001248536
-0.003131857
-0.007149465
-0.01061402
-0.01352077
-0.01591992
-0.01771827
-0.018901
-0.01968181
-0.02022888
-0.02057987
-0.02073142
-0.02062161
-0.02015516
-0.0194065
-0.01854512
-0.01745988
-0.01583061
-0.01342341
-0.01033402
-0.006981494
-0.003902401
-0.001412522
0.00060001
0.002373554
0.003986669
0.005169075
0.005570304
0.00507635
0.003683258
0.001427261
-0.001313766
-0.003948906
-0.006070659
-0.007518676
-0.008319858
-0.008742449
-0.009144576
-0.009638466
-0.01011763
-0.0104524
-0.01058374
-0.0104874
-0.009924801
-0.008564899
-0.00624699
-0.003150661
0.000258021
0.003539472
0.006470209
0.00903457
0.01118418
0.01274976
0.01363352
0.01392793
0.01384913
0.01363022
0.01339428
0.01295896
0.01203908
0.01075907
0.009460076
0.008325435
0.007542736
0.007350181
0.007820096
0.008758849
0.009762364
0.01047066
0.0107499
0.01067917
0.01043887
0.01019789
0.01004683
0.009972726
0.009800263
0.00934874
0.008674603
0.00791917
0.007111303
0.006314388
0.005633681
0.005002936
0.004245608
0.003272715
0.002200448
0.001257976
0.000473111
-0.0003073393
-0.001213663
-0.002198773
-0.003039689
-0.003421929
-0.003136788
-0.002232826
-0.001017781
6.203844e-05
0.0005809264
0.000320729
-0.0006369201
-0.002018164
-0.003523494
-0.004952515
-0.006207976
-0.007178375
-0.007840214
-0.008370635
-0.008902619
-0.009372553
-0.009539118
-0.009238997
-0.008585218
-0.00766809
-0.00639801
-0.004800168
-0.003073241
-0.001400285
0.0002070564
0.001917121
0.003893237
0.006099519
0.008155297
0.009692672
0.01071995
0.01149375
0.01226001
0.01302092
0.01362481
0.01393319
0.0137237
0.01276618
0.01114606
0.009166497
0.007014678
0.004739974
0.002371488
6.320103e-05
-0.001936393
-0.003379401
-0.004159497
-0.004388242
-0.004293021
-0.004028901
-0.003446356
-0.002424511
-0.001182199
0.0001339216
0.001583709
0.003005234
0.004087046
0.004677203
0.004825977
0.004665429
0.004100799
0.003026099
0.001688424
0.0003240846
-0.001101465
-0.002505735
-0.003722884
-0.004908235
-0.006382525
-0.008318354
-0.01068031
-0.01326087
-0.01571208
-0.01773862
-0.01925727
-0.02027503
-0.02080023
-0.02077021
-0.0201517
-0.01904494
-0.01763731
-0.0161195
-0.01462231
-0.01319719
-0.01183527
-0.01050107
-0.009142476
-0.007610277
-0.005737363
-0.003481854
-0.0009324812
0.00174109
0.004277779
0.00639707
0.007863903
0.008606777
0.008760786
0.008470552
0.007833706
0.007053313
0.006264704
0.005277842
0.003814972
0.001782375
-0.0007023774
-0.00336573
-0.005840409
-0.007860737
-0.009354895
-0.01020241
-0.01026463
-0.009585099
-0.008378805
-0.006939762
-0.005610827
-0.004676169
-0.00421686
-0.004127205
-0.004215561
-0.004315398
-0.004338124
-0.004277896
-0.004175043
-0.004049529
-0.003723626
-0.002888818
-0.001485174
0.0002977945
0.002311255
0.004411354
0.006392829
0.008103091
0.009485559
0.01045741
0.01089701
0.01072996
0.01010546
0.00939062
0.009028183
0.009304983
0.01020622
0.01151178
0.01297304
0.01453432
0.01617413
0.01763678
0.0186265
0.01903341
0.01883147
0.01806325
0.01686251
0.01533182
0.01351162
0.01165249
0.0101132
0.008964588
0.008017418
0.007047106
0.005917841
0.004584441
0.002965224
0.001048994
-0.0009845374
-0.003000285
-0.00501443
-0.00698031
-0.008834069
-0.01064881
-0.01238992
-0.0138258
-0.01487913
-0.01571104
-0.01650989
-0.01723967
-0.01758204
-0.01714724
-0.01574366
-0.01349549
-0.01073239
-0.007826799
-0.00513686
-0.002889977
-0.0009863299
0.0007503291
0.002235203
0.003279936
0.003802097
0.003747735
0.003119774
0.002059037
0.0008573601
-0.000159936
-0.0009194118
-0.001551473
-0.002088585
-0.002393571
-0.002289156
-0.001805497
-0.001154482
-0.0004154219
0.0005275371
0.001910461
0.00407916
0.007256734
0.01109889
0.01488364
0.01799111
0.02026279
0.021996
0.02350628
0.02499294
0.0266256
0.02834142
0.02979312
0.03066705
0.03081708
0.03008443
0.02833219
0.02560056
0.02221662
0.01864474
0.01511473
0.01167532
0.008428652
0.005667283
0.003721861
0.002696416
0.002469243
0.002872362
0.003731458
0.00485972
0.006100469
0.007354851
0.008583706
0.00978745
0.01098217
0.01217834
0.01333593
0.01429241
0.01488446
0.01509005
0.01501027
0.01479766
0.01457839
0.01441796
0.01431997
0.01425391
0.01420806
0.01430804
0.01466512
0.01515229
0.01545437
0.01524177
0.01426758
0.01252547
0.01033305
0.007952994
0.005339378
0.002337454
-0.001141511
-0.005157668
-0.009624364
-0.01422163
-0.01851321
-0.02217327
-0.02513207
-0.02743096
-0.02898607
-0.02954665
-0.02895341
-0.0275744
-0.02609476
-0.02501643
-0.02449931
-0.02441189
-0.0245069
-0.02456627
-0.02448873
-0.02428053
-0.02401225
-0.02375002
-0.02345577
-0.022816
-0.02149069
-0.01944759
-0.01711266
-0.01506517
-0.01339785
-0.01178797
-0.009931213
-0.007796776
-0.005612354
-0.003632473
-0.002037237
-0.0009542357
-0.0004019894
-0.0002925794
-0.0007042427
-0.001714907
-0.003020241
-0.004146395
-0.004772567
-0.004622851
-0.003523984
-0.001562446
0.0009656279
0.003720684
0.006451544
0.008996318
0.01103885
0.01216658
0.01208691
0.01098045
0.009498768
0.008288727
0.007776161
0.008226441
0.009584709
0.01145053
0.01349057
0.01563297
0.01802969
0.02077925
0.0237432
0.02668286
0.0293584
0.0314229
0.03268298
0.03333298
0.03365619
0.03378191
0.03361105
0.03298965
0.03186631
0.03014519
0.02767092
0.02442739
0.02059745
0.0164475
0.01213462
0.007578907
0.00231941
-0.004070835
-0.01136126
-0.01883223
-0.02574696
-0.03162276
-0.03636377
-0.0402352
-0.04366397
-0.04697092
-0.05000919
-0.05229341
-0.05350144
-0.05363733
-0.05284606
-0.05109676
-0.0481518
-0.04369542
-0.03769036
-0.03058841
-0.0229006
-0.01485997
-0.006640521
0.001468538
0.008994715
0.01542613
0.0203847
0.02354519
0.02476294
0.02418911
0.02225901
0.01956546
0.0166323
0.01373076
0.0106654
0.007161875
0.00339843
-3.634941e-05
-0.002527542
-0.003813036
-0.00393311
-0.002864916
-0.0006985016
0.002156563
0.005213882
0.008172847
0.0110624
0.014009
0.01697223
0.01971967
0.02202978
0.02396332
0.02571975
0.02736716
0.02887581
0.03019646
0.03118546
0.0316525
0.03143955
0.03044533
0.02863571
0.02589101
0.0222185
0.01807846
0.01408774
0.01063612
0.007891637
0.005797759
0.004001625
0.002012925
-0.0005392486
-0.003653872
-0.007000443
-0.01020488
-0.01293233
-0.01486245
-0.01586489
-0.01613189
-0.01613885
-0.01638008
-0.01704761
-0.01780788
-0.01800601
-0.01742861
-0.01640965
-0.01541554
-0.01475433
-0.01453028
-0.01487178
-0.01578538
-0.01661543
-0.01644587
-0.01478035
-0.01180643
-0.008146587
-0.004179538
-1.464709e-05
0.004181831
0.008055304
0.01120445
0.01346076
0.01490923
0.0156912
0.0158793
0.01550079
0.01462226
0.01338783
0.01196604
0.01049869
0.009083818
0.007870211
0.007011079
0.006536436
0.006282526
0.005959382
0.005433557
0.004766663
0.003829046
0.002386012
0.0003894922
-0.001933896
-0.004202558
-0.006133046
-0.007655828
-0.0088766
-0.009967969
-0.0110732
-0.01225802
-0.01351564
-0.0148011
-0.0160679
-0.0173105
-0.01865366
-0.02028435
-0.02226882
-0.02440393
-0.02622562
-0.02735036
-0.02771668
-0.02751974
-0.0269412
-0.02591457
-0.02429605
-0.02211579
-0.01966764
-0.01729152
-0.01508518
-0.01311086
-0.01162264
-0.01116315
-0.01220447
-0.01474207
-0.01834557
-0.02241182
-0.0263435
-0.02970139
-0.03224833
-0.0339912
-0.03518359
-0.03624575
-0.03753993
-0.03895845
-0.04015984
-0.04102255
-0.04156613
-0.04178366
-0.04155287
-0.04057444
-0.03824624
-0.03405114
-0.02794133
-0.02012355
-0.01099222
-0.001229996
0.00819285
0.01625226
0.02242396
0.02686616
0.02992114
0.0318855
0.03299606
0.03346431
0.03348955
0.0331147
0.03225128
0.03075243
0.02839556
0.02501429
0.02077627
0.01599506
0.01065059
0.004714409
-0.0014757
-0.007373265
-0.01252026
-0.01669724
-0.02010513
-0.02332827
-0.02671913
-0.03020537
-0.03368172
-0.03714567
-0.04057105
-0.04364956
-0.04587921
-0.04699973
-0.04714162
-0.04667483
-0.04590741
-0.0449489
-0.04378039
-0.04220562
-0.03960029
-0.03525348
-0.02888049
-0.02087015
-0.01203663
-0.003026572
0.005798622
0.01424445
0.02227615
0.02994646
0.03706425
0.0431323
0.0474739
0.04965369
0.049764
0.04811424
0.04511916
0.04128218
0.03698143
0.0323491
0.02728431
0.02160603
0.01520734
0.008362546
0.001778393
-0.003931361
-0.008565893
-0.01222851
-0.01531937
-0.01850025
-0.02229167
-0.0267957
-0.03163129
-0.03609838
-0.03940571
-0.04113168
-0.04145972
-0.0409423
-0.0401216
-0.03921852
-0.03812051
-0.03656175
-0.0342685
-0.03113513
-0.02732139
-0.02321282
-0.01929167
-0.01598335
-0.01352387
-0.01196536
-0.01111631
-0.01055577
-0.009982264
-0.009341256
-0.008597628
-0.007800897
-0.007233957
-0.007003411
-0.006865884
-0.006626264
-0.006290825
-0.005934098
-0.005543706
-0.005027006
-0.004532693
-0.004351965
-0.004536204
-0.004982745
-0.005628422
-0.006342209
-0.006952474
-0.007488444
-0.008117087
-0.008973376
-0.01018354
-0.0118455
-0.01393362
-0.01625414
-0.01846279
-0.02018781
-0.02122152
-0.02170935
-0.02189045
-0.0215784
-0.02019106
-0.0171765
-0.01254107
-0.006906821
-0.001162576
0.00392702
0.007946874
0.0107071
0.01216728
0.01227978
0.01104962
0.008615631
0.005164192
0.0009586133
-0.003443792
-0.00743028
-0.01070331
-0.01322716
-0.01508336
-0.01631914
-0.0169801
-0.01719749
-0.01723278
-0.01739338
-0.01776935
-0.0182856
-0.01905009
-0.02012426
-0.02125713
-0.02221939
-0.02292838
-0.02301977
-0.02189414
-0.01902887
-0.01431754
-0.008171199
-0.001125228
0.006321942
0.01367665
0.02043909
0.02616638
0.0303749
0.03280136
0.03364852
0.03330529
0.03207246
0.030296
0.02841091
0.02686089
0.0259785
0.02588467
0.02637481
0.02696747
0.02698675
0.02587784
0.02348777
0.02014043
0.01648679
0.01322931
0.01095545
0.0101372
0.01091019
0.0129293
0.01561615
0.01834877
0.02047439
0.02135821
0.02056803
0.01810882
0.01441324
0.009961613
0.005189884
0.0005003237
-0.003859243
-0.007734772
-0.01046904
-0.01135034
-0.01028832
-0.007586
-0.003630579
0.001282234
0.006914382
0.01300693
0.01923527
0.02525822
0.03087579
0.03608745
0.04100279
0.04561245
0.04970292
0.05309547
0.05582506
0.05809445
0.06015745
0.06219159
0.06417214
0.06595147
0.06754881
0.06907862
0.07049467
0.07150136
0.07174707
0.07121632
0.07013491
0.06857881
0.06659986
0.06441062
0.0622509
0.06026199
0.05846017
0.05678291
0.0551644
0.05367036
0.05248405
0.05183408
0.0517741
0.05204965
0.05230875
0.05232331
0.05204232
0.05149447
0.05063983
0.04934462
0.04752905
0.04548419
0.04370699
0.04250168
0.04187961
0.04165999
0.04171512
0.04190431
0.04175653
0.0408347
0.03915641
0.03694192
0.03430419
0.03093181
0.02642967
0.02073578
0.01393906
0.006206858
-0.001918954
-0.009598619
-0.01593977
-0.02021616
-0.02217657
-0.02227779
-0.02134824
-0.01995988
-0.01864422
-0.01807909
-0.01857775
-0.01990326
-0.02158488
-0.02320985
-0.02457939
-0.02569687
-0.02665547
-0.02744541
-0.02811276
-0.02893941
-0.03012809
-0.03161641
-0.03333912
-0.03529066
-0.03738825
-0.03917698
-0.03987897
-0.03877596
-0.03559981
-0.03059444
-0.02434181
-0.01750595
-0.01048785
-0.003487751
0.003061231
0.00863777
0.01294133
0.01572786
0.01684754
0.01632302
0.01420097
0.01037321
0.005032153
-0.001123297
-0.007337292
-0.01314259
-0.01838886
-0.02283821
-0.02608074
-0.02802702
-0.02892388
-0.02877114
-0.02710063
-0.02323781
-0.01694615
-0.008763425
0.0001286274
0.008496713
0.0155591
0.02089342
0.02441689
0.02644337
0.02737021
0.02725824
0.02587107
0.02296872
0.0183693
0.01209128
0.004429412
-0.003984247
-0.01231809
-0.0199782
-0.02677998
-0.0327792
-0.03816158
-0.04318671
-0.04807507
-0.05292119
-0.0575905
-0.06181856
-0.06534385
-0.06789192
-0.06929148
-0.06962764
-0.06904924
-0.06747321
-0.06480038
-0.06118134
-0.05695478
-0.05254377
-0.04838602
-0.04484031
-0.04207148
-0.04001706
-0.03855633
-0.03786415
-0.03803979
-0.03876545
-0.03976893
-0.04098144
-0.04215189
-0.04294407
-0.04320174
-0.04288968
-0.04198699
-0.04030371
-0.03766267
-0.03414083
-0.02992902
-0.02516335
-0.01972425
-0.01342706
-0.006324705
0.001156293
0.008340696
0.01461966
0.01970296
0.02360548
0.02658299
0.02899372
0.03095322
0.03233802
0.03305806
0.03312468
0.03253301
0.03105056
0.02834862
0.02438004
0.01955847
0.01469849
0.01069516
0.008148299
0.007224624
0.007705207
0.009186001
0.01109212
0.01278891
0.01409921
0.01525056
0.01629458
0.01708957
0.01754186
0.0176673
0.01756816
0.01736968
0.01717156
0.01698941
0.01660698
0.01564086
0.01374405
0.01076715
0.006818207
0.002432836
-0.001563709
-0.004709637
-0.007007423
-0.008512232
-0.009212118
-0.009110035
-0.008187793
-0.006345045
-0.003145898
0.001646971
0.007546167
0.01364587
0.01912864
0.02349971
0.02658322
0.02839492
0.0291359
0.02913653
0.02848855
0.02712088
0.02505512
0.02237011
0.01912237
0.01528682
0.01080834
0.005635845
-0.0001909245
-0.006468493
-0.0128254
-0.01881018
-0.02393014
-0.02790232
-0.03082102
-0.03283638
-0.03397867
-0.03404478
-0.03270447
-0.02962297
-0.02467697
-0.01812382
-0.01051586
-0.00257115
0.004910849
0.01124168
0.0160332
0.01912909
0.0206136
0.02073868
0.01972651
0.01764558
0.01437434
0.009854848
0.004435992
-0.001105861
-0.005806878
-0.008967115
-0.01039481
-0.01003102
-0.007984434
-0.004712835
-0.0008960964
0.002803178
0.006016951
0.008717451
0.01109839
0.01339513
0.01572796
0.01787172
0.01944152
0.02024862
0.02038736
0.02012696
0.01975408
0.01945707
0.01929644
0.01923546
0.01916989
0.01881586
0.01779282
0.01579326
0.0127145
0.008652395
0.003854499
-0.001300112
-0.006235004
-0.01042654
-0.01375181
-0.01659019
-0.01956364
-0.02278798
-0.02584602
-0.02832182
-0.03007451
-0.0312276
-0.03193846
-0.03230087
-0.03239361
-0.03230359
-0.03211163
-0.03187968
-0.03164238
-0.03141965
-0.03126992
-0.0313619
-0.03192784
-0.03308944
-0.03454857
-0.0357739
-0.03641072
-0.03633728
-0.03558818
-0.03432473
-0.03277852
-0.03116377
-0.02968129
-0.02848986
-0.02743996
-0.02610146
-0.02402854
-0.02102329
-0.01725483
-0.01317858
-0.00931133
-0.00596907
-0.003335996
-0.001716398
-0.001394532
-0.002377559
-0.004376482
-0.006892553
-0.009370378
-0.01149741
-0.01331822
-0.01483385
-0.01590977
-0.01649774
-0.01682697
-0.01734992
-0.01823526
-0.01922308
-0.0199739
-0.02030512
-0.02024472
-0.01994754
-0.01959346
-0.01930098
-0.01910718
-0.01900926
-0.01915259
-0.01978485
-0.02081227
-0.02182044
-0.02246678
-0.0226378
-0.02241932
-0.02187947
-0.02102841
-0.01988254
-0.01844112
-0.01663311
-0.01442309
-0.01192851
-0.009596818
-0.007911726
-0.007065101
-0.00711105
-0.008024248
-0.009394147
-0.01061482
-0.01130742
-0.01142833
-0.01112931
-0.01040585
-0.009194981
-0.007750566
-0.006331104
-0.004817415
-0.002737068
0.0004003492
0.004833358
0.01037627
0.01643552
0.02229321
0.0274125
0.03152488
0.03467072
0.037158
0.03936121
0.04156342
0.04387438
0.04617262
0.04808624
0.0494434
0.0504897
0.05138486
0.05204425
0.05238001
0.05246796
0.05257842
0.05306615
0.05405532
0.05492046
0.05473038
0.05288877
0.04901079
0.04294971
0.03502943
0.02599705
0.01678555
0.008353048
0.001412142
-0.003894189
-0.007922687
-0.01111742
-0.01367587
-0.01558804
-0.01716605
-0.01897282
-0.02127783
-0.02413305
-0.02763342
-0.03191557
-0.03697778
-0.04250514
-0.04798691
-0.05293247
-0.05691267
-0.0596416
-0.06091501
-0.06075357
-0.05949462
-0.05753709
-0.05515324
-0.05251017
-0.04981095
-0.04741649
-0.04548953
-0.04375173
-0.04180328
-0.03937987
-0.03632934
-0.03257984
-0.02814884
-0.02315841
-0.01782583
-0.01236606
-0.006934512
-0.00156271
0.003971128
0.009969243
0.01618787
0.02207772
0.02740425
0.03228223
0.03694461
0.04148006
0.04587076
0.05021201
0.05465443
0.05927245
0.06404447
0.06885632
0.07345894
0.07756067
0.08092666
0.08331654
0.08452834
0.08436662
0.08282051
0.08024008
0.07731894
0.07478221
0.07277526
0.07103968
0.06948953
0.06820844
0.06724725
0.06656441
0.06592715
0.06472171
0.06215296
0.05763414
0.0510265
0.0426757
0.03310629
0.02277134
0.01197543
0.001095754
-0.009389417
-0.01905781
-0.02768624
-0.03527963
-0.04203917
-0.04824549
-0.0539053
-0.05881089
-0.06273898
-0.06540892
-0.06654086
-0.06603628
-0.06411947
-0.06127278
-0.05802599
-0.05480551
-0.0520381
-0.05006314
-0.04892599
-0.04840501
-0.0481929
-0.04813653
-0.04827036
-0.04867027
-0.0494076
-0.0505468
-0.05191365
-0.05305635
-0.05348517
-0.05290468
-0.0512392
-0.04840156
-0.04421094
-0.03843759
-0.03102293
-0.02215543
-0.01230828
-0.002181449
0.007429506
0.0158836
0.02274966
0.02779283
0.03090562
0.0320686
0.031468
0.0295458
0.02687724
0.0239938
0.02140709
0.01954766
0.01856492
0.01838705
0.01902845
0.02066473
0.02344982
0.02721481
0.03152161
0.03605591
0.04069372
0.04538587
0.05000498
0.05437325
0.05837748
0.06190622
0.06475941
0.06692235
0.06862161
0.06990151
0.07064045
0.07080788
0.07042161
0.06940286
0.06712848
0.06283911
0.05625236
0.04747754
0.03684362
0.02509021
0.0132875
0.00260065
-0.006047973
-0.01226736
-0.01631013
-0.01890982
-0.0207514
-0.02226956
-0.02365891
-0.02486889
-0.02569148
-0.02586841
-0.02521984
-0.0237372
-0.0217476
-0.01981349
-0.01813751
-0.01659358
-0.01520561
-0.01405053
-0.01299185
-0.01160898
-0.009453015
-0.006386759
-0.002598921
0.001536327
0.005576209
0.009107132
0.01169074
0.01290092
0.0124185
0.01024534
0.006794588
0.002513182
-0.002355706
-0.007871093
-0.01406575
-0.02065432
-0.02688499
-0.031894
-0.03509672
-0.03645057
-0.0364374
-0.035639
-0.03454338
-0.03368623
-0.03340543
-0.03362695
-0.03424915
-0.03526942
-0.03642075
-0.03735093
-0.03800589
-0.03854815
-0.0391621
-0.03994419
-0.04088993
-0.04192752
-0.04297539
-0.04397877
-0.04491786
-0.04571802
-0.04609077
-0.04575152
-0.0446247
-0.0425386
-0.0392397
-0.03459116
-0.02859788
-0.02130382
-0.01269502
-0.002758796
0.008559246
0.02107923
0.03409371
0.04654624
0.05753268
0.06688146
0.07495623
0.08198425
0.0879714
0.09287313
0.09642943
0.0983608
0.09860742
0.09722003
0.09427717
0.0902172
0.08580512
0.08167991
0.07818304
0.07542359
0.07340244
0.07209008
0.07162298
0.07207988
0.07320806
0.07467809
0.0763166
0.07807102
0.0799281
0.08186175
0.08375454
0.08538698
0.08649333
0.08691368
0.08669697
0.08598021
0.08483501
0.08320867
0.0810597
0.07858741
0.07618407
0.07423342
0.07292089
0.07221251
0.07217769
0.07292136
0.07435291
0.07614541
0.07786636
0.07922453
0.08021369
0.08110434
0.08213811
0.08330334
0.08445177
0.08549038
0.08652087
0.08765882
0.08883894
0.08991693
0.09080306
0.09149635
0.0920592
0.09257076
0.09309103
0.09364355
0.09421662
0.09473082
0.09500819
0.09490242
0.09439422
0.09346211
0.09208984
0.09034515
0.08836326
0.08626698
0.08403042
0.08152678
0.07868267
0.07546432
0.07183044
0.06778832
0.06341626
0.05870795
0.0536261
0.04821581
0.04259458
0.03689679
0.03123268
0.02570818
0.02049942
0.01582022
0.01181476
0.008458944
0.005613449
0.003198325
0.001177899
-0.0005092757
-0.001845894
-0.002769655
-0.003290119
-0.00351049
-0.003573798
-0.003603776
-0.003694574
-0.004015559
-0.004719534
-0.005811232
-0.007174566
-0.008675085
-0.01033431
-0.01226681
-0.01454093
-0.01729316
-0.0207386
-0.02495863
-0.02980433
-0.0349979
-0.04026811
-0.04544518
-0.05047625
-0.05539484
-0.06024415
-0.06492295
-0.06912042
-0.07258439
-0.07527356
-0.07709679
-0.0779858
-0.07807881
-0.07756358
-0.076577
-0.07523403
-0.07366189
-0.07198677
-0.07038799
-0.06907359
-0.06816654
-0.06775408
-0.06818224
-0.06984832
-0.07282741
-0.07664167
-0.08055823
-0.08428461
-0.08790679
-0.0914921
-0.09503549
-0.09853967
-0.1021361
-0.1059367
-0.10983
-0.1136068
-0.1171346
-0.1204037
-0.1234922
-0.1264911
-0.1293861
-0.1320226
-0.1341544
-0.1355728
-0.1361623
-0.1359699
-0.1352253
-0.1342156
-0.1331735
-0.1321985
-0.1311602
-0.1297192
-0.1277943
-0.1256911
-0.1236542
-0.1217158
-0.1198259
-0.1180099
-0.1163515
-0.114677
-0.1127351
-0.1106542
-0.1087776
-0.1073097
-0.1061375
-0.1049874
-0.1037772
-0.102673
-0.1019057
-0.1013993
-0.1008327
-0.1001759
-0.09954174
-0.09879466
-0.09770582
-0.09620728
-0.0945069
-0.09282154
-0.09105873
-0.08915214
-0.08726715
-0.08538025
-0.08324783
-0.0807014
-0.07774414
-0.07449611
-0.07100615
-0.0672776
-0.06345218
-0.0596741
-0.05591868
-0.05218492
-0.04857217
-0.04517095
-0.04199566
-0.03896333
-0.03577759
-0.03208185
-0.02795326
-0.02372028
-0.01944161
-0.01505775
-0.01062677
-0.006265236
-0.002091314
0.001716905
0.004958827
0.007507158
0.009396994
0.01078689
0.01174489
0.01214741
0.01177371
0.01072339
0.009478314
0.008513386
0.008112009
0.008382831
0.009258615
0.0105456
0.01215052
0.01407396
0.01628019
0.01859766
0.02076112
0.02257697
0.02398012
0.02489782
0.02515659
0.02456759
0.02331717
0.02194065
0.02090346
0.02038859
0.02030799
0.02044294
0.02058291
0.02061348
0.02052208
0.02039165
0.02049544
0.02121064
0.02271168
0.02478485
0.02682465
0.02824633
0.02884342
0.02877803
0.02847271
0.02853253
0.02927191
0.03045053
0.03180988
0.03334382
0.03512717
0.03718469
0.03946708
0.04187902
0.04434736
0.04695879
0.04986392
0.05309257
0.05647051
0.05969598
0.06255364
0.0650124
0.06716225
0.06898018
0.07030448
0.07124483
0.07211931
0.072942
0.07350048
0.07367186
0.0735897
0.07355371
0.07378642
0.07427763
0.07477927
0.07502032
0.07493519
0.07487496
0.0752751
0.07621319
0.07755771
0.07921077
0.08121652
0.08361373
0.08624199
0.08892368
0.09165009
0.09449087
0.097448
0.1003266
0.1027484
0.1043005
0.104805
0.1043773
0.1030696
0.1008436
0.09770974
0.09380249
0.08938599
0.0847467
0.08010105
0.07555344
0.07111413
0.0667205
0.06219129
0.05737637
0.05239429
0.0475786
0.04326966
0.03961363
0.03651156
0.03372922
0.03103068
0.02830663
0.02575645
0.02373214
0.02228867
0.02118265
0.02013536
0.01905945
0.01811991
0.01775695
0.01837024
0.01999098
0.02233339
0.02503266
0.02802593
0.03140098
0.03494662
0.03828715
0.0412368
0.04403582
0.04709709
0.05039909
0.05346524
0.05569327
0.05675681
0.05677712
0.05615969
0.05535048
0.05461929
0.05385561
0.05267237
0.05078985
0.0482651
0.0454741
0.04276106
0.04017442
0.03747471
0.03440857
0.03103856
0.02778043
0.02516752
0.02339641
0.02222029
0.02124362
0.02022099
0.01915524
0.01798067
0.01647068
0.01448343
0.01217329
0.01000659
0.008337183
0.007130848
0.006139949
0.00516053
0.004228509
0.003578419
0.003444901
0.003780513
0.004251366
0.004421594
0.004073466
0.003347167
0.00243949
0.001424058
0.0003186091
-0.0008054471
-0.001771277
-0.0024283
-0.002804222
-0.003293731
-0.004376235
-0.006231094
-0.008725595
-0.01151096
-0.01401568
-0.01577038
-0.01679226
-0.01735638
-0.0176645
-0.01769926
-0.01734256
-0.01654927
-0.01539545
-0.01404763
-0.0127785
-0.01185603
-0.01140176
-0.01148007
-0.01222626
-0.01361178
-0.0153468
-0.01709171
-0.01857763
-0.0196169
-0.02024714
-0.02074561
-0.02140187
-0.02240135
-0.02387149
-0.02583799
-0.02818078
-0.03071598
-0.03327887
-0.03577848
-0.03819568
-0.04055887
-0.04290485
-0.04528859
-0.04785206
-0.05061588
-0.05328612
-0.05561203
-0.05762555
-0.05950352
-0.06130631
-0.06280239
-0.06370682
-0.06391068
-0.06328387
-0.06173202
-0.05938632
-0.05662004
-0.05393055
-0.05177816
-0.05040216
-0.0497434
-0.04961114
-0.04985177
-0.05026227
-0.05061415
-0.05089521
-0.05119627
-0.05147656
-0.05162629
-0.0515608
-0.05115246
-0.0503481
-0.04933973
-0.04840866
-0.04770823
-0.04711928
-0.0463789
-0.0453228
-0.04402617
-0.04276547
-0.04179832
-0.0412115
-0.04091126
-0.04059014
-0.03978158
-0.03817022
-0.03570585
-0.03218885
-0.02736623
-0.02126552
-0.0144586
-0.007866748
-0.002060893
0.002708292
0.005994254
0.007546713
0.007729914
0.007219348
0.006673304
0.006582464
0.007152819
0.008269966
0.009668065
0.0110878
0.01238847
0.01354832
0.01462812
0.01569924
0.0168104
0.01795916
0.01906241
0.01992894
0.02040882
0.02050005
0.020319
0.01996805
0.01941178
0.01856148
0.01736841
0.01564357
0.01324504
0.01047223
0.007841797
0.005721138
0.004406273
0.004105471
0.004876348
0.006508857
0.008503348
0.01026992
0.01139304
0.01178483
0.01158305
0.01091548
0.009792242
0.008162845
0.006035773
0.003477703
0.0004897211
-0.003009158
-0.007114725
-0.0119174
-0.01729918
-0.02262692
-0.02710174
-0.03023665
-0.03183117
-0.03194122
-0.03076798
-0.02850843
-0.02527205
-0.02137337
-0.01737692
-0.01375378
-0.01073042
-0.008398357
-0.006875997
-0.006273231
-0.006417014
-0.006898343
-0.007357485
-0.007691899
-0.008078765
-0.00885605
-0.01032273
-0.01262698
-0.01556804
-0.0185663
-0.02107191
-0.02281576
-0.02359166
-0.02320753
-0.02153744
-0.01856538
-0.01446816
-0.009586888
-0.004319359
0.001005073
0.006117783
0.01077666
0.01465773
0.01756556
0.01970928
0.02145311
0.0230136
0.02445677
0.02575207
0.0267507
0.02738316
0.02782012
0.02831444
0.02899858
0.02973029
0.03019079
0.03007721
0.02927469
0.02788989
0.02602617
0.02370037
0.02085805
0.01748147
0.01369781
0.009823271
0.00620794
0.003033602
0.000351992
-0.001793779
-0.003211615
-0.003661269
-0.003017698
-0.001444419
0.0005980363
0.002727672
0.004830135
0.006953125
0.009172068
0.01152187
0.01398079
0.0164705
0.01878098
0.02064741
0.02183138
0.02209893
0.02128246
0.01943823
0.0168228
0.01364865
0.00998484
0.005809656
0.001135004
-0.003922129
-0.009205659
-0.01470051
-0.02057675
-0.02669756
-0.03251703
-0.03743836
-0.04112511
-0.04356692
-0.04493929
-0.0455269
-0.04576901
-0.04616195
-0.04706731
-0.04844135
-0.04985885
-0.051115
-0.05228441
-0.05329051
-0.05401845
-0.05454491
-0.05493473
-0.05515345
-0.05515344
-0.05487784
-0.05420785
-0.05298267
-0.05110457
-0.04864039
-0.04579007
-0.04280025
-0.0399448
-0.03746812
-0.03545684
-0.03382502
-0.03241068
-0.03114415
-0.0300968
-0.02935476
-0.02891593
-0.02869869
-0.02858703
-0.02850408
-0.02851914
-0.0287667
-0.02917321
-0.02946401
-0.02934105
-0.0287539
-0.02793991
-0.02719908
-0.02676716
-0.02680611
-0.02725942
-0.02781701
-0.02805202
-0.02770643
-0.02692043
-0.02604636
-0.02537052
-0.025001
-0.02492006
-0.0251499
-0.02572409
-0.02659737
-0.02766691
-0.02878967
-0.02972809
-0.0302743
-0.03038259
-0.03005847
-0.02930591
-0.02817445
-0.02672382
-0.02491334
-0.02261021
-0.0197008
-0.01620938
-0.01230773
-0.008209023
-0.00400874
0.0003239188
0.00462327
0.008479267
0.01137472
0.01301065
0.01352946
0.01335192
0.01294181
0.01261283
0.01247978
0.01249761
0.01256123
0.01257931
0.01250675
0.01224392
0.01151315
0.01007097
0.007911098
0.005115903
0.001844245
-0.001592323
-0.004947125
-0.00823039
-0.01157367
-0.015045
-0.01850034
-0.02171888
-0.02458928
-0.02714288
-0.0294977
-0.03178508
-0.034092
-0.03643257
-0.03868292
-0.04064308
-0.042192
-0.04331259
-0.04396838
-0.04407586
-0.04358962
-0.0426964
-0.04178063
-0.04125306
-0.04127145
-0.04162781
-0.04198318
-0.04210251
-0.04192912
-0.04154731
-0.04109173
-0.04067054
-0.04037722
-0.04049524
-0.04120657
-0.04220764
-0.04292077
-0.04288398
-0.04196739
-0.040223
-0.0374868
-0.03335067
-0.02749898
-0.02022619
-0.01226353
-0.004068541
0.004186121
0.0123618
0.02036225
0.02814091
0.03557482
0.04248048
0.04871019
0.05425631
0.05925816
0.06378911
0.06781723
0.07122921
0.07380144
0.07532043
0.07579681
0.07545332
0.07451082
0.07314411
0.07151861
0.06976605
0.0679345
0.06590927
0.06354423
0.06081596
0.05781984
0.0547036
0.05161037
0.04874992
0.04645285
0.04494052
0.04415393
0.04384566
0.04378152
0.04388292
0.04400113
0.04379946
0.04290598
0.04114191
0.03861529
0.03553852
0.03204611
0.02811049
0.02358341
0.01818115
0.01172697
0.004384552
-0.003368279
-0.01097461
-0.01808918
-0.02460141
-0.03050217
-0.03577762
-0.0404089
-0.04432226
-0.04739175
-0.04946347
-0.05068427
-0.05156114
-0.05235597
-0.05284664
-0.05240208
-0.05043132
-0.04677833
-0.04165792
-0.03561787
-0.02963154
-0.02459351
-0.02082935
-0.01832473
-0.01690964
-0.0162791
-0.01607303
-0.01600288
-0.01590853
-0.01570633
-0.01513166
-0.01388347
-0.01191715
-0.009505827
-0.00709772
-0.00503501
-0.003416208
-0.002134383
-0.0009994376
0.0001319086
0.001210867
0.002097594
0.002823306
0.003488238
0.00408134
0.004636241
0.005289339
0.006150712
0.007234952
0.008461853
0.009632159
0.01050271
0.01095021
0.01102211
0.01087082
0.01065873
0.01049191
0.01040244
0.0103675
0.01035592
0.01042095
0.01067867
0.01099696
0.01102508
0.01051191
0.009376212
0.007614658
0.005217915
0.002232099
-0.001074748
-0.004337211
-0.007330637
-0.01001481
-0.01248617
-0.0148772
-0.01729005
-0.01975975
-0.02227187
-0.02478557
-0.02727082
-0.0297547
-0.03238964
-0.03526015
-0.03823325
-0.04109862
-0.04369796
-0.04585936
-0.04742271
-0.04826599
-0.04821203
-0.04716419
-0.04548974
-0.04370649
-0.04192849
-0.03998761
-0.03772854
-0.03512447
-0.03226742
-0.02931372
-0.02647893
-0.02401381
-0.0221574
-0.02101812
-0.02049245
-0.02034255
-0.02032021
-0.02026089
-0.02010689
-0.01988172
-0.01963855
-0.01943747
-0.01940553
-0.019678
-0.02016455
-0.02062137
-0.02084006
-0.02057383
-0.01955742
-0.01771161
-0.01516233
-0.01206556
-0.008642227
-0.0052516
-0.002404931
-0.0005593412
5.833525e-05
-0.000598424
-0.002477575
-0.005382821
-0.008987686
-0.0130604
-0.01735759
-0.02142825
-0.02469157
-0.0267783
-0.02796132
-0.02882454
-0.02959254
-0.03009872
-0.03008156
-0.02955182
-0.02882392
-0.02833608
-0.02831785
-0.02863619
-0.02899291
-0.02908395
-0.02851972
-0.02703923
-0.02468264
-0.02152174
-0.01762658
-0.01341641
-0.009515158
-0.006394482
-0.004185434
-0.002703205
-0.001735025
-0.00108481
-0.0004574293
0.0004878613
0.001997153
0.00410443
0.006646472
0.009384131
0.01211893
0.01476988
0.01745595
0.02035777
0.02341783
0.02628458
0.02843662
0.02934933
0.0287661
0.02685652
0.02404313
0.02072844
0.01736707
0.01444361
0.01221535
0.01067764
0.009739461
0.009271868
0.009102037
0.009066573
0.00901087
0.008730239
0.008068981
0.00703114
0.005737229
0.004344038
0.002969219
0.001665636
0.0004271202
-0.0007792329
-0.00198684
-0.00321788
-0.004534778
-0.006084979
-0.00798835
-0.01023193
-0.01270328
-0.01525854
-0.01778969
-0.02024739
-0.02261618
-0.02478889
-0.02658131
-0.02779361
-0.02834391
-0.02836783
-0.02821679
-0.02831964
-0.02902408
-0.03033096
-0.03175809
-0.03265989
-0.03263988
-0.03182856
-0.03058309
-0.02901018
-0.0269518
-0.02420358
-0.02059939
-0.01613614
-0.01103562
-0.005705082
-0.0006099444
0.0038458
0.007402967
0.009855978
0.01117261
0.01160623
0.01154759
0.01135251
0.01123154
0.01123936
0.01136101
0.01174428
0.01260163
0.01363185
0.01422755
0.01402172
0.01293184
0.011072
0.00868784
0.006113386
0.003723517
0.001773107
0.0002985232
-0.0007196855
-0.001346657
-0.001810972
-0.002318111
-0.002865001
-0.003440745
-0.004092295
-0.004733855
-0.005198851
-0.005407408
-0.005384895
-0.005226935
-0.005026549
-0.00479214
-0.004395698
-0.003785235
-0.003098777
-0.00252593
-0.002215328
-0.00231844
-0.002905626
-0.003916658
-0.005306599
-0.007001113
-0.008640991
-0.009802848
-0.01032208
-0.01030304
-0.009994682
-0.009629474
-0.009283196
-0.008807123
-0.007918167
-0.0064128
-0.004422627
-0.002306056
-0.0003662295
0.001268785
0.002641578
0.003875665
0.005051338
0.006080319
0.006818817
0.007220031
0.007347989
0.007325267
0.007269263
0.007251445
0.0072729
0.007198241
0.006828457
0.006058159
0.004872092
0.003266833
0.00136783
-0.0005526007
-0.002268202
-0.003754065
-0.00521338
-0.00681099
-0.008513436
-0.01030501
-0.01224768
-0.01437678
-0.01666914
-0.01902219
-0.021117
-0.02256299
-0.02318969
-0.02298252
-0.02191216
-0.02002504
-0.01748053
-0.01425552
-0.01030916
-0.005875661
-0.001318767
0.003108547
0.007444762
0.01190157
0.01661739
0.02151305
0.02630296
0.0306192
0.03421718
0.03711967
0.03954888
0.04178394
0.04403151
0.04637992
0.04881261
0.05126716
0.05368292
0.05603204
0.05834298
0.0607795
0.06341495
0.06599337
0.06825502
0.07019173
0.07183912
0.07325011
0.07462402
0.07618542
0.0780275
0.08010708
0.08230551
0.08450712
0.08664295
0.08868288
0.09052868
0.0920138
0.0929355
0.09319476
0.09286267
0.09194092
0.09032327
0.08800278
0.08519494
0.08229035
0.07955277
0.07695571
0.07434383
0.07163585
0.06896849
0.0666295
0.06486094
0.06360717
0.06259389
0.06166031
0.06073198
0.05968017
0.05840067
0.05688839
0.05520928
0.05339094
0.05136311
0.0491426
0.04688257
0.0446236
0.04238518
0.04041367
0.03898543
0.03818303
0.03800421
0.03838814
0.03918389
0.04020141
0.04126159
0.04214478
0.04265715
0.04274445
0.04242656
0.04171859
0.04076071
0.03981516
0.03909106
0.03871221
0.03877277
0.03928614
0.04014532
0.04118384
0.0422004
0.04296619
0.04341867
0.04372281
0.04397534
0.04408963
0.04384665
0.04307931
0.04178996
0.04001723
0.03779671
0.03522089
0.03242652
0.02954822
0.02667865
0.02380623
0.0206218
0.01675957
0.01213481
0.006931025
0.001458117
-0.004002407
-0.009190254
-0.01376847
-0.017512
-0.02046891
-0.02276559
-0.02449073
-0.02564574
-0.02623887
-0.02637954
-0.02624046
-0.02595762
-0.025491
-0.02472261
-0.02363722
-0.02241824
-0.02135877
-0.02065225
-0.02031414
-0.02022511
-0.0202289
-0.02018335
-0.01989145
-0.01913721
-0.01774424
-0.01559619
-0.01271021
-0.009357417
-0.005956526
-0.002807101
-1.032064e-06
0.002507136
0.00461546
0.006044366
0.006409087
0.005572426
0.00384748
0.001563472
-0.001176191
-0.004336023
-0.007783151
-0.01126596
-0.01472523
-0.01839317
-0.02250411
-0.02705467
-0.03176752
-0.03638143
-0.04085488
-0.0451679
-0.04921517
-0.05281568
-0.05585232
-0.05836406
-0.06040392
-0.0619987
-0.06320871
-0.06408156
-0.06458289
-0.06468453
-0.06444774
-0.06399043
-0.06338259
-0.06257003
-0.06155578
-0.06048141
-0.05938154
-0.058116
-0.05646384
-0.05436413
-0.05203081
-0.04975543
-0.0477608
-0.04622993
-0.04523777
-0.04470289
-0.04455545
-0.04477986
-0.04534521
-0.04623096
-0.04745714
-0.04883616
-0.0499892
-0.05075936
-0.05122442
-0.05145089
-0.05155238
-0.05175817
-0.05235901
-0.05345713
-0.05471952
-0.05573999
-0.05642205
-0.05690456
-0.057346
-0.05772065
-0.05789811
-0.05778978
-0.05730127
-0.05635271
-0.05497875
-0.05337936
-0.05185126
-0.05043879
-0.0488858
-0.04706423
-0.04512638
-0.0433955
-0.04213447
-0.04140635
-0.04120557
-0.04144731
-0.04186689
-0.04223847
-0.04257043
-0.04298614
-0.04354406
-0.04409785
-0.04442776
-0.04442755
-0.04413123
-0.04365911
-0.04314823
-0.04275077
-0.04265357
-0.04296934
-0.04363419
-0.04436144
-0.04482066
-0.04484785
-0.04439435
-0.04348036
-0.0423085
-0.04114893
-0.04004997
-0.03889409
-0.03757094
-0.03605029
-0.03434392
-0.0323721
-0.02996948
-0.02699043
-0.0234177
-0.01935366
-0.01471111
-0.00933785
-0.003289161
0.003116534
0.009416338
0.01515349
0.02003465
0.02395059
0.02684037
0.02870719
0.02991762
0.03101115
0.03212125
0.0330591
0.03364345
0.03383521
0.03372865
0.03348038
0.03322702
0.03302652
0.03277306
0.03224249
0.03114794
0.02921775
0.02625267
0.02243437
0.01831802
0.01421111
0.01019021
0.006564615
0.003606665
0.001242112
-0.0007031352
-0.0023855
-0.004031109
-0.005711544
-0.007178734
-0.008142648
-0.008487608
-0.008175373
-0.007194121
-0.005545271
-0.003206718
-0.0002174338
0.003152264
0.006518639
0.009644546
0.01257033
0.01552772
0.01860759
0.02175432
0.02498938
0.02838934
0.03195425
0.03551246
0.03881619
0.04174587
0.04440856
0.04710026
0.05007975
0.05342722
0.05703795
0.06061137
0.06369448
0.06606993
0.06789831
0.06938984
0.07071498
0.07210985
0.07376391
0.07571427
0.07787331
0.08010964
0.08231721
0.08444855
0.08650784
0.08852535
0.09049448
0.0922752
0.09370548
0.09475321
0.09550682
0.09608348
0.09645344
0.0965143
0.09624332
0.09571143
0.09501484
0.09411606
0.09290744
0.09136334
0.08955632
0.08758948
0.08544362
0.08306236
0.08056718
0.07817033
0.07598315
0.07388946
0.07164296
0.06906171
0.06598587
0.06220321
0.05762142
0.05236066
0.04654813
0.04029078
0.03374977
0.0271834
0.02092669
0.01542857
0.01101194
0.007650782
0.005206221
0.003582362
0.002543241
0.001757467
0.001089635
0.0005690047
0.0002401661
9.909061e-05
9.391094e-05
0.0001696716
0.000415313
0.001122756
0.002530479
0.004645329
0.007410643
0.01078592
0.01472192
0.01894839
0.02300053
0.02664793
0.02988703
0.03264259
0.03498661
0.03727876
0.03976048
0.04236195
0.04477762
0.04671973
0.04813664
0.0492783
0.05049784
0.05189516
0.05333887
0.05465299
0.05564013
0.0561188
0.0559221
0.05495026
0.05316974
0.05049145
0.04681636
0.04221033
0.03694316
0.03138093
0.02599048
0.02127388
0.01759537
0.01501294
0.01328263
0.01208742
0.01125916
0.01083779
0.01096744
0.01180708
0.01333229
0.01521769
0.0170667
0.01865734
0.02009637
0.02160096
0.02319666
0.02476493
0.02615162
0.02703851
0.02716025
0.02663023
0.02573305
0.02466573
0.02362475
0.0228061
0.02227644
0.02190561
0.0214317
0.02074871
0.01998376
0.01932565
0.01895057
0.01900255
0.01942483
0.01996984
0.02052313
0.02113907
0.02189253
0.02281064
0.02382008
0.02458464
0.02474669
0.02429993
0.02336465
0.02196379
0.020321
0.01881923
0.01758998
0.01651046
0.01538551
0.01398344
0.01211905
0.009767114
0.006996999
0.003859269
0.0004926681
-0.002847459
-0.005954078
-0.008711304
-0.01101164
-0.01273168
-0.01380179
-0.01427488
-0.01424379
-0.01360856
-0.01223498
-0.01019698
-0.007838588
-0.005630891
-0.004009179
-0.003244893
-0.003386676
-0.004269712
-0.005614131
-0.007272223
-0.009160355
-0.01110509
-0.01301519
-0.01492804
-0.01667362
-0.01800402
-0.01892386
-0.01947126
-0.01955685
-0.01922195
-0.01861377
-0.01764932
-0.01614557
-0.014073
-0.01156739
-0.008843196
-0.00609982
-0.003521342
-0.001291723
0.0005017171
0.001898057
0.002879513
0.003294669
0.00291361
0.001805434
0.0003823396
-0.001281652
-0.003404007
-0.005998753
-0.008867461
-0.01175656
-0.01437976
-0.01656182
-0.0184183
-0.02008048
-0.02143884
-0.02232753
-0.02271909
-0.02273869
-0.02264105
-0.02274978
-0.0232804
-0.02421314
-0.02526313
-0.02619403
-0.02713848
-0.02830165
-0.02967896
-0.03113945
-0.03259813
-0.0341417
-0.03591746
-0.03798081
-0.04027799
-0.04265616
-0.0448595
-0.0467454
-0.04842432
-0.05000839
-0.05151594
-0.05305636
-0.05478495
-0.05676017
-0.05893807
-0.06121836
-0.06349945
-0.0656621
-0.06754853
-0.06914015
-0.07063125
-0.07223488
-0.07396169
-0.07548636
-0.07650851
-0.07704931
-0.07722657
-0.07707998
-0.07653714
-0.07559764
-0.07443683
-0.07307704
-0.0713598
-0.06929753
-0.06702723
-0.06458634
-0.06195216
-0.05910913
-0.05596424
-0.05247204
-0.04881394
-0.04525411
-0.04197572
-0.03912833
-0.03674848
-0.03463696
-0.03265836
-0.03091454
-0.02934913
-0.02774099
-0.02616325
-0.02488395
-0.02405749
-0.02365596
-0.02352511
-0.02348617
-0.02341148
-0.02325373
-0.02302912
-0.022782
-0.02255126
-0.02235418
-0.02217272
-0.02189389
-0.02133612
-0.02039211
-0.01905298
-0.01730544
-0.01523263
-0.0130886
-0.01112399
-0.009483677
-0.008286794
-0.007583566
-0.007282532
-0.007217576
-0.007224962
-0.00720425
-0.007123487
-0.0069873
-0.006723611
-0.006192957
-0.005309483
-0.004056913
-0.002418684
-0.0005739302
0.001060455
0.002143868
0.002611464
0.002606079
0.002211392
0.001327157
-3.983213e-05
-0.001670187
-0.003318694
-0.004902412
-0.006483594
-0.007779489
-0.008230081
-0.007778609
-0.006873631
-0.006009025
-0.005478942
-0.00527701
-0.004982738
-0.004069165
-0.002328455
1.856901e-05
0.002478856
0.004629932
0.006348484
0.007873395
0.009560642
0.01161724
0.01404101
0.01662224
0.01889115
0.02053608
0.02178748
0.02311362
0.02479649
0.02659631
0.02802475
0.0287935
0.02891661
0.02862361
0.02819313
0.02782845
0.02760548
0.02749667
0.02742858
0.02733897
0.02724038
0.02729715
0.02769094
0.02850033
0.02987842
0.03201334
0.034905
0.0382853
0.04170561
0.04479583
0.04738387
0.0492595
0.05026226
0.05048453
0.05019513
0.0497002
0.04921257
0.0487753
0.04822919
0.04745987
0.04656694
0.04573976
0.0451422
0.04494033
0.04515043
0.04554004
0.04582098
0.0458329
0.0455678
0.04506119
0.04427703
0.04317432
0.04181219
0.04042906
0.03924924
0.03823472
0.03719652
0.03598413
0.03455732
0.03296979
0.03134025
0.02992738
0.02910169
0.02907226
0.02971897
0.03061086
0.03128603
0.03151705
0.03133263
0.03091447
0.03045259
0.03000434
0.02943564
0.02857931
0.02733647
0.02548864
0.0228777
0.01971685
0.01649189
0.01366544
0.01133673
0.009356509
0.007740653
0.006610831
0.006013974
0.006086768
0.006923894
0.008188898
0.009330195
0.009997328
0.01013702
0.009918993
0.009576751
0.009292219
0.009105459
0.008783248
0.007969099
0.006721405
0.005451981
0.004518779
0.004052272
0.00396543
0.004069641
0.004228842
0.004500974
0.005027687
0.005886301
0.007151128
0.008808647
0.01051569
0.01195187
0.0131968
0.01433993
0.01526241
0.01582148
0.01593563
0.01552274
0.01448769
0.01276649
0.01031049
0.007201509
0.003774625
0.000419173
-0.002637705
-0.005369646
-0.007843181
-0.0100453
-0.01192168
-0.01350796
-0.01500689
-0.01669694
-0.01871665
-0.02090593
-0.02284105
-0.02435258
-0.02564976
-0.02678648
-0.02761364
-0.02804898
-0.0281291
-0.02793775
-0.02732448
-0.02599445
-0.02375821
-0.0208159
-0.01773624
-0.01494723
-0.01258451
-0.01080245
-0.00971922
-0.009217078
-0.008835836
-0.008058046
-0.006885578
-0.005709079
-0.00490478
-0.004819278
-0.005722396
-0.007741889
-0.01082832
-0.0147853
-0.01916693
-0.02334907
-0.0269047
-0.02981595
-0.03242555
-0.03499577
-0.03743551
-0.0395227
-0.04110959
-0.04207208
-0.04224756
-0.04145894
-0.03969246
-0.03718054
-0.03427759
-0.03136454
-0.02878334
-0.02670531
-0.02509817
-0.02392754
-0.0231727
-0.02275281
-0.02254606
-0.02241242
-0.022131
-0.02149364
-0.02043694
-0.0189671
-0.01712041
-0.01518554
-0.01353406
-0.01213095
-0.01078467
-0.009592986
-0.008971375
-0.009287985
-0.01033201
-0.01151182
-0.01235037
-0.01267137
-0.0125254
-0.01185334
-0.01063082
-0.009202725
-0.008029113
-0.007356167
-0.007162194
-0.007258575
-0.007428198
-0.007526004
-0.007508335
-0.007411959
-0.00737089
-0.007727793
-0.008670549
-0.00994282
-0.01131555
-0.01281201
-0.01441195
-0.01605426
-0.0178378
-0.02008298
-0.02310785
-0.02673761
-0.0304312
-0.03374637
-0.03652356
-0.03884455
-0.04079204
-0.04235495
-0.04343844
-0.04405714
-0.04443019
-0.04471708
-0.04491125
-0.04496796
-0.04494001
-0.0450023
-0.04521892
-0.04546541
-0.04557748
-0.04541371
-0.0448327
-0.04377941
-0.04236512
-0.04090171
-0.03972502
-0.03898117
-0.03861391
-0.0384525
-0.0383196
-0.03802446
-0.03723189
-0.03566717
-0.03333127
-0.03034247
-0.02684176
-0.02300357
-0.01907186
-0.01530606
-0.01167768
-0.007856021
-0.003569767
0.001113186
0.005734752
0.009901095
0.01354589
0.01660958
0.01904614
0.02107043
0.02301605
0.02508066
0.02706734
0.02857187
0.02936189
0.02948945
0.02920045
0.02877671
0.0284161
0.02819021
0.02807008
0.027985
0.02787363
0.02771077
0.02750476
0.02728171
0.0270655
0.0268686
0.02668928
0.02651954
0.02634888
0.026196
0.02624098
0.02677771
0.02775338
0.02868612
0.02891108
0.02812676
0.02665004
0.02474971
0.02239532
0.01963204
0.01659562
0.01331799
0.009784536
0.006046799
0.002337292
-0.001019885
-0.003737588
-0.005631687
-0.006682316
-0.007045091
-0.006902314
-0.006204085
-0.004822318
-0.002790791
-0.0002960942
0.002415825
0.005144255
0.007782749
0.01028245
0.01244649
0.01398599
0.01479039
0.01504965
0.01515482
0.01527697
0.01525943
0.01500234
0.01448186
0.01353985
0.01218514
0.01077207
0.009684404
0.009092753
0.008931049
0.009005618
0.009155187
0.009513393
0.01039552
0.01195261
0.01395524
0.01582066
0.01693164
0.0169463
0.01580604
0.01371
0.01105523
0.008328958
0.005927243
0.00388902
0.002072969
0.0005449242
-0.0005275536
-0.00110161
-0.001277119
-0.001229169
-0.001121399
-0.001054831
-0.001057282
-0.001107023
-0.001165884
-0.001205083
-0.001216985
-0.0011766
-0.0008684342
-1.489997e-05
0.00124047
0.002567435
0.003936577
0.005425013
0.006984697
0.008514807
0.009996426
0.01154951
0.01316043
0.0145712
0.01563884
0.01638729
0.01668174
0.01627208
0.01500761
0.0129494
0.01041717
0.008027914
0.006353116
0.005557009
0.005445023
0.005703066
0.006328156
0.007564483
0.009636766
0.01257254
0.01611409
0.01965503
0.02256291
0.02458127
0.0258436
0.02669765
0.02747931
0.02835024
0.02918002
0.02966253
0.02951783
0.02866896
0.02724112
0.0253568
0.02316287
0.02091515
0.01874848
0.01656397
0.01407685
0.0110442
0.007462457
0.003603448
-0.0001498589
-0.003649164
-0.006969204
-0.01010958
-0.01285591
-0.01487377
-0.01599404
-0.01637592
-0.01646986
-0.01667411
-0.01707791
-0.01765814
-0.01839388
-0.01910833
-0.01945228
-0.01903015
-0.01774311
-0.01587603
-0.01370549
-0.01131191
-0.008611722
-0.005591433
-0.002453507
0.0004413702
0.002790008
0.0045438
0.005942414
0.00735195
0.008823128
0.01008846
0.01090199
0.01120971
0.01110066
0.01053964
0.009418092
0.007982608
0.006633952
0.005506281
0.004504688
0.00345443
0.002119301
0.0004242381
-0.001331668
-0.002906683
-0.004382914
-0.005744824
-0.006800671
-0.007442454
-0.007785532
-0.008131621
-0.008746989
-0.009720951
-0.01097731
-0.0123647
-0.01374476
-0.01504462
-0.01625867
-0.01742267
-0.01857862
-0.01975259
-0.02094851
-0.02213191
-0.02314644
-0.02386311
-0.02438144
-0.02483748
-0.0252251
-0.02547183
-0.02549784
-0.0251557
-0.02426393
-0.02274427
-0.02088259
-0.0191783
-0.01784832
-0.01678872
-0.01580364
-0.01483876
-0.01402609
-0.0136275
-0.01378016
-0.01431168
-0.01499705
-0.01576291
-0.01662713
-0.01761163
-0.01870961
-0.01988579
-0.02111503
-0.0224868
-0.02406623
-0.02559324
-0.02669288
-0.02718166
-0.02701524
-0.02627801
-0.02527434
-0.0243051
-0.02342751
-0.02263366
-0.02200152
-0.02172355
-0.02190205
-0.02237441
-0.02295158
-0.02355668
-0.02395599
-0.02388589
-0.02337104
-0.02249103
-0.02116337
-0.01930248
-0.01696093
-0.01428979
-0.01139648
-0.008259773
-0.004834242
-0.001173721
0.002470357
0.005750615
0.008390299
0.0103191
0.0116738
0.01256744
0.01306147
0.01324703
0.01323695
0.01311491
0.01280828
0.01212841
0.01087085
0.008960234
0.006484048
0.00342244
-0.0002590371
-0.004238618
-0.008099699
-0.01167812
-0.01483567
-0.01738936
-0.01929644
-0.02069343
-0.02179094
-0.022685
-0.02332952
-0.02366462
-0.02365203
-0.02321865
-0.02233359
-0.02110321
-0.01981497
-0.01874335
-0.01788945
-0.01714618
-0.01648654
-0.01582787
-0.01501469
-0.01396698
-0.01277813
-0.01170002
-0.01094958
-0.01057892
-0.01049248
-0.01053589
-0.01056095
-0.01039473
-0.00986771
-0.008930852
-0.00767121
-0.006244979
-0.004793539
-0.003378019
-0.001876657
-9.218862e-05
0.002053961
0.00442047
0.006702217
0.008644213
0.01014467
0.01114378
0.01164424
0.01176442
0.0116752
0.01152852
0.01141162
0.01134768
0.01128688
0.0109865
0.01011285
0.008628138
0.006752425
0.004647346
0.002374765
-2.704733e-05
-0.00251572
-0.004962765
-0.007018906
-0.008352062
-0.008901449
-0.008744213
-0.007978973
-0.006632191
-0.004731746
-0.002431532
-0.0001369629
0.001647213
0.002640514
0.002782453
0.002015635
0.0002781859
-0.002381224
-0.005755353
-0.009490234
-0.01314753
-0.01640252
-0.01916429
-0.02142374
-0.02320751
-0.02460682
-0.02568357
-0.0264445
-0.02710776
-0.02800303
-0.02908803
-0.03017297
-0.03130605
-0.03246838
-0.03342441
-0.03396802
-0.034067
-0.03382739
-0.03332342
-0.03253583
-0.03144159
-0.03003499
-0.02823794
-0.02591289
-0.02297977
-0.01961052
-0.01619886
-0.01319807
-0.01095857
-0.009573676
-0.008686331
-0.007725082
-0.00654408
-0.005321152
-0.004138144
-0.002862777
-0.001298559
0.0005315277
0.002470589
0.004475281
0.0065026
0.008418816
0.01010388
0.01148992
0.01248172
0.01302713
0.01319469
0.01312716
0.01293446
0.01256062
0.01188355
0.01089031
0.009770886
0.008761386
0.007754748
0.006558946
0.005315037
0.004314296
0.003701449
0.003311095
0.002827513
0.002029012
0.0007842207
-0.0009237999
-0.002771663
-0.004354235
-0.005673808
-0.00679063
-0.007469663
-0.007447424
-0.006588679
-0.004615797
-0.001323219
0.003087459
0.007956035
0.01253212
0.01663308
0.02044936
0.02401972
0.02726365
0.0301555
0.03274098
0.0350117
0.03678072
0.03803638
0.03909362
0.04009052
0.04093021
0.04162351
0.04229793
0.0430042
0.04340566
0.04303916
0.04195091
0.04046249
0.03870565
0.03676411
0.03477756
0.03273098
0.03050063
0.02802192
0.02532337
0.02252049
0.01985904
0.01758229
0.01575755
0.01428723
0.0130159
0.01192412
0.0110991
0.01058766
0.01034897
0.01028244
0.0102793
0.01026322
0.01020349
0.01010808
0.009967164
0.009573143
0.008621857
0.007110145
0.005314097
0.00354652
0.002089255
0.001136953
0.0007037225
0.0006418705
0.0007456944
0.0008512311
0.0008800748
0.0008392591
0.0008575611
0.001273164
0.002251458
0.00351362
0.004736027
0.005818287
0.006806071
0.007724504
0.008513699
0.009290665
0.01037526
0.01199581
0.01415256
0.01666812
0.01931646
0.02190163
0.02421169
0.0261357
0.02781289
0.02933764
0.03058033
0.03148919
0.03216899
0.03265745
0.03299834
0.0333413
0.03373545
0.0340393
0.03398705
0.0334419
0.03256598
0.03155551
0.03043914
0.02904236
0.02717242
0.0248036
0.02206666
0.01916019
0.01624521
0.0133116
0.01007673
0.006390302
0.002498858
-0.001334598
-0.005048835
-0.008671805
-0.01204298
-0.01475546
-0.01670133
-0.01819015
-0.01936593
-0.02010411
-0.0202162
-0.01963321
-0.01850772
-0.01722328
-0.01613212
-0.01525122
-0.01430043
-0.01295527
-0.01117858
-0.009165845
-0.007030255
-0.004776802
-0.002419256
-0.0001034207
0.001925716
0.003396179
0.004103755
0.003969785
0.002992098
0.001316485
-0.0005635202
-0.002186875
-0.003583443
-0.004967193
-0.006424242
-0.007910157
-0.009245199
-0.01005892
-0.01005964
-0.009261866
-0.007920186
-0.006360412
-0.004843978
-0.003568385
-0.002687512
-0.002237461
-0.002119817
-0.002184264
-0.002367167
-0.002753639
-0.003449416
-0.004488421
-0.005940598
-0.00785486
-0.01015902
-0.01270052
-0.01531923
-0.01790596
-0.02041906
-0.02284273
-0.02501837
-0.02664282
-0.02753048
-0.02774928
-0.02753022
-0.02706136
-0.02637178
-0.02542768
-0.02426977
-0.02310614
-0.02211526
-0.02125606
-0.02047179
-0.01980769
-0.01932855
-0.01910272
-0.01925942
-0.01996807
-0.02131103
-0.02309341
-0.02499829
-0.026892
-0.02872989
-0.03043845
-0.03207094
-0.03371713
-0.03519551
-0.03628817
-0.03702755
-0.03750101
-0.0377007
-0.03748538
-0.03666779
-0.03512731
-0.03289994
-0.03019127
-0.02725433
-0.0242382
-0.02110241
-0.0178266
-0.0145362
-0.0113887
-0.008510115
-0.006042773
-0.004060804
-0.00247339
-0.0009896156
0.0007272794
0.002824486
0.005103091
0.007111765
0.008692376
0.01005525
0.01124291
0.01211353
0.0125786
0.01257157
0.01205156
0.01107265
0.009784568
0.008359175
0.006928651
0.005576705
0.004447463
0.003684731
0.003308048
0.003219264
0.003272411
0.003343384
0.003367549
0.003317138
0.003058594
0.002314424
0.0009930108
-0.0006932912
-0.002441558
-0.004035473
-0.005408224
-0.006610859
-0.007743424
-0.008890477
-0.01009032
-0.01132234
-0.01245741
-0.01329914
-0.01373707
-0.01381141
-0.01366119
-0.0134396
-0.0132511
-0.01313188
-0.01306556
-0.01301491
-0.01294865
-0.01285495
-0.01273916
-0.01261548
-0.0124961
-0.01238712
-0.01228749
-0.01219198
-0.0121183
-0.01220559
-0.01257091
-0.01308581
-0.01342664
-0.01329708
-0.01270659
-0.0118453
-0.01068355
-0.009065951
-0.00695466
-0.004453319
-0.001741297
0.001014172
0.003709066
0.006314733
0.008853446
0.01136405
0.01388319
0.01648549
0.01932384
0.02251607
0.02597566
0.02915821
0.0315084
0.03307936
0.03417557
0.03492918
0.03535722
0.03549246
0.03540411
0.03518286
0.03490935
0.03463678
0.03435164
0.03389706
0.03309398
0.03195614
0.03092084
0.03060046
0.0310514
0.03182982
0.0324801
0.03285064
0.03310754
0.03350485
0.03424404
0.03545712
0.03699525
0.03840227
0.03927286
0.03945075
0.03892925
0.03781955
0.03630273
0.03435775
0.03186694
0.02905811
0.0263101
0.02378501
0.02162904
0.02004635
0.01911178
0.01870439
0.01862776
0.01887017
0.0195884
0.02064141
0.021625
0.02223135
0.02238129
0.02218927
0.02184653
0.02151608
0.021288
0.0212424
0.02149625
0.02211175
0.02300765
0.02390615
0.02451161
0.02469381
0.0244086
0.02365087
0.02248928
0.02100562
0.01920315
0.01715193
0.01506647
0.0131491
0.01148388
0.01003358
0.008701387
0.007410016
0.006239638
0.005431216
0.005361055
0.006143447
0.007367042
0.008464165
0.009024742
0.008713545
0.00750599
0.005873034
0.004217585
0.002600458
0.001140952
-5.329224e-05
-0.001211349
-0.002593293
-0.004205718
-0.005890184
-0.007441435
-0.008621277
-0.009289036
-0.009495459
-0.009414102
-0.009201305
-0.008832506
-0.008192554
-0.007256983
-0.006197615
-0.005296511
-0.004737993
-0.004535197
-0.004571469
-0.00469471
-0.00478895
-0.004813782
-0.004837702
-0.005046807
-0.005518924
-0.006128345
-0.006802011
-0.007588184
-0.008536501
-0.009649011
-0.01085994
-0.01198127
-0.01282343
-0.01345878
-0.01418873
-0.01533389
-0.01694745
-0.01878533
-0.02055627
-0.02214795
-0.02368999
-0.02530049
-0.02692784
-0.02846397
-0.02989378
-0.03135175
-0.03284037
-0.0340986
-0.03487061
-0.03510185
-0.03491384
-0.03443279
-0.03369672
-0.03281747
-0.03200066
-0.03140147
-0.03112215
-0.03124055
-0.03166382
-0.03215163
-0.03262783
-0.03318126
-0.03388397
-0.03465259
-0.03527557
-0.03558924
-0.03557176
-0.03531689
-0.03496056
-0.03461259
-0.03433088
-0.03420019
-0.0344835
-0.03529038
-0.03634345
-0.03745659
-0.03866169
-0.03981046
-0.04076077
-0.04167846
-0.04264871
-0.04348601
-0.04397822
-0.04405724
-0.04380551
-0.0433808
-0.04288619
-0.04212293
-0.04076055
-0.03868748
-0.03612071
-0.03349519
-0.03117485
-0.02929183
-0.0277629
-0.02640677
-0.02505456
-0.02361872
-0.02209402
-0.02053604
-0.01906951
-0.01785784
-0.01680598
-0.01559775
-0.01422816
-0.01292959
-0.0117864
-0.01081653
-0.01005771
-0.009408734
-0.008705868
-0.007971573
-0.007343378
-0.006918515
-0.006702475
-0.006631869
-0.006628808
-0.006705317
-0.006993106
-0.007611629
-0.008530707
-0.009512853
-0.01039305
-0.01132768
-0.01239613
-0.0133956
-0.01408482
-0.01437072
-0.01431958
-0.0140838
-0.01381186
-0.01359506
-0.01345315
-0.01337142
-0.01339488
-0.01365544
-0.01424321
-0.01509724
-0.01595307
-0.01652458
-0.01669753
-0.01653518
-0.01613957
-0.01536295
-0.01401984
-0.01222583
-0.01027007
-0.008384348
-0.006536979
-0.004540687
-0.00227818
0.000157238
0.002484067
0.004342469
0.005500681
0.005989797
0.006035925
0.005913894
0.005825735
0.00585384
0.005981146
0.006144549
0.006286068
0.006378599
0.006428355
0.006465744
0.006580318
0.006930286
0.007539706
0.008249045
0.008989143
0.009771806
0.0105132
0.01117194
0.01186185
0.01272159
0.01380561
0.01507396
0.01643807
0.01781026
0.01913811
0.02037557
0.02139273
0.02212419
0.02270894
0.02325723
0.02373206
0.02405582
0.0241983
0.02418848
0.02409135
0.02394892
0.02365946
0.02306137
0.02210058
0.02084461
0.01943039
0.01798681
0.01659393
0.01527013
0.01399548
0.01273568
0.01146772
0.01018371
0.008900431
0.007701968
0.006761167
0.006203492
0.006014256
0.006077596
0.006307388
0.006737401
0.007351605
0.008029768
0.008882233
0.01013006
0.01174191
0.01349158
0.01516272
0.01664516
0.01794585
0.01911834
0.02008439
0.02058816
0.02053625
0.0200937
0.0193907
0.01846539
0.01735705
0.01611793
0.01480796
0.01347526
0.01215156
0.01084779
0.009562795
0.008310268
0.007225324
0.006477411
0.006129946
0.006193775
0.006689404
0.007588752
0.008823156
0.01039805
0.01227357
0.01425575
0.01623178
0.018256
0.02041248
0.02266742
0.02482752
0.02669535
0.02818843
0.02923651
0.02986328
0.03029951
0.03074403
0.03118893
0.03152877
0.03164144
0.03138023
0.03073818
0.0299435
0.02926219
0.02880335
0.02841282
0.02790816
0.0273109
0.02676071
0.0263659
0.02614689
0.02598992
0.02567524
0.02511515
0.024454
0.02388875
0.02353759
0.02338481
0.02325827
0.0228931
0.02213097
0.02102993
0.01989131
0.01903196
0.01858925
0.01849651
0.0185205
0.01810806
0.01622664
0.01166149
0.00474186
-0.0024711
-0.007749001
-0.009956406
-0.009393207
-0.007205032
-0.004664526
-0.002714884
-0.001701184
-0.001304653
-0.0009534245
-0.0002482024
0.0007847831
0.001837467
0.002619433
0.00301846
0.003080417
0.002838609
0.002240662
0.001151899
-0.0005160009
-0.002683981
-0.005166038
-0.007732057
-0.01008603
-0.01199365
-0.01341833
-0.01439111
-0.01493852
-0.01510945
-0.01490982
-0.01415652
-0.01275411
-0.01090724
-0.008944636
-0.007116593
-0.005517614
-0.00410894
-0.002790012
-0.001468352
-0.000129883
0.001068785
0.001931426
0.002416023
0.002715335
0.003125364
0.003710976
0.00432414
0.004806506
0.005085016
0.005182858
0.00517492
0.005092117
0.004852822
0.004508566
0.004327124
0.004334205
0.004293627
0.004106414
0.003851733
0.003641729
0.003545855
0.003569485
0.003672647
0.003802014
0.003901731
0.00384433
0.003490421
0.002923976
0.002385226
0.002052875
0.001974869
0.00206381
0.002079318
0.001855903
0.001605297
0.001615774
0.001896991
0.002170248
0.002170739
0.002040037
0.002075017
0.002342855
0.002725123
0.003069129
0.003282444
0.003352694
0.003343595
0.004026276
0.004387446
0.004989891
0.005602059
0.00603052
0.006208296
0.006186144
0.006065152
0.005893311
0.005575377
0.005054435
0.004439326
0.003784941
0.003060331
0.002343896
0.001712115
0.001075468
0.0002903304
-0.000713106
-0.001916266
-0.003304235
-0.00491791
-0.006613204
-0.008029891
-0.008897647
-0.00919073
-0.009068394
-0.008669318
-0.008015832
-0.007096041
-0.005941985
-0.00462649
-0.003236877
-0.001842152
-0.0004821022
0.000800957
0.001863348
0.002561111
0.00288226
0.002929668
0.002823755
0.002539404
0.002031198
0.00142983
0.0009300171
0.0006444381
0.000566038
0.0005638641
0.0003999158
-3.609732e-05
-0.0006284841
-0.001291409
-0.002014319
-0.002684067
-0.003152291
-0.003364513
-0.003366496
-0.003255714
-0.0031164
-0.002929905
-0.002565746
-0.002000719
-0.001390434
-0.0009078048
-0.0006362529
-0.0005684619
-0.0007243992
-0.001199224
-0.002161995
-0.003719611
-0.005802528
-0.008215113
-0.01073946
-0.01321693
-0.01554195
-0.01757404
-0.01921056
-0.02046182
-0.02132887
-0.02175932
-0.02164332
-0.02092918
-0.01973798
-0.01837744
-0.01716359
-0.01601977
-0.01467054
-0.01305537
-0.01130642
-0.009589616
-0.008013735
-0.006647346
-0.005583794
-0.004807149
-0.00413576
-0.003476204
-0.002886164
-0.002445359
-0.002181442
-0.002061653
-0.002021355
-0.001997715
-0.001952744
-0.001876618
-0.001794639
-0.00182628
-0.002116506
-0.002608999
-0.003146903
-0.003699393
-0.004249301
-0.004716005
-0.005139337
-0.005668027
-0.006393086
-0.00723804
-0.007981632
-0.008439527
-0.008604827
-0.00870281
-0.009009975
-0.009639808
-0.0104477
-0.01114574
-0.01152832
-0.01155995
-0.01137171
-0.0113085
-0.01174594
-0.01262078
-0.01357732
-0.01439832
-0.01499376
-0.01530291
-0.01533051
-0.01515474
-0.01489063
-0.01470079
-0.01473667
-0.01487049
-0.014795
-0.01440403
-0.01375651
-0.01290486
-0.01197228
-0.01115224
-0.01056947
-0.01022923
-0.01004872
-0.009924191
-0.009778474
-0.009587655
-0.009409431
-0.009394148
-0.009599011
-0.009894381
-0.01010305
-0.01012432
-0.009959747
-0.009679187
-0.00935109
-0.008931463
-0.008330097
-0.007614109
-0.006950144
-0.006452755
-0.006141717
-0.005962986
-0.005837387
-0.005701844
-0.005528209
-0.005320145
-0.005097606
-0.004880345
-0.004678867
-0.00448234
-0.004208035
-0.003717792
-0.002931881
-0.001882409
-0.0006754646
0.0005714345
0.001792319
0.003055365
0.004503289
0.006204272
0.008069452
0.009858073
0.01127947
0.01216296
0.01263866
0.01301138
0.01351185
0.01415087
0.01475578
0.01515278
0.01527827
0.01518312
0.01497539
0.01474275
0.01444393
0.01396182
0.01323447
0.01229086
0.01122055
0.0101216
0.009085314
0.008248545
0.007720954
0.007482202
0.007355289
0.007115938
0.006729201
0.006320018
0.006025225
0.005973013
0.00624326
0.006729554
0.007175252
0.007314172
0.007064968
0.006594059
0.006138194
0.005826535
0.005587685
0.005308852
0.004997779
0.004731437
0.004609807
0.004841186
0.005522384
0.006421681
0.007199921
0.00765183
0.007769171
0.007710216
0.007723263
0.007938925
0.008283998
0.008608728
0.008835935
0.009034648
0.00928296
0.009547005
0.009748194
0.009837334
0.009829092
0.009860872
0.01016024
0.01074987
0.0114008
0.0118695
0.01204437
0.01195983
0.01173106
0.01147852
0.01127587
0.01114003
0.01103917
0.01087919
0.01053635
0.009953093
0.009193405
0.008443365
0.007883844
0.007578389
0.007478653
0.007481485
0.007491508
0.007456099
0.007369217
0.007253377
0.007136665
0.007037081
0.006957102
0.006906263
0.006994079
0.007370811
0.007958961
0.008510988
0.00883973
0.008896352
0.008750279
0.008516379
0.008292642
0.00813157
0.008078361
0.008169905
0.008297935
0.008269805
0.008038316
0.007696157
0.007370521
0.007195114
0.007268417
0.007589866
0.008048177
0.008455961
0.008667388
0.008650456
0.008467853
0.00821604
0.007987489
0.00791119
0.008122248
0.008554301
0.008978337
0.009206974
0.009182798
0.008963197
0.008655345
0.008353131
0.008112474
0.008002508
0.008128197
0.008460214
0.008809374
0.008997248
0.008955714
0.00872547
0.008400169
0.008068998
0.007781674
0.007544814
0.007337604
0.007134265
0.006900812
0.006525876
0.005913779
0.005155214
0.00438161
0.003594273
0.002730056
0.001779076
0.0008743802
0.0001620575
-0.0003535
-0.0007638096
-0.001159445
-0.001536954
-0.001815496
-0.001904182
-0.001798115
-0.001590139
-0.001349275
-0.001103308
-0.0008964507
-0.0007435572
-0.0005956609
-0.0003958318
-0.0001354881
0.0001168517
0.000275386
0.0003104175
0.0002807114
0.0002898329
0.0004034389
0.0006045088
0.0008011232
0.0009023498
0.0008748951
0.0007447951
0.000582604
0.000484677
0.0005163866
0.0006701504
0.0008572214
0.0009690892
0.0009517185
0.0008160246
0.000602012
0.0002935927
-0.0001629938
-0.000783559
-0.001529813
-0.002333638
-0.003130346
-0.003864652
-0.004451678
-0.004853508
-0.005148596
-0.005408956
-0.005629093
-0.005777645
-0.005853797
-0.005903244
-0.005962475
-0.0060223
-0.006056619
-0.006049616
-0.006003361
-0.005932013
-0.005848591
-0.005739062
-0.005574908
-0.005345432
-0.005064331
-0.004762779
-0.004490162
-0.004283782
-0.004105121
-0.003900713
-0.003687525
-0.003517135
-0.003421754
-0.003400056
-0.003426791
-0.003474999
-0.003553153
-0.003696706
-0.003891679
-0.00408976
-0.004284798
-0.004479153
-0.004644018
-0.004763615
-0.004853857
-0.004937593
-0.005019677
-0.005085191
-0.005143561
-0.005225705
-0.005318368
-0.005377684
-0.005374947
-0.005298243
-0.005149367
-0.004946365
-0.004722852
-0.004521648
-0.004372751
-0.004278707
-0.004222345
-0.004180502
-0.004135918
-0.004081455
-0.004018755
-0.003953313
-0.003890283
-0.003831973
-0.003777972
-0.003726311
-0.00367508
-0.003623235
-0.003570219
-0.003511471
-0.003436523
-0.00334477
-0.003250924
-0.003170642
-0.003110736
-0.003069321
-0.003045017
-0.003039201
-0.003043756
-0.003042973
-0.003027652
-0.003006457
-0.003001531
-0.003017007
-0.003037778
-0.003059953
-0.003083885
-0.003098547
-0.003101399
-0.003102581
-0.00310039
-0.003088097
-0.003072778
-0.003062592
-0.00305584
-0.003045706
-0.003024905
-0.002985765
-0.002925112
-0.002846379
-0.002753114
-0.002647762
-0.002534049
-0.002414601
-0.002289965
-0.002164408
-0.002046038
-0.001940983
-0.001852495
-0.001782265
-0.001729067
-0.001688786
-0.001659409
-0.001640152
-0.001628351
-0.001618156
-0.001602594
-0.001577874
-0.001544799
-0.001506789
-0.001466199
-0.00142325
-0.001379747
-0.001338561
-0.001299823
-0.001263969
-0.001234063
-0.001209595
-0.001186006
-0.001161019
-0.001134752
-0.001107005
-0.001077709
-0.001047667
-0.001018243
-0.0009912538
-0.0009688055
-0.0009511773
-0.0009364291
-0.0009234358
-0.0009131312
-0.0009081048
-0.0009093856
-0.0009146353
-0.0009202662
-0.0009233542
-0.0009220037
-0.0009158866
-0.0009062501
-0.0008944408
-0.0008813524
-0.0008677123
-0.0008542284
-0.0008414806
-0.0008298474
-0.0008194744
-0.0008103433
-0.0008023374
-0.000795328
-0.0007892005
-0.00078394
-0.0007798531
-0.0007772656
-0.0007761101
-0.0007761294
-0.00077703
-0.0007782492
-0.0007791593
-0.0007796406
-0.000779908
-0.000780115
-0.0007801216
-0.0007796752
-0.0007787954
-0.0007775839
-0.0007759315
-0.0007738343
-0.000771517
-0.0007691587
-0.0007668607
-0.0007647678
-0.0007629779
-0.0007614754
-0.0007601589
-0.000758896
-0.0007575509
-0.0007560889
-0.0007545968
-0.0007531783
-0.0007518667
-0.0007506075
-0.0007493257
-0.0007479967
-0.0007466544
-0.0007453498
-0.0007440876
-0.0007428459
-0.0007416104
-0.0007403718
-0.0007391152
-0.0007378198
-0.0007364727
-0.0007350804
-0.0007336517
-0.0007321894
-0.000730693
-0.0007291628
-0.0007275993
-0.0007260042
-0.0007243774
-0.0007227165
-0.000721018
-0.000719281
-0.0007175059
-0.000715694
-0.0007138464
-0.0007119646
-0.0007100501
-0.0007081046
-0.0007061295
-0.0007041264
-0.0007020962
-0.0007000398
-0.0006979577
