-0.0001357396
-0.0001353046
-0.0001348163
-0.0001343585
-0.0001338307
-0.0001333047
-0.0001326951
-0.0001320782
-0.000131365
-0.0001306304
-0.0001297837
-0.0001289098
-0.0001279279
-0.0001269195
-0.0001258155
-0.0001246934
-0.0001234771
-0.0001222449
-0.0001209134
-0.0001195688
-0.0001181223
-0.0001166652
-0.000115113
-0.0001135471
-0.0001118816
-0.0001102109
-0.0001084459
-0.0001066707
-0.0001048023
-0.0001028282
-9.940711e-05
-9.127547e-05
-7.913305e-05
-7.065674e-05
-7.025947e-05
-7.58057e-05
-8.257129e-05
-8.697627e-05
-8.754797e-05
-8.50111e-05
-8.089873e-05
-7.683325e-05
-7.35533e-05
-7.119106e-05
-6.928728e-05
-6.61311e-05
-5.36594e-05
-2.869035e-05
-6.121978e-06
-1.100956e-06
-1.280698e-05
-3.130786e-05
-4.652071e-05
-5.336529e-05
-5.183135e-05
-4.540386e-05
-3.794563e-05
-3.221263e-05
-2.879183e-05
-2.70542e-05
-2.563202e-05
-2.368221e-05
-2.075235e-05
-1.717053e-05
-1.32696e-05
-9.557396e-06
-6.078165e-06
-2.913017e-06
2.173985e-07
3.334282e-06
6.647334e-06
1.002115e-05
1.355425e-05
1.701071e-05
2.057084e-05
2.237024e-05
9.349912e-06
-4.100939e-05
-0.0001263392
-0.0002117012
-0.0002447841
-0.0001988215
-9.974003e-05
3.986374e-06
7.633644e-05
0.0001062952
0.0001037002
8.732219e-05
7.336096e-05
7.436011e-05
0.0001188759
0.0002268927
0.0003707342
0.0005017236
0.0005829526
0.0005800534
0.0004895494
0.0003870854
0.0003362205
0.0003159845
0.0003177557
0.0003728598
0.000475956
0.0005870461
0.0006670715
0.0006708732
0.000571969
0.0004493905
0.0004315148
0.0005792347
0.0008228703
0.001008247
0.001052477
0.0009802113
0.0008592215
0.0007248683
0.0005621492
0.0003776242
0.0002131717
0.0001058035
9.302301e-05
0.0002112152
0.000434507
0.0006881397
0.0009489346
0.001220322
0.001469406
0.001653129
0.001756145
0.001791913
0.001790074
0.001772946
0.001716091
0.001554177
0.001244656
0.0008156193
0.0003797005
5.538188e-05
-0.0001079014
-0.0001332096
-8.298083e-05
-2.000354e-05
1.750849e-05
2.979634e-05
8.681496e-05
0.0002886411
0.0006812297
0.001208493
0.001724531
0.002094732
0.002272266
0.002293774
0.002236846
0.002173836
0.002145081
0.002155728
0.00218639
0.002187495
0.002058532
0.001714139
0.001161114
0.0005339378
1.573274e-05
-0.0002874522
-0.0003769866
-0.0003299536
-0.0002393565
-0.0001729849
-0.0001495732
-0.0001163523
4.166457e-05
0.0003570867
0.0007482583
0.001180863
0.001658533
0.002110358
0.002443978
0.002634822
0.002797553
0.00310404
0.003642827
0.004343005
0.005023696
0.005598955
0.006105236
0.006536087
0.006844207
0.007000093
0.006943802
0.00662149
0.006132914
0.005668362
0.005337289
0.005012135
0.004411772
0.00343224
0.002197191
0.0008883625
-0.00042151
-0.001772757
-0.00305839
-0.004052821
-0.00463159
-0.004826088
-0.004760479
-0.004492487
-0.0039999
-0.003263334
-0.002256231
-0.0009461789
0.0005014581
0.001747307
0.002551969
0.002936993
0.0031612
0.003443717
0.003785531
0.003978137
0.003831067
0.003401107
0.002899235
0.002512269
0.002321075
0.002301922
0.002363939
0.002348529
0.00209537
0.00171589
0.001517195
0.001616959
0.00190781
0.002234474
0.002574952
0.002995756
0.003334338
0.003353091
0.003062885
0.002648145
0.002255041
0.001724856
0.0008344266
-0.0002823132
-0.001286294
-0.001937303
-0.00218473
-0.002096881
-0.001694524
-0.0009707467
1.150981e-05
0.001045948
0.001871113
0.002343203
0.002478347
0.002432228
0.002568008
0.003267796
0.004432364
0.005609856
0.006427291
0.006753222
0.006685957
0.00642444
0.006107888
0.005682628
0.00501338
0.004057196
0.002986273
0.002079109
0.001512992
0.001298054
0.001320456
0.001429474
0.0014784
0.001265928
0.0006336951
-0.0003964781
-0.00158253
-0.00260834
-0.003410891
-0.004156206
-0.005010262
-0.005960347
-0.006795198
-0.00719507
-0.00697876
-0.006308786
-0.005450287
-0.004518049
-0.003506727
-0.002387718
-0.001153309
0.0001713049
0.001542604
0.002916382
0.004264842
0.005578329
0.0068634
0.008114133
0.009227948
0.01003479
0.01044629
0.01050571
0.01034655
0.01011296
0.009884746
0.009551739
0.008873634
0.007611034
0.005752437
0.003589557
0.001487028
-0.0002898516
-0.001557234
-0.002332731
-0.002881536
-0.003411136
-0.003985554
-0.004819744
-0.006059766
-0.007445056
-0.008569626
-0.009174571
-0.009119655
-0.008400984
-0.007186594
-0.005716585
-0.004201461
-0.002757389
-0.001408362
-0.0001309546
0.001032594
0.001945517
0.002498336
0.002663937
0.002398437
0.001751878
0.0009353663
-1.548066e-05
-0.001278919
-0.002871487
-0.004613395
-0.006310438
-0.007848969
-0.009192878
-0.01024822
-0.01090955
-0.01119564
-0.01131038
-0.01152571
-0.01178625
-0.01176687
-0.01123896
-0.01026906
-0.009168533
-0.008147338
-0.007190373
-0.006179195
-0.004949192
-0.003332269
-0.001363248
0.0007041826
0.002602703
0.004138973
0.005171082
0.005672074
0.005762948
0.005632869
0.005452159
0.005318351
0.005253428
0.005230397
0.005210006
0.005165657
0.005091857
0.005000356
0.004869377
0.004460763
0.003497457
0.002146784
0.0008668514
-1.695165e-05
-0.0005295731
-0.0009691593
-0.001624847
-0.002563978
-0.003575062
-0.00437371
-0.004807934
-0.004898504
-0.004779544
-0.004580026
-0.004215462
-0.003422365
-0.002233465
-0.0009751475
0.0001562219
0.001095999
0.0017899
0.002323413
0.002884845
0.003479883
0.003904022
0.003884841
0.003270843
0.002149967
0.0008738711
-0.0002128998
-0.001073578
-0.001881486
-0.002794813
-0.003752406
-0.004551242
-0.005047935
-0.005229106
-0.005187382
-0.005051965
-0.004927491
-0.004862922
-0.004856528
-0.004860241
-0.004720189
-0.004275882
-0.00359932
-0.002860546
-0.002097655
-0.001349214
-0.0007101649
-0.0001281195
0.0005106124
0.001154602
0.001664858
0.001954703
0.002026312
0.001899256
0.001538925
0.001133125
0.001162481
0.001790999
0.002679799
0.003275316
0.003240873
0.002668179
0.001785956
0.0007656499
-0.0001679662
-0.0008104642
-0.001110657
-0.00115
-0.001090865
-0.001202678
-0.001725956
-0.002696084
-0.003896388
-0.004946116
-0.00544408
-0.005164823
-0.004175641
-0.002739669
-0.001158338
0.000356143
0.001685895
0.002699162
0.003300302
0.003524675
0.003496663
0.003363776
0.003225116
0.00306104
0.002703263
0.001991659
0.0008784964
-0.0006776974
-0.002645648
-0.004780363
-0.00678427
-0.008468757
-0.00969518
-0.01039271
-0.01063287
-0.01058121
-0.0103979
-0.01007807
-0.009496877
-0.008583058
-0.00744415
-0.006357878
-0.005580644
-0.005196446
-0.005128274
-0.00521812
-0.00533644
-0.005508006
-0.005894354
-0.006610702
-0.007545887
-0.008283067
-0.008483611
-0.00818503
-0.007651409
-0.007112179
-0.00657241
-0.005971197
-0.005374411
-0.004896319
-0.004564691
-0.00422726
-0.00380485
-0.003509967
-0.003527491
-0.003799018
-0.004153007
-0.004495385
-0.004904636
-0.005429508
-0.005964372
-0.006373731
-0.006641348
-0.006933385
-0.007376125
-0.007891367
-0.008320091
-0.008556677
-0.008592088
-0.00848863
-0.008333056
-0.008192251
-0.008095878
-0.008030162
-0.007898834
-0.007547388
-0.007064713
-0.006781607
-0.006840033
-0.007118861
-0.007437808
-0.007754172
-0.00819257
-0.008886849
-0.009873411
-0.01107389
-0.01228176
-0.01320214
-0.01353342
-0.01311547
-0.0120405
-0.01063828
-0.009315214
-0.008138941
-0.006881919
-0.005548474
-0.004249535
-0.002854412
-0.00123804
0.0005012428
0.002056474
0.003188473
0.003965503
0.004554444
0.00499054
0.005122806
0.004767849
0.003903704
0.002741716
0.001627785
0.0007164738
-9.12651e-05
-0.0009677184
-0.002024283
-0.003271266
-0.004641782
-0.006046149
-0.007398965
-0.008532489
-0.009140764
-0.009096863
-0.008559567
-0.007571184
-0.006146157
-0.004611219
-0.00338488
-0.002681016
-0.002458199
-0.002475634
-0.002380672
-0.002054254
-0.001751895
-0.001703425
-0.001895257
-0.002204455
-0.002641045
-0.003423565
-0.004558392
-0.005721961
-0.006576705
-0.006975425
-0.006978578
-0.006761262
-0.006503869
-0.006312469
-0.006155131
-0.005849841
-0.005296507
-0.004641128
-0.004214579
-0.004230429
-0.004442244
-0.004392932
-0.003818476
-0.002837505
-0.001814697
-0.001066173
-0.0007116912
-0.0006816172
-0.0008116117
-0.0009452047
-0.0009948912
-0.0009526861
-0.0008285242
-0.0004580239
0.0004244554
0.001704374
0.002951789
0.00381737
0.004189169
0.004173011
0.003972156
0.00377169
0.003669524
0.003672715
0.003733031
0.003791834
0.003778831
0.003530987
0.002894287
0.001876432
0.0007056315
-0.0002849502
-0.0008810181
-0.001067524
-0.0009786154
-0.0007900149
-0.000635894
-0.0005697825
-0.0005784574
-0.0006157871
-0.0006398246
-0.0006302112
-0.0005906978
-0.0005371195
-0.0004864221
-0.0004473681
-0.0004202887
-0.0003986758
-0.0003427905
-0.0001077339
0.0003302896
0.0007202283
0.001048293
0.001643682
0.002565551
0.003657795
0.00494741
0.006390305
0.007698601
0.00859329
0.008989596
0.00901699
0.009054475
0.009616337
0.01101257
0.01311668
0.01534023
0.01717759
0.01863035
0.01979693
0.02060215
0.02084128
0.02037706
0.01926291
0.01760371
0.01552725
0.01342565
0.0116672
0.01017387
0.008785059
0.007528732
0.006269384
0.004706456
0.002691012
0.000431898
-0.001563478
-0.002878417
-0.00342211
-0.003391521
-0.003099843
-0.00277933
-0.002321947
-0.001384237
0.0002535493
0.00248656
0.004916844
0.007126168
0.00890458
0.01027481
0.01140312
0.01244709
0.01332737
0.01375577
0.01363329
0.01310276
0.01229037
0.01133556
0.01044247
0.009659137
0.00884915
0.007876443
0.006763569
0.005719
0.004959091
0.004561689
0.004461306
0.004518598
0.004599462
0.004624506
0.004601267
0.004705632
0.005155032
0.006024449
0.007235784
0.008605101
0.009842672
0.01072469
0.01132022
0.01180041
0.012207
0.01249436
0.01262712
0.01261185
0.01249222
0.01232426
0.01215434
0.01200622
0.01187487
0.01168358
0.01124117
0.01029627
0.008700826
0.006625342
0.004448381
0.002477417
0.0008342677
-0.0005129351
-0.001563181
-0.00227058
-0.002654475
-0.002879572
-0.003205832
-0.003722763
-0.004294892
-0.00473723
-0.004875828
-0.004589864
-0.004065341
-0.003681026
-0.00332556
-0.002590763
-0.00135849
0.0001141022
0.001404852
0.002218023
0.002506946
0.002424267
0.002191632
0.001988042
0.001893848
0.001900492
0.001951969
0.00199242
0.001991886
0.001951584
0.001890463
0.001830401
0.001784549
0.00173851
0.001572053
0.001104694
0.0002512555
-0.0008758702
-0.002003644
-0.003051322
-0.004213587
-0.005473309
-0.006563448
-0.00727001
-0.007550408
-0.007473031
-0.006945463
-0.005844821
-0.004434053
-0.00318193
-0.002391743
-0.002105362
-0.002166589
-0.002357722
-0.002507959
-0.002546282
-0.002486155
-0.002409499
-0.00251664
-0.002954202
-0.003600663
-0.004205574
-0.004609031
-0.004915873
-0.005425307
-0.006445754
-0.007964071
-0.009571754
-0.01092799
-0.01199236
-0.01288322
-0.01360914
-0.01395939
-0.01382727
-0.0133371
-0.01258823
-0.01166678
-0.01074047
-0.009783882
-0.008523186
-0.006732586
-0.004450028
-0.002013916
0.0001018545
0.001531216
0.002188602
0.002258813
0.002055354
0.001931283
0.002193801
0.002968403
0.004169256
0.005579316
0.006846605
0.007540726
0.007509577
0.006934782
0.005888816
0.00443694
0.00290093
0.001466923
-2.288272e-06
-0.001602062
-0.003266353
-0.004875459
-0.00625756
-0.007228334
-0.007716758
-0.007806502
-0.007668181
-0.007469316
-0.007315026
-0.007231823
-0.007123395
-0.006632773
-0.005392894
-0.003370897
-0.001007272
0.001075747
0.002745412
0.004314453
0.006092794
0.008031736
0.009769919
0.0110922
0.01196971
0.01229162
0.01203987
0.01140841
0.01043731
0.009026114
0.007263594
0.005389481
0.003612177
0.002027632
0.0006221325
-0.0006705043
-0.001854895
-0.002814732
-0.003433088
-0.003678572
-0.00349416
-0.002897077
-0.002121442
-0.00145667
-0.001089376
-0.001168407
-0.001769752
-0.002818464
-0.004143997
-0.005543446
-0.006761109
-0.007615832
-0.008205521
-0.008714037
-0.009157451
-0.009346936
-0.009057065
-0.008204524
-0.006821674
-0.004980669
-0.002977844
-0.001288279
-0.0002381769
8.86242e-05
-0.0002643779
-0.001163417
-0.002398826
-0.003765141
-0.005071389
-0.00611367
-0.006838162
-0.007392405
-0.007750643
-0.007696717
-0.00710383
-0.006098764
-0.004988021
-0.0038542
-0.002546886
-0.001173882
-4.010007e-05
0.0006453031
0.0007665952
0.0003381373
-0.000242389
-0.0004292728
7.651772e-05
0.001337648
0.00320485
0.005068224
0.006209633
0.006417548
0.0058796
0.004869388
0.003617741
0.002251243
0.0007097619
-0.000994365
-0.002572454
-0.003699166
-0.004256271
-0.004332344
-0.004071678
-0.0035011
-0.00250446
-0.0009671662
0.0009698071
0.002986157
0.004807231
0.006230545
0.007107814
0.007313843
0.006818451
0.005755643
0.004356102
0.002826813
0.001189276
-0.0006017248
-0.00231506
-0.00359704
-0.004269327
-0.004280937
-0.003671157
-0.002582654
-0.001220986
0.0002287134
0.001649508
0.002980587
0.004086629
0.004822266
0.005177255
0.005343286
0.005635717
0.006281233
0.007270204
0.008326404
0.009122363
0.009483278
0.00932285
0.008663492
0.007744796
0.006755903
0.005565663
0.003940482
0.001790486
-0.000784042
-0.003521241
-0.006060534
-0.008141038
-0.009750195
-0.01117663
-0.01280175
-0.01481044
-0.01699802
-0.01886425
-0.02000676
-0.02031143
-0.0198323
-0.01873292
-0.01728107
-0.01583419
-0.01465187
-0.01355608
-0.01220932
-0.01053404
-0.008675322
-0.006880228
-0.00558038
-0.005040485
-0.004982471
-0.004974358
-0.004785262
-0.00428353
-0.003399443
-0.002202346
-0.000916326
0.0001502167
0.0008055823
0.001090616
0.001306971
0.001790855
0.00267857
0.003792632
0.004757956
0.005147742
0.004594904
0.002868411
0.0001006198
-0.003216974
-0.006547694
-0.009446263
-0.01149437
-0.0123179
-0.01173648
-0.009900581
-0.00723271
-0.004213523
-0.001202408
0.001635762
0.004301436
0.006878318
0.009432522
0.01184211
0.01378722
0.01511768
0.01594661
0.01626618
0.01604287
0.0154536
0.01467824
0.01377762
0.01288878
0.01225146
0.01209747
0.01243873
0.0130124
0.01349884
0.01361339
0.01303357
0.01164401
0.009713746
0.007652551
0.005732794
0.003926416
0.002176288
0.0006577292
-0.0004039942
-0.0008842497
-0.0005878405
0.0005062144
0.001962587
0.003218131
0.003966274
0.00434095
0.004716133
0.005373145
0.006303178
0.007244347
0.007920212
0.008164787
0.007870955
0.007032708
0.005765739
0.004138815
0.002188681
0.0001028478
-0.001865323
-0.00355422
-0.004839444
-0.005609439
-0.00574692
-0.005279542
-0.004502158
-0.003777158
-0.003278239
-0.002742946
-0.001769156
-0.0002828201
0.00150344
0.003290126
0.004745407
0.005590254
0.005672594
0.00509598
0.004222899
0.003316241
0.002340077
0.0008941153
-0.001501751
-0.00506755
-0.009571849
-0.01442629
-0.01893282
-0.02250599
-0.02478085
-0.02574468
-0.02570506
-0.02486493
-0.02338909
-0.02167166
-0.01991218
-0.0178419
-0.0151189
-0.01168347
-0.007882895
-0.004345375
-0.001669846
0.0001049852
0.001490904
0.003063037
0.005139363
0.007718591
0.01059502
0.01346974
0.01585952
0.0173538
0.01786879
0.01735185
0.01566689
0.01283664
0.009186268
0.005260407
0.001474372
-0.002088176
-0.005433542
-0.008501814
-0.0111413
-0.01323676
-0.0147906
-0.0157113
-0.0158727
-0.01541936
-0.01463909
-0.01368275
-0.01257754
-0.01134971
-0.01017188
-0.009265274
-0.008694177
-0.008201798
-0.00735827
-0.006112787
-0.004708287
-0.003169326
-0.001347655
0.0008419615
0.003358414
0.005994287
0.008289456
0.009815244
0.01044392
0.01013725
0.008887419
0.0068347
0.004252547
0.001468827
-0.001071315
-0.002917222
-0.00388412
-0.004110168
-0.0038994
-0.00346695
-0.002840329
-0.001978648
-0.0009226067
0.0001040507
0.0007695454
0.0008042984
0.0001488691
-0.0009951919
-0.002196891
-0.00297522
-0.003024778
-0.002420911
-0.001465928
-9.655659e-05
0.001866221
0.00422744
0.006684947
0.009111329
0.01149101
0.0136367
0.01493327
0.01480742
0.01318688
0.01033652
0.006710098
0.002892717
-0.0006324674
-0.00371937
-0.006692267
-0.009949512
-0.01318031
-0.01568906
-0.01708101
-0.01741434
-0.01706704
-0.01647703
-0.01590127
-0.0153003
-0.01450371
-0.01340279
-0.0120174
-0.0105104
-0.009173981
-0.008250306
-0.007764814
-0.007463365
-0.007028689
-0.006427319
-0.005988713
-0.006176414
-0.007045518
-0.008252297
-0.009624167
-0.01108275
-0.0123788
-0.01336029
-0.01410201
-0.01464452
-0.01495682
-0.01502569
-0.01479235
-0.01416019
-0.01310039
-0.01164484
-0.00979419
-0.007640494
-0.005391574
-0.003016509
-0.0003107236
0.002701831
0.005655048
0.007991379
0.009238427
0.009255209
0.008267627
0.006640465
0.004631089
0.002371848
-5.706504e-05
-0.002592309
-0.005119832
-0.007434474
-0.009366412
-0.0108516
-0.01170386
-0.01172107
-0.01090028
-0.009280925
-0.00683271
-0.00359542
0.0002380367
0.004375542
0.00840365
0.01181701
0.01420664
0.01545814
0.01580545
0.0157941
0.01608507
0.01682882
0.0175307
0.01749538
0.01630135
0.01403088
0.01118737
0.008397797
0.005954575
0.003771276
0.001603815
-0.0008252563
-0.00376495
-0.007391841
-0.01162041
-0.01582492
-0.01933759
-0.02198369
-0.02390741
-0.02533323
-0.0264965
-0.02764361
-0.02899963
-0.03048887
-0.03176389
-0.03264754
-0.03313072
-0.03310488
-0.0325512
-0.03166986
-0.03060848
-0.02938039
-0.02797495
-0.02640735
-0.02472727
-0.02299581
-0.02126707
-0.01956012
-0.01780373
-0.0157865
-0.01313424
-0.009503855
-0.004881811
0.0002575382
0.005004342
0.008509119
0.01042505
0.01098687
0.0108205
0.01067049
0.01105094
0.01205448
0.01334764
0.01445573
0.01504841
0.01483884
0.01349793
0.01092332
0.007432194
0.003766429
0.0005955148
-0.001910636
-0.003873309
-0.005460937
-0.006825595
-0.008017458
-0.008968548
-0.009779318
-0.01074483
-0.01184635
-0.01273003
-0.01297979
-0.01229945
-0.01064498
-0.008343769
-0.005915398
-0.003754739
-0.002000614
-0.000555318
0.000889465
0.002703714
0.005215063
0.008675816
0.01323576
0.01872999
0.02460436
0.02989868
0.03372629
0.03575889
0.03624936
0.03584629
0.03533486
0.03531594
0.03594419
0.03686856
0.03746353
0.0373943
0.03673045
0.03565338
0.03439519
0.03325731
0.03244731
0.03199314
0.03178286
0.03166508
0.03148816
0.03097294
0.02980832
0.02802292
0.02593661
0.02388395
0.02205805
0.02052848
0.01949778
0.0192054
0.01969778
0.02097622
0.02307406
0.02582521
0.02885441
0.031809
0.03442247
0.03650229
0.03789956
0.03857454
0.03863895
0.03824741
0.03749681
0.0366445
0.03608105
0.03591686
0.03585342
0.03534289
0.03404853
0.03205763
0.02945908
0.0262553
0.0225109
0.01829672
0.01365535
0.008766906
0.003922362
-0.0006439956
-0.004707522
-0.007983362
-0.01022714
-0.0113396
-0.01121381
-0.009789332
-0.00717192
-0.003637008
0.0004515803
0.004873053
0.009391741
0.01346538
0.01649703
0.01818948
0.01854857
0.01788083
0.01676432
0.01576384
0.01514971
0.01479315
0.01434384
0.01354571
0.01241854
0.01121203
0.00999067
0.008547415
0.006676925
0.004338039
0.001646826
-0.001208552
-0.00406159
-0.00681237
-0.009387449
-0.0116447
-0.01338647
-0.01448846
-0.0151067
-0.01559578
-0.01625079
-0.01719097
-0.018409
-0.02003459
-0.02225551
-0.02497289
-0.02780414
-0.03028344
-0.03202147
-0.03283042
-0.03265545
-0.03142207
-0.0289196
-0.02505276
-0.02005985
-0.01439472
-0.008573368
-0.003110147
0.001430513
0.004621461
0.006767872
0.008738257
0.01123429
0.01435302
0.01761769
0.02056954
0.02312286
0.02556262
0.0281979
0.03104605
0.03382552
0.0361853
0.03791583
0.03880953
0.03841944
0.03643142
0.03302982
0.02886649
0.02469894
0.0210005
0.01786922
0.01519501
0.01313172
0.01201417
0.01194447
0.0126504
0.01360024
0.01432039
0.01459738
0.01447804
0.01414823
0.0138015
0.01355163
0.01341753
0.01335347
0.01329732
0.01323577
0.01337054
0.01401324
0.01508636
0.01616786
0.01689461
0.01713238
0.01697231
0.01661206
0.01624207
0.01597718
0.01591693
0.01614521
0.01647455
0.01653028
0.01617517
0.01541757
0.01418599
0.01260916
0.01104501
0.009552549
0.008014454
0.006545233
0.005290983
0.004179272
0.00292728
0.001291989
-0.0006680492
-0.002786251
-0.004962949
-0.006949656
-0.00840246
-0.00917281
-0.009354436
-0.009175077
-0.008758547
-0.008094801
-0.007136826
-0.005769268
-0.00375522
-0.001043828
0.002078958
0.005091249
0.007494863
0.008953526
0.009165131
0.007927796
0.005577601
0.002810406
0.0001266036
-0.00216083
-0.003787182
-0.004667329
-0.004983735
-0.005158899
-0.005603626
-0.006512312
-0.007944834
-0.009888039
-0.01221506
-0.01461771
-0.01663849
-0.01813292
-0.01939357
-0.02068864
-0.02207422
-0.02348053
-0.02472203
-0.02555456
-0.02572365
-0.02502302
-0.02328224
-0.02071895
-0.01807232
-0.01606654
-0.01499819
-0.01472664
-0.01488117
-0.01505867
-0.01480292
-0.01372639
-0.01174664
-0.009083685
-0.006076222
-0.002923478
0.0003555301
0.003680603
0.006891161
0.009898276
0.01279016
0.01575425
0.01869349
0.02123703
0.02299485
0.0237235
0.02339279
0.0220852
0.01990589
0.01680668
0.01280429
0.008215272
0.003471949
-0.00102552
-0.004682687
-0.007003375
-0.007957101
-0.007721769
-0.006461232
-0.004258658
-0.001222643
0.002431648
0.006433348
0.01051972
0.01439874
0.01783516
0.02077871
0.02334328
0.02567434
0.02767586
0.02908043
0.02974986
0.02977347
0.02939416
0.02887491
0.02839964
0.02803782
0.02776954
0.02752038
0.02713228
0.02641131
0.0252688
0.02376768
0.02204853
0.02017448
0.01807866
0.01568658
0.01300786
0.01014226
0.007291066
0.004719395
0.002597686
0.001012673
0.0002761437
0.0005798734
0.001593291
0.002944211
0.004585723
0.006853242
0.009995534
0.01372133
0.01746878
0.0207716
0.02319843
0.02440106
0.02416892
0.02255829
0.01992566
0.0166395
0.01302735
0.009560719
0.006595563
0.004107671
0.001948737
3.022945e-05
-0.001689452
-0.003183159
-0.00431201
-0.00487194
-0.004727048
-0.003924829
-0.002672666
-0.001239924
7.265379e-05
0.001021245
0.001642773
0.002148432
0.002638816
0.003241164
0.00419221
0.005440403
0.006698384
0.007931218
0.009120022
0.009939723
0.01014874
0.009815434
0.009056914
0.007959469
0.006643091
0.005324584
0.004260343
0.003596042
0.003362908
0.003586856
0.004256647
0.005249226
0.006272862
0.006964896
0.007009975
0.006211198
0.004544518
0.002166618
-0.0007135813
-0.004113167
-0.008017763
-0.01207975
-0.01587149
-0.01916343
-0.02195691
-0.02428741
-0.02603016
-0.02705775
-0.02740138
-0.02711361
-0.02626364
-0.02499611
-0.02349402
-0.02191741
-0.02036634
-0.01887401
-0.01744161
-0.0161279
-0.01509887
-0.01458644
-0.01471339
-0.01527836
-0.01590988
-0.01636117
-0.01677245
-0.0176336
-0.01970687
-0.02347725
-0.02866806
-0.03446354
-0.03998988
-0.0447383
-0.04861935
-0.05173022
-0.05408838
-0.05559943
-0.05623553
-0.05606955
-0.05505426
-0.05314648
-0.05045181
-0.04699809
-0.04276465
-0.03798319
-0.03311343
-0.0286475
-0.02496423
-0.02222877
-0.02047264
-0.01969684
-0.01993914
-0.02107161
-0.02272082
-0.02460669
-0.02663536
-0.02879226
-0.03107029
-0.03342333
-0.03567183
-0.03759317
-0.03907859
-0.04010053
-0.04064014
-0.04073222
-0.04046242
-0.03982479
-0.03877649
-0.03735887
-0.03568749
-0.03390306
-0.03212278
-0.03046716
-0.02912007
-0.02830408
-0.02814264
-0.02846178
-0.02888915
-0.02912542
-0.02905293
-0.02872572
-0.02827704
-0.02783609
-0.0274598
-0.02707155
-0.02644973
-0.02531171
-0.02347347
-0.02097695
-0.01804109
-0.01493759
-0.01187096
-0.008935378
-0.006123771
-0.00338233
-0.0006676233
0.001945979
0.004287117
0.006226914
0.007680783
0.008443966
0.008359634
0.007470052
0.005775853
0.003267436
0.0001839528
-0.003156709
-0.006592928
-0.009997548
-0.01321273
-0.0161358
-0.01864238
-0.02045736
-0.02119148
-0.02055721
-0.01848014
-0.01516964
-0.01107794
-0.006779548
-0.002789515
0.0006291251
0.003418536
0.005456202
0.006572629
0.006711692
0.006004368
0.004703203
0.002965819
0.000861512
-0.001529019
-0.004104497
-0.006734109
-0.009182688
-0.01122955
-0.01281115
-0.01392134
-0.01456047
-0.01478518
-0.01472065
-0.01452223
-0.01440189
-0.01458836
-0.0151967
-0.01617556
-0.01737462
-0.01863141
-0.01983931
-0.02095897
-0.02193699
-0.0224861
-0.02222729
-0.02093154
-0.01854793
-0.01521238
-0.01121074
-0.006820411
-0.002182263
0.002481161
0.00677612
0.01029871
0.01285874
0.01458574
0.01579903
0.01685904
0.01812315
0.01980193
0.02176099
0.02369293
0.02536391
0.02670965
0.02773708
0.0282784
0.02818443
0.02761647
0.02689157
0.02620335
0.02518837
0.02321853
0.01990723
0.01529844
0.009806758
0.003975969
-0.001615681
-0.006288255
-0.00959946
-0.0115837
-0.01241076
-0.0122923
-0.01163993
-0.0109096
-0.01038582
-0.01013356
-0.01003681
-0.009796017
-0.009067544
-0.007600878
-0.00526785
-0.002173472
0.001015655
0.003468032
0.004808501
0.005256072
0.005405492
0.005802547
0.006700479
0.008046998
0.009622222
0.01121651
0.01282541
0.01456241
0.01640086
0.0182663
0.02024366
0.02266802
0.02591771
0.03010397
0.03503074
0.04030696
0.04537224
0.04967924
0.05299839
0.05541823
0.05713266
0.05835298
0.05927037
0.05990924
0.06023612
0.06037269
0.0604548
0.06042265
0.05993548
0.05868163
0.05683166
0.05459434
0.05171916
0.047857
0.0429905
0.03753471
0.03206498
0.02698514
0.0225132
0.01870271
0.01545554
0.01267704
0.01045854
0.00875394
0.007193742
0.005380854
0.003173427
0.0007749938
-0.001477905
-0.003393398
-0.005073281
-0.006699394
-0.008026174
-0.008613748
-0.008301807
-0.007349207
-0.006259339
-0.005445571
-0.005070441
-0.005059827
-0.005226205
-0.005388715
-0.005439244
-0.005254144
-0.004559039
-0.003121736
-0.0009451223
0.001886588
0.005258369
0.009015481
0.01305902
0.01740821
0.0220834
0.02692748
0.03133354
0.03451941
0.03598846
0.03586017
0.03482572
0.03377969
0.03332647
0.03349109
0.03402662
0.03472678
0.03548563
0.03626634
0.03708765
0.03805987
0.03931364
0.04066551
0.04170792
0.04215823
0.04191944
0.04097522
0.03920548
0.03647469
0.03283454
0.02847271
0.02354464
0.01808339
0.01215097
0.006261036
0.0009802903
-0.003675389
-0.007890719
-0.01168562
-0.01489957
-0.01739382
-0.01922381
-0.02068403
-0.02215161
-0.02365557
-0.02482389
-0.02511269
-0.02432067
-0.02283902
-0.0210691
-0.01911895
-0.01692732
-0.01424381
-0.01061597
-0.00585131
-0.0002176198
0.005915071
0.01216218
0.01799407
0.02283308
0.02632526
0.02863545
0.03022626
0.03131123
0.03172555
0.03119234
0.02984136
0.02821137
0.02681714
0.02591405
0.0255075
0.02564893
0.02646773
0.02797848
0.03002811
0.03237756
0.03480377
0.03716799
0.03943157
0.04167895
0.04410427
0.04678406
0.04958432
0.05241663
0.05517388
0.05738787
0.05832934
0.05736671
0.05415348
0.04874474
0.04141572
0.03261318
0.02296531
0.01326641
0.004296609
-0.003291244
-0.009052272
-0.01277482
-0.01461238
-0.0150691
-0.01450688
-0.01305083
-0.01072489
-0.007602607
-0.003955646
-0.0004818641
0.001992974
0.002937066
0.002021829
-0.001024945
-0.006458532
-0.01425147
-0.02389766
-0.03453478
-0.04519435
-0.05490272
-0.0629436
-0.06906299
-0.07333498
-0.07585099
-0.07661874
-0.07568013
-0.07304952
-0.06892018
-0.06385287
-0.05852123
-0.05346478
-0.04928879
-0.04660368
-0.04588899
-0.04714769
-0.04976521
-0.05302385
-0.05641196
-0.05956714
-0.06229834
-0.06465362
-0.06690154
-0.06935627
-0.07204504
-0.07476318
-0.07728795
-0.0794188
-0.08098926
-0.08185406
-0.08192545
-0.08119014
-0.07974618
-0.07775705
-0.07506337
-0.07129069
-0.06618465
-0.05973669
-0.0521509
-0.04367618
-0.03458852
-0.02530229
-0.01629106
-0.007952624
-0.0006406869
0.005412703
0.01012983
0.01354826
0.015729
0.01691191
0.01757568
0.0181791
0.01893915
0.01974017
0.02033695
0.02058091
0.02048926
0.02027213
0.02041045
0.02141721
0.023543
0.02668538
0.03050659
0.03472635
0.03906362
0.04309731
0.04649816
0.04917108
0.05097603
0.05169081
0.0511188
0.0492658
0.04641988
0.04286969
0.03868573
0.0335685
0.02721199
0.01969601
0.01152908
0.00336867
-0.00431445
-0.0112336
-0.01719085
-0.02217964
-0.02636538
-0.02976851
-0.03239756
-0.03450888
-0.03645952
-0.03851286
-0.04075839
-0.04309489
-0.0452842
-0.04729489
-0.04939421
-0.05175045
-0.0542932
-0.05683716
-0.05906224
-0.06061604
-0.06155715
-0.06227242
-0.06288907
-0.06327749
-0.06328345
-0.06265619
-0.06114139
-0.05871095
-0.05552665
-0.0517528
-0.04744498
-0.04260282
-0.03728024
-0.03162163
-0.02577923
-0.01970721
-0.01319797
-0.006355955
0.0004110537
0.006759208
0.01257141
0.01792351
0.02288082
0.02744964
0.03166122
0.03559375
0.03933046
0.04284093
0.04600834
0.04877208
0.05118332
0.05335059
0.05529885
0.0569477
0.05824092
0.05921257
0.05994141
0.06035137
0.06017338
0.0591036
0.05703187
0.05410902
0.05050696
0.04625665
0.04148736
0.03649646
0.03155926
0.02675344
0.0219629
0.01722536
0.01275643
0.008476279
0.004187386
-3.722862e-05
-0.004161115
-0.008346984
-0.01251765
-0.01632883
-0.01939821
-0.0213844
-0.02210788
-0.02179643
-0.02099365
-0.02018688
-0.01948401
-0.01857511
-0.01709841
-0.01493238
-0.01221502
-0.009218755
-0.006236462
-0.003652446
-0.001842304
-0.0009366514
-0.0008870712
-0.001708534
-0.00347788
-0.006164519
-0.009448144
-0.01280157
-0.01572499
-0.01803354
-0.01994644
-0.02181659
-0.02381547
-0.02567977
-0.02692165
-0.02716717
-0.02625837
-0.02423072
-0.02109869
-0.01698467
-0.01231717
-0.007689112
-0.00359398
-0.0002172445
0.002499642
0.004668046
0.006405396
0.007834681
0.008943778
0.009651307
0.009925328
0.009673209
0.008700365
0.006922362
0.004475441
0.001613692
-0.001551947
-0.005096721
-0.008704131
-0.01172617
-0.01398963
-0.01582527
-0.01765904
-0.01976798
-0.02215958
-0.02442456
-0.02609856
-0.0271251
-0.02777426
-0.02835758
-0.0289546
-0.02944316
-0.02969618
-0.02967483
-0.02941656
-0.02889385
-0.02803054
-0.02680651
-0.0252216
-0.02321655
-0.02066526
-0.01747947
-0.01373022
-0.009679687
-0.005722239
-0.002165808
0.0009080435
0.003611553
0.006134681
0.008641326
0.01121165
0.01382481
0.01628591
0.01827033
0.01936976
0.01935223
0.01831195
0.01636324
0.01360073
0.01030746
0.006729002
0.002833949
-0.00140732
-0.005928133
-0.01097814
-0.01680605
-0.02315222
-0.02950127
-0.0354363
-0.04066612
-0.04493752
-0.04794483
-0.04971435
-0.05076779
-0.05150035
-0.05197945
-0.05217002
-0.05214246
-0.05211715
-0.05230879
-0.05276475
-0.05327848
-0.05356247
-0.05347013
-0.05302673
-0.05242473
-0.05213186
-0.05261395
-0.05395186
-0.0557233
-0.05727123
-0.05838105
-0.05921165
-0.05978977
-0.06001767
-0.05982497
-0.05899526
-0.05720921
-0.05413491
-0.049601
-0.04374652
-0.03706718
-0.03022085
-0.02369766
-0.01774323
-0.01248544
-0.008199731
-0.005192004
-0.003355515
-0.002211048
-0.001262207
-0.0002776653
0.0006718852
0.001419585
0.001869427
0.002018344
0.001780477
0.0009593967
-0.0004372823
-0.00214226
-0.003841152
-0.005258911
-0.006152421
-0.0062234
-0.005277832
-0.003523562
-0.001431989
0.0005652676
0.002145018
0.003136135
0.003575376
0.003652113
0.003589031
0.003546585
0.003589161
0.003694014
0.003707741
0.003288894
0.002304145
0.001032027
-0.0003406664
-0.00181426
-0.003190897
-0.004173851
-0.004656966
-0.004835066
-0.005071124
-0.005639655
-0.006676936
-0.00824055
-0.01028893
-0.01271743
-0.01564851
-0.01929531
-0.02366019
-0.02845483
-0.03318123
-0.03721142
-0.04013412
-0.04207514
-0.04335221
-0.0440716
-0.04401189
-0.04289188
-0.04069232
-0.03767976
-0.03425529
-0.03077198
-0.02740443
-0.02403818
-0.02043854
-0.01649749
-0.01235967
-0.008362393
-0.004904912
-0.002230117
-0.0002856859
0.001181907
0.002450452
0.003588319
0.004452763
0.004801258
0.00448496
0.003593133
0.002473111
0.001510796
0.0007925028
0.0001562516
-0.0005873493
-0.001538465
-0.002657684
-0.003703889
-0.004402186
-0.004665217
-0.004677439
-0.004761828
-0.005023082
-0.005281208
-0.005225434
-0.004715494
-0.003918363
-0.003112553
-0.002457092
-0.001848886
-0.001068598
3.55605e-05
0.001582669
0.003603287
0.005885636
0.008174759
0.01044179
0.01289459
0.0157929
0.01923933
0.02313647
0.02730213
0.03173932
0.03665663
0.04220398
0.04832649
0.05482583
0.06154783
0.06842936
0.07521241
0.08147169
0.0868254
0.09099439
0.09384078
0.09547761
0.09627072
0.09664575
0.09687093
0.09696781
0.09694341
0.09691315
0.09700079
0.09726151
0.09765936
0.09802439
0.09811634
0.09779487
0.09708633
0.09613285
0.09510074
0.0940677
0.0928107
0.09100516
0.08864233
0.0859881
0.08336071
0.08107261
0.07933666
0.0781582
0.07737088
0.07678573
0.07645628
0.07664766
0.07753514
0.07906703
0.08100367
0.08297587
0.08461284
0.08572313
0.08625022
0.08606206
0.08506013
0.08333296
0.0809883
0.07800119
0.07403574
0.06884902
0.06264179
0.05568841
0.04819001
0.04058482
0.03338031
0.02681985
0.02085365
0.01528223
0.01000997
0.004998975
8.862772e-05
-0.004913278
-0.01005591
-0.01503396
-0.01940485
-0.0229364
-0.02554149
-0.02716646
-0.02788937
-0.02796182
-0.02767518
-0.02712672
-0.0261244
-0.02445638
-0.02211715
-0.01927941
-0.01606823
-0.01240982
-0.008379246
-0.004297388
-0.0002283674
0.003977455
0.008320777
0.01266817
0.0168906
0.02092824
0.0247943
0.02853329
0.03211643
0.03541494
0.03832337
0.04077931
0.04257246
0.04350706
0.04363517
0.04320603
0.0425025
0.04161625
0.04055489
0.03943148
0.03830787
0.03712614
0.03592278
0.03473173
0.03333795
0.03154925
0.029446
0.02725366
0.02517076
0.02328609
0.02158106
0.01997721
0.01839178
0.01674084
0.01484968
0.01249333
0.009504223
0.005874739
0.00175158
-0.00276795
-0.007582585
-0.01243514
-0.01696748
-0.02089108
-0.02412764
-0.02671367
-0.02861115
-0.03003581
-0.03151573
-0.03305412
-0.03415468
-0.03454017
-0.03430702
-0.03374729
-0.03315327
-0.0326703
-0.03217621
-0.03143906
-0.0303516
-0.02905991
-0.02787099
-0.02702112
-0.02656421
-0.02641403
-0.02651209
-0.02689048
-0.02757606
-0.02852897
-0.02965606
-0.03085386
-0.03204374
-0.0331861
-0.03423503
-0.0350597
-0.03560192
-0.03603704
-0.03670632
-0.03784824
-0.0392316
-0.04044364
-0.04133617
-0.04201071
-0.04267261
-0.04361559
-0.04506547
-0.04703046
-0.04934642
-0.0517927
-0.05418255
-0.05628044
-0.05762153
-0.0578971
-0.05726854
-0.05606194
-0.05461617
-0.05342175
-0.05290009
-0.05313716
-0.05393759
-0.05495875
-0.05576617
-0.05591189
-0.05499693
-0.05269945
-0.04889735
-0.04368055
-0.03740808
-0.03067909
-0.02396813
-0.0174266
-0.01110802
-0.005064684
0.0006965505
0.006140847
0.0111151
0.01516914
0.0177161
0.01819223
0.01628986
0.01211926
0.006086496
-0.001248067
-0.009411595
-0.01788138
-0.02595874
-0.03329126
-0.04000454
-0.04579899
-0.05011044
-0.05275658
-0.05385623
-0.0536441
-0.05245665
-0.05065234
-0.04842252
-0.04583366
-0.04296991
-0.04005352
-0.03740281
-0.03531395
-0.03378366
-0.03241404
-0.03094757
-0.02949435
-0.02828016
-0.02743554
-0.0269573
-0.02683012
-0.02705407
-0.02746226
-0.02778889
-0.02787669
-0.02780244
-0.02780186
-0.02796726
-0.02827353
-0.0289018
-0.03016919
-0.03229037
-0.03523938
-0.03873119
-0.04228175
-0.04545817
-0.04809737
-0.05028613
-0.05223836
-0.05414161
-0.05597502
-0.05745258
-0.05846913
-0.05921726
-0.05949239
-0.05890249
-0.05753566
-0.05567491
-0.05342561
-0.05079402
-0.04782647
-0.04460954
-0.04118079
-0.03745755
-0.03326453
-0.02853533
-0.02361686
-0.01896076
-0.0147515
-0.0112012
-0.008569953
-0.006661736
-0.005048979
-0.003611212
-0.002458131
-0.001635552
-0.0008489038
0.0002572837
0.001602832
0.002838946
0.003695641
0.004108165
0.004187472
0.004107477
0.003942124
0.003604369
0.002978396
0.002072959
0.001117426
0.0004041172
7.485497e-05
9.645946e-05
0.0003723363
0.001055905
0.002402466
0.004482249
0.007238563
0.01059485
0.01454031
0.01901408
0.02374187
0.02838409
0.03275432
0.03695209
0.04120375
0.04554369
0.04983771
0.05393497
0.05765662
0.06085714
0.06352699
0.06573025
0.06747495
0.06867407
0.06924342
0.06920604
0.06860534
0.06732937
0.06527344
0.06252603
0.05932595
0.05594609
0.05261525
0.0496101
0.0472669
0.04575587
0.04497242
0.04461823
0.04423526
0.04332509
0.04181555
0.04011343
0.03868249
0.03776651
0.03730422
0.03687698
0.03596205
0.03452224
0.03284754
0.03104309
0.02920754
0.02757168
0.02608922
0.02448608
0.02269377
0.02100023
0.01987321
0.01950868
0.0197745
0.02062368
0.02209007
0.02406448
0.02613796
0.0278184
0.02910221
0.0303706
0.03193322
0.03369771
0.03527925
0.03659952
0.03792169
0.03948072
0.04118774
0.04268435
0.04388864
0.04502207
0.04620875
0.0474164
0.04855196
0.049435
0.04988279
0.04985297
0.04945274
0.04886067
0.04823879
0.04762588
0.04674159
0.04532952
0.04362707
0.04227884
0.04188847
0.04240927
0.04326749
0.04391579
0.04425513
0.0446061
0.04512582
0.04573068
0.0465196
0.04769819
0.04930254
0.05099518
0.05225411
0.05276532
0.05254868
0.05184277
0.05084366
0.04960511
0.04813805
0.04653132
0.04500757
0.04378028
0.04287175
0.04192399
0.04049595
0.03850301
0.03608969
0.03341019
0.0306927
0.02815079
0.0257712
0.02353033
0.02161499
0.02022607
0.01932687
0.01846682
0.01709582
0.01496848
0.0121794
0.008976769
0.005360227
0.001166139
-0.003640504
-0.008929601
-0.01445181
-0.01984761
-0.02479943
-0.02918509
-0.03292165
-0.0358534
-0.03781144
-0.03877752
-0.03893927
-0.03854037
-0.03772454
-0.03657509
-0.03523997
-0.03412905
-0.03367547
-0.03401012
-0.03497208
-0.03627851
-0.03779398
-0.03947382
-0.04118469
-0.04285346
-0.04454672
-0.0462518
-0.04793841
-0.04980663
-0.05197052
-0.05416597
-0.05591996
-0.05687532
-0.0569764
-0.05629466
-0.05483281
-0.05262044
-0.0497355
-0.0459483
-0.04096295
-0.0348373
-0.02802654
-0.02113922
-0.01449446
-0.008121574
-0.002048718
0.00351813
0.008275996
0.01207869
0.01496503
0.01691874
0.01794861
0.01823562
0.01806872
0.01776679
0.01767641
0.01803706
0.0188803
0.02017644
0.02184356
0.02349671
0.02466194
0.02510515
0.02469789
0.02340618
0.02159458
0.01970707
0.01766381
0.01510656
0.0118331
0.007909026
0.003584634
-0.0008406087
-0.005072137
-0.008879747
-0.01229749
-0.01551957
-0.01849742
-0.02108754
-0.02332645
-0.02518057
-0.02648024
-0.02713807
-0.02724624
-0.02698268
-0.02635268
-0.02520981
-0.02370982
-0.02216841
-0.02058332
-0.01874414
-0.0165137
-0.01390678
-0.01105546
-0.008145414
-0.005475133
-0.003415485
-0.002068137
-0.001246695
-0.0009026783
-0.001042035
-0.001514016
-0.0022883
-0.003480235
-0.004907738
-0.006284383
-0.007667669
-0.009301781
-0.01133975
-0.01376069
-0.01637096
-0.01883673
-0.02088029
-0.02241672
-0.02342819
-0.0239339
-0.02401498
-0.02365816
-0.02271447
-0.02129661
-0.01983186
-0.01870847
-0.01808182
-0.0178562
-0.01772065
-0.01730726
-0.01643137
-0.0152482
-0.01426451
-0.01396215
-0.01450604
-0.01585047
-0.01773561
-0.01961649
-0.02113301
-0.02238644
-0.02347076
-0.02432887
-0.02502816
-0.02573609
-0.02659173
-0.02774559
-0.02932723
-0.0313313
-0.03356743
-0.03570134
-0.03746019
-0.03879775
-0.03997189
-0.04134113
-0.04310402
-0.04524947
-0.04760129
-0.0498357
-0.05164651
-0.05293633
-0.05380802
-0.05444525
-0.05489642
-0.05500911
-0.0544308
-0.05302233
-0.05112238
-0.04904217
-0.04682663
-0.04454134
-0.04231804
-0.04023992
-0.03831783
-0.03650949
-0.03476325
-0.03309342
-0.03164257
-0.03055625
-0.02985284
-0.02943582
-0.0291584
-0.02889594
-0.02858202
-0.02819025
-0.02761809
-0.02672441
-0.02545132
-0.02378957
-0.02170769
-0.01921345
-0.01640352
-0.01342181
-0.01040097
-0.007455667
-0.004830913
-0.002859367
-0.00169739
-0.001234907
-0.001209557
-0.001431671
-0.00187792
-0.002581831
-0.003491163
-0.004395555
-0.005133683
-0.00575162
-0.006284301
-0.006636536
-0.006604416
-0.006102969
-0.005255592
-0.003888507
-0.001589316
0.001454174
0.00456646
0.007179331
0.008982373
0.009929888
0.01020317
0.01005473
0.009599874
0.008852795
0.007837747
0.006621118
0.005335606
0.004212949
0.003381444
0.002715657
0.001993245
0.001064943
-8.285946e-05
-0.001300522
-0.002349344
-0.003251862
-0.004280637
-0.005417285
-0.006376998
-0.006947073
-0.007089224
-0.00691909
-0.00659819
-0.006164065
-0.005390568
-0.004171843
-0.002785152
-0.001614931
-0.0008819996
-0.0005829193
-0.0005622503
-0.0006469787
-0.0008228217
-0.001181635
-0.001661669
-0.002083318
-0.002317723
-0.002337226
-0.002198563
-0.001983791
-0.001704384
-0.001248868
-0.0005805063
0.0001524582
0.0007737441
0.001287402
0.002038528
0.003500571
0.005981826
0.009572073
0.01409195
0.01904385
0.0238097
0.02789592
0.03102505
0.03318741
0.03461047
0.03556562
0.03618407
0.03649875
0.03654665
0.0363931
0.03612183
0.0358087
0.03550458
0.0352285
0.03498534
0.03486212
0.03515548
0.03607377
0.03747842
0.03905366
0.04052282
0.04175819
0.04277661
0.04364112
0.04421295
0.04420612
0.04347234
0.04209963
0.04033277
0.03843857
0.03657893
0.03467931
0.03259846
0.03039222
0.02823772
0.02627293
0.02453896
0.02303628
0.02183756
0.02102016
0.0205784
0.0205354
0.02093218
0.02172393
0.02271321
0.02356942
0.02392887
0.02356777
0.02250526
0.02089962
0.01886773
0.01648916
0.01390814
0.01152943
0.009803811
0.008889611
0.008643828
0.008760969
0.008957069
0.009151059
0.009602732
0.01050007
0.01165995
0.01295775
0.01449611
0.01638704
0.01863635
0.02112658
0.02359937
0.02575855
0.02746348
0.02882258
0.03016232
0.03179537
0.03381573
0.03599916
0.03799103
0.03958623
0.04087084
0.04211265
0.04332292
0.04425003
0.04469392
0.04463457
0.04421118
0.04361906
0.04295434
0.04198448
0.04037528
0.03802478
0.03508201
0.03180711
0.02831136
0.02457731
0.02060068
0.01642971
0.01215015
0.007866697
0.003806204
0.0004814278
-0.00166254
-0.002610078
-0.002700099
-0.002403308
-0.0020873
-0.001856756
-0.001548983
-0.0009551372
-2.18248e-05
0.00102922
0.001880981
0.002353991
0.002455041
0.002367471
0.002557474
0.003439613
0.00497797
0.006833114
0.008622206
0.00999393
0.01074507
0.01090907
0.01060358
0.009883704
0.008673765
0.006845974
0.00428798
0.001079755
-0.002430792
-0.005854417
-0.008963893
-0.01171819
-0.01408457
-0.01587999
-0.01695013
-0.01729741
-0.01682752
-0.01543856
-0.01325403
-0.01064986
-0.008110681
-0.005973753
-0.00436397
-0.003300707
-0.002645492
-0.00208131
-0.001324492
-0.0002990823
0.0008037515
0.001846809
0.003005979
0.004551201
0.006596633
0.009067522
0.01177589
0.01451307
0.01704194
0.01915294
0.02077041
0.0218724
0.022308
0.02195282
0.02084517
0.01894745
0.01622872
0.01295275
0.009612458
0.006671815
0.004242287
0.002090489
-8.219074e-05
-0.002391194
-0.004696599
-0.006781168
-0.008500174
-0.009734581
-0.01055908
-0.01139644
-0.01270305
-0.0146144
-0.01672698
-0.01841973
-0.01933806
-0.01949676
-0.0191729
-0.01869074
-0.01819712
-0.01745581
-0.01611835
-0.01405666
-0.01140313
-0.008468438
-0.005681128
-0.00337634
-0.0016097
-0.000121192
0.001489769
0.003494132
0.005927542
0.008677022
0.01175857
0.01526905
0.01875245
0.0215356
0.02350214
0.02484629
0.02568101
0.02606379
0.02604716
0.02559463
0.02466501
0.02334024
0.021889
0.02057902
0.01930533
0.01787242
0.01640602
0.01518242
0.01434394
0.01372576
0.01301239
0.01201032
0.0107929
0.009593139
0.008356298
0.006696673
0.004118246
0.0004254084
-0.004073495
-0.008854919
-0.01352545
-0.01802613
-0.02237328
-0.0264006
-0.02992011
-0.03283573
-0.03496938
-0.03631202
-0.03727798
-0.03829788
-0.03951309
-0.0408406
-0.04207497
-0.04294791
-0.04329383
-0.04314993
-0.04269409
-0.042133
-0.04161307
-0.04118938
-0.04084341
-0.04052486
-0.04018987
-0.03980925
-0.03930673
-0.03853397
-0.03738977
-0.03593235
-0.03442304
-0.03303434
-0.03160937
-0.0300617
-0.02858836
-0.02742929
-0.02668558
-0.0262966
-0.02611068
-0.02601635
-0.02619553
-0.02692595
-0.02818264
-0.02969766
-0.03116742
-0.03229262
-0.03287214
-0.03290148
-0.03246774
-0.03162343
-0.03041483
-0.02893357
-0.02729299
-0.02559715
-0.02389716
-0.02211112
-0.02006441
-0.01766543
-0.01506569
-0.01269252
-0.01078022
-0.009127602
-0.007495189
-0.005814882
-0.004133175
-0.002602979
-0.001434658
-0.0007443739
-0.0004811556
-0.000483477
-0.0005735723
-0.000628441
-0.0006042247
-0.000517851
-0.0004124017
-0.0003238573
-0.0002673574
-0.0002381828
-0.0001752121
0.0002343981
0.001355992
0.003285887
0.005847687
0.008727781
0.0116338
0.0143057
0.0163918
0.01763198
0.01806668
0.01795413
0.01761627
0.01727493
0.01688375
0.0161351
0.01494974
0.01358029
0.01209814
0.01047635
0.008928878
0.007647256
0.006631019
0.005999467
0.005909508
0.006242482
0.006711469
0.007070258
0.007206705
0.007052502
0.006404982
0.005214408
0.003795283
0.002338087
0.0007362227
-0.001156219
-0.003244042
-0.00516015
-0.00674204
-0.008170909
-0.009450528
-0.01039566
-0.01090218
-0.01100933
-0.01085742
-0.01060669
-0.01037371
-0.01020772
-0.01009912
-0.01005435
-0.01030352
-0.01109713
-0.01226561
-0.01352823
-0.0148753
-0.01634391
-0.01785104
-0.01928163
-0.02049908
-0.02133964
-0.02171587
-0.02161685
-0.02073897
-0.01877174
-0.01584698
-0.01231593
-0.00848677
-0.004684692
-0.001235572
0.001606576
0.003760019
0.005379982
0.006834564
0.00844257
0.01010492
0.01162697
0.01307894
0.01446161
0.01563639
0.01673642
0.01795697
0.01918006
0.0202383
0.02114573
0.0220237
0.02303894
0.02437054
0.02593855
0.02739855
0.02866595
0.0298862
0.03099374
0.03186362
0.03251836
0.03285775
0.03269537
0.03207509
0.03109918
0.0297179
0.02805526
0.02642685
0.0248492
0.02320442
0.0216375
0.02040295
0.01962375
0.01925031
0.01912466
0.01907618
0.01898826
0.01882151
0.01858666
0.01822806
0.01748303
0.01623639
0.01474764
0.01317908
0.01150087
0.009893381
0.008657334
0.007931384
0.007656537
0.007706684
0.008196204
0.009282908
0.010838
0.01256188
0.0142154
0.01582355
0.01757665
0.01958465
0.02166165
0.02337302
0.02438326
0.02465517
0.02437606
0.02366962
0.02244436
0.02058961
0.01815057
0.0153078
0.01228855
0.009274729
0.006359981
0.003606554
0.001275132
-0.0004566378
-0.001835298
-0.003108995
-0.004255801
-0.005260422
-0.006116974
-0.0066127
-0.006591978
-0.006167512
-0.005475825
-0.004565336
-0.003456875
-0.002107886
-0.0004447697
0.001346123
0.002924836
0.004311382
0.005740974
0.00728868
0.0088795
0.01038439
0.01159745
0.01246357
0.01327823
0.0142514
0.01523827
0.0159797
0.01632805
0.01630402
0.01604189
0.01570226
0.01540013
0.01517929
0.01502425
0.01489389
0.01475092
0.01457916
0.01438217
0.01417475
0.01397142
0.01376365
0.0134373
0.01281521
0.01179912
0.01037357
0.008482963
0.005928423
0.002467276
-0.001937937
-0.00696535
-0.01195457
-0.01637267
-0.02014656
-0.023408
-0.02626229
-0.0286875
-0.03062924
-0.0321083
-0.03312548
-0.03363016
-0.03352267
-0.03282995
-0.03180407
-0.03056876
-0.02904159
-0.02737112
-0.02579436
-0.02423999
-0.02264271
-0.02114228
-0.01968852
-0.01810564
-0.01652518
-0.015246
-0.01444099
-0.01408108
-0.01392695
-0.0134707
-0.0122477
-0.01015424
-0.007407419
-0.004364905
-0.001350614
0.001332342
0.003374288
0.004805522
0.006070144
0.007630372
0.009704799
0.01220779
0.01472656
0.01673694
0.01817104
0.01932484
0.02029879
0.0209929
0.02133653
0.02134765
0.02105055
0.02027049
0.01893315
0.01736596
0.01601796
0.01514952
0.01476305
0.01468719
0.01470769
0.01467067
0.0145205
0.01427681
0.01394003
0.01342595
0.01280787
0.01236999
0.01212825
0.0117937
0.0111145
0.01009525
0.009017669
0.00830092
0.008262056
0.00893046
0.01002803
0.01113046
0.01210885
0.0131522
0.01422984
0.01509041
0.01556322
0.01563617
0.01542799
0.01509759
0.01477521
0.01452113
0.01433628
0.01416416
0.01383193
0.01314057
0.01203962
0.01069977
0.009414498
0.008197647
0.006768922
0.004878085
0.002474033
-0.0003099065
-0.003261444
-0.006196005
-0.009008013
-0.01162341
-0.01392208
-0.0158201
-0.01735057
-0.01863145
-0.01980014
-0.02095865
-0.02215199
-0.02337747
-0.02461125
-0.02587147
-0.02728313
-0.02884049
-0.03024032
-0.03115698
-0.03147956
-0.03132216
-0.03091003
-0.03045853
-0.03009204
-0.02983658
-0.02963643
-0.0293069
-0.02850821
-0.02715848
-0.02560803
-0.02429714
-0.02346788
-0.02313253
-0.02329933
-0.02405346
-0.02520199
-0.02637217
-0.02750796
-0.0286727
-0.0297045
-0.03037934
-0.0306092
-0.03046674
-0.03011014
-0.02969937
-0.02933538
-0.0290009
-0.02836772
-0.02703731
-0.02488845
-0.02208859
-0.0189994
-0.01619276
-0.01409697
-0.01256143
-0.01125148
-0.01007443
-0.008992863
-0.007940007
-0.00699059
-0.006287188
-0.005905002
-0.005917259
-0.006416726
-0.007528398
-0.009300575
-0.01159436
-0.01407643
-0.0163514
-0.01818356
-0.01956605
-0.02065217
-0.02163403
-0.02262978
-0.02354997
-0.02419655
-0.02446007
-0.02437224
-0.024064
-0.0236831
-0.0233358
-0.02305083
-0.02273632
-0.02218844
-0.02125229
-0.01995485
-0.01857649
-0.01745781
-0.01673433
-0.016153
-0.01520941
-0.01355134
-0.01121079
-0.008573071
-0.006006829
-0.003602308
-0.001261277
0.00114893
0.003689549
0.006265682
0.008645824
0.01064233
0.01222653
0.01348804
0.01443354
0.01484886
0.01443335
0.01301395
0.0105608
0.007277156
0.003634676
0.0001131125
-0.003029201
-0.005771148
-0.00814542
-0.01001559
-0.01130238
-0.01214674
-0.01256724
-0.01247431
-0.01198591
-0.01137169
-0.01082027
-0.0101779
-0.009074354
-0.007279205
-0.004830783
-0.001963739
0.001041893
0.003929869
0.006310535
0.007905762
0.008848816
0.009419887
0.009793051
0.01003603
0.01017295
0.01022891
0.01031865
0.01061708
0.01112959
0.01175768
0.01261912
0.01378818
0.01504394
0.01628693
0.01762328
0.01893389
0.01999977
0.02081315
0.0214234
0.0217914
0.02174138
0.02106287
0.01964666
0.01772496
0.01584829
0.01448818
0.01379913
0.01366715
0.01400352
0.01489506
0.01642074
0.0184698
0.02069324
0.02270776
0.02433852
0.02572638
0.02719648
0.02897777
0.03098132
0.03276719
0.03390416
0.03421378
0.03356815
0.03203596
0.03012055
0.02833738
0.02688006
0.0257843
0.02499156
0.02426922
0.02343994
0.0225529
0.02176423
0.02118229
0.02083015
0.02072321
0.02090074
0.02116737
0.02115612
0.02073436
0.01992506
0.01864018
0.0168826
0.01484957
0.01266459
0.01037603
0.008146164
0.006241324
0.004897444
0.00416952
0.003874688
0.003636735
0.003184269
0.002529989
0.001736006
0.0007916009
-0.0003061971
-0.001459503
-0.002454193
-0.003113377
-0.003379565
-0.003192935
-0.00252185
-0.001450716
-0.0001350473
0.00128836
0.002855557
0.004645009
0.006538403
0.008236448
0.009414184
0.009809175
0.009345021
0.008187081
0.006635671
0.004980338
0.003400541
0.001912623
0.0003412472
-0.001392069
-0.003067666
-0.004587579
-0.006127401
-0.007765428
-0.009356673
-0.01063569
-0.01140802
-0.01165502
-0.01138432
-0.01062196
-0.009475799
-0.008101722
-0.006667697
-0.005406601
-0.004532681
-0.004100965
-0.004014552
-0.004104211
-0.004219822
-0.004276715
-0.004262336
-0.004206444
-0.004149653
-0.004118002
-0.004092018
-0.00390446
-0.00335993
-0.002405899
-0.001132302
0.0003006209
0.001737006
0.002985057
0.003694284
0.003501223
0.002234614
-0.0001056166
-0.003352313
-0.007209424
-0.01142771
-0.01590463
-0.02051007
-0.02506939
-0.02957986
-0.03410091
-0.03857249
-0.04297737
-0.04737322
-0.05155818
-0.05520005
-0.05813422
-0.0602488
-0.06148228
-0.06215621
-0.0627548
-0.06338346
-0.06393609
-0.06435966
-0.06446105
-0.063999
-0.0630253
-0.06175029
-0.06029072
-0.05867421
-0.05688682
-0.05480063
-0.05228561
-0.04933484
-0.04596677
-0.04215947
-0.03781287
-0.03286551
-0.02739778
-0.02150965
-0.01526989
-0.008874783
-0.002605381
0.003360003
0.008992989
0.01438044
0.0196371
0.02477721
0.02951074
0.03342254
0.036246
0.03791155
0.03858695
0.03873201
0.03881266
0.03899851
0.03931784
0.03978758
0.04027415
0.04056689
0.04054432
0.04013166
0.0392923
0.03818385
0.03705289
0.035951
0.03477736
0.03343766
0.03191345
0.03032916
0.02907213
0.02846654
0.02845634
0.02884366
0.02948774
0.03030007
0.03121686
0.03217885
0.03304678
0.03362995
0.03382377
0.03366632
0.03327438
0.03269555
0.03188242
0.03090252
0.02985938
0.02860004
0.02694162
0.02496159
0.02288116
0.02082875
0.01859719
0.01599114
0.01319005
0.01044333
0.007840559
0.0054798
0.003457246
0.00174992
0.0001573662
-0.00161327
-0.003750973
-0.006258704
-0.009004789
-0.01181996
-0.01457787
-0.01722692
-0.01978067
-0.02225952
-0.02453207
-0.02628122
-0.02727327
-0.02753518
-0.02729799
-0.0268517
-0.02642027
-0.02610706
-0.02585778
-0.02531313
-0.0241787
-0.02266638
-0.02123827
-0.02023195
-0.01972659
-0.01959173
-0.0196119
-0.01960612
-0.01950839
-0.01945955
-0.01969204
-0.02031775
-0.02121421
-0.02206839
-0.02260123
-0.0227203
-0.02251003
-0.02213749
-0.02178992
-0.02178086
-0.02241672
-0.02353609
-0.02475882
-0.02599336
-0.02719709
-0.02818228
-0.02889569
-0.02938617
-0.02951703
-0.02917329
-0.02849353
-0.02773282
-0.027093
-0.02662913
-0.02614385
-0.02523483
-0.02370584
-0.02172269
-0.01961141
-0.01770754
-0.01628937
-0.01545956
-0.01510925
-0.01502042
-0.01498504
-0.01488069
-0.01467947
-0.01446186
-0.01455713
-0.0152566
-0.01638271
-0.01764335
-0.01898519
-0.02027963
-0.02129207
-0.02201563
-0.02263875
-0.02333087
-0.02406109
-0.0246405
-0.02490602
-0.0247614
-0.02413023
-0.02301411
-0.02153176
-0.01984937
-0.01806141
-0.01610838
-0.01397074
-0.01177023
-0.009552455
-0.007331186
-0.00535843
-0.003943232
-0.003139307
-0.00255816
-0.001605911
8.058261e-05
0.002502782
0.005398077
0.008439287
0.01138283
0.01413531
0.01672481
0.01923752
0.02174981
0.02429779
0.02686194
0.02929737
0.03124917
0.03241258
0.03273115
0.03215676
0.03065241
0.02835569
0.02554218
0.02251256
0.01948839
0.01660995
0.0140385
0.0118964
0.01014513
0.008543546
0.006789621
0.004842453
0.002879168
0.001095514
-0.000321683
-0.001229688
-0.001627658
-0.001652855
-0.001498126
-0.00132253
-0.00118881
-0.0009681623
-0.0004508031
0.000465911
0.001732026
0.003202175
0.004720055
0.00618216
0.007554659
0.00885781
0.01013129
0.01140758
0.01272287
0.01422087
0.0160017
0.01794526
0.01992044
0.02192
0.02387085
0.02563115
0.02713951
0.02851205
0.03000338
0.03181467
0.03398274
0.03640445
0.03892355
0.04140953
0.04379936
0.04609339
0.0483276
0.05054186
0.05272593
0.05465296
0.05596566
0.05646462
0.05611353
0.05488668
0.05300633
0.05101411
0.04939038
0.04822895
0.04714267
0.04578334
0.04419305
0.04240921
0.04039355
0.03838923
0.03676214
0.03568999
0.0351162
0.03483964
0.03464341
0.03438497
0.03398924
0.03326116
0.03196118
0.03025237
0.02848393
0.02670987
0.02494395
0.02334546
0.02183992
0.02021473
0.01857325
0.01720672
0.01629493
0.01582806
0.015657
0.01561628
0.01572867
0.01623384
0.01714406
0.01812406
0.01883527
0.01925263
0.01972342
0.02046255
0.02129947
0.02194108
0.02220665
0.02212275
0.02201682
0.02234965
0.02316819
0.02414427
0.0250496
0.02585471
0.02660546
0.02725017
0.02765592
0.02774866
0.02755803
0.02716801
0.02657399
0.02568491
0.02445415
0.02293085
0.02122948
0.01947272
0.01772305
0.01587638
0.01386199
0.01191652
0.01029415
0.00898312
0.007802822
0.006525815
0.004897185
0.002761604
0.0001652872
-0.002714548
-0.005673612
-0.008569973
-0.01134866
-0.01404494
-0.01682371
-0.01987515
-0.02314167
-0.02638618
-0.02941255
-0.0321538
-0.03463831
-0.03683234
-0.03871323
-0.04043399
-0.04213303
-0.04377762
-0.04526138
-0.04648114
-0.04730445
-0.04772748
-0.04795773
-0.04814397
-0.04826602
-0.04825183
-0.04806424
-0.04770662
-0.04712199
-0.04620249
-0.04491715
-0.04340053
-0.04191863
-0.04052714
-0.03901254
-0.03738443
-0.03586206
-0.03450268
-0.03320412
-0.03188804
-0.03075945
-0.03013275
-0.03004678
-0.03042538
-0.03130905
-0.032637
-0.0341638
-0.03563731
-0.03691741
-0.03797856
-0.0387785
-0.03926011
-0.03954763
-0.03982703
-0.04009955
-0.04025095
-0.04024335
-0.04035233
-0.0408915
-0.04174292
-0.04260436
-0.04336749
-0.04420178
-0.0453726
-0.0470146
-0.04907732
-0.05137041
-0.05358192
-0.0554075
-0.05671779
-0.05752095
-0.05784147
-0.05773503
-0.05729645
-0.05651311
-0.05532198
-0.05373141
-0.0517498
-0.04930888
-0.04614674
-0.04201297
-0.03693771
-0.03120498
-0.02515159
-0.01882706
-0.01215686
-0.005497773
0.0005901332
0.005783982
0.009903405
0.01292007
0.0151415
0.01694216
0.01838542
0.01936569
0.01984384
0.01990485
0.01971281
0.01942303
0.01904955
0.01846568
0.01755248
0.01625975
0.01452283
0.01232036
0.009764133
0.007144036
0.004792215
0.002870779
0.001269937
-0.0002985962
-0.001894793
-0.003330107
-0.004673979
-0.006216076
-0.008117163
-0.01017074
-0.01192532
-0.01317346
-0.01404479
-0.01480758
-0.01577243
-0.01717736
-0.01896406
-0.02088227
-0.02280681
-0.02468631
-0.0264106
-0.02788556
-0.02907045
-0.02987564
-0.03022647
-0.03016892
-0.02983838
-0.02936614
-0.02871249
-0.02775287
-0.02644624
-0.02485817
-0.02309331
-0.02112867
-0.01886482
-0.01627482
-0.01342529
-0.01045992
-0.007632072
-0.005194294
-0.003219297
-0.001533403
0.0001704626
0.001921835
0.003516074
0.004999026
0.00650311
0.007886341
0.008908273
0.009511381
0.0100594
0.01094788
0.01213312
0.0134763
0.01499442
0.01650893
0.01768264
0.0183283
0.01847844
0.01827562
0.01765931
0.016425
0.01452035
0.01223715
0.01011445
0.008381046
0.006873704
0.005568216
0.00460556
0.004054398
0.003865894
0.00390862
0.004047955
0.004244109
0.004618783
0.00531647
0.006390827
0.007891528
0.009752752
0.01160598
0.01318478
0.01463757
0.01627682
0.01830196
0.02071807
0.02338814
0.02609659
0.02846301
0.03011366
0.03105845
0.03156261
0.03182237
0.03192198
0.03187611
0.03154865
0.03072199
0.02924322
0.02729105
0.025357
0.02376757
0.02260684
0.0220009
0.02197714
0.02229785
0.02264665
0.02281056
0.02273891
0.02249818
0.02221761
0.02210501
0.02234165
0.02283733
0.02332748
0.02360433
0.02360407
0.02338933
0.02307911
0.02277855
0.02254157
0.02236759
0.02224776
0.02227965
0.02252317
0.02271275
0.02247314
0.0216349
0.02027409
0.01861425
0.01688887
0.01525022
0.01374246
0.01233163
0.01098313
0.00980504
0.00895733
0.008488297
0.008325712
0.008354754
0.008588905
0.009068984
0.009674916
0.01029445
0.01094879
0.01160129
0.01221347
0.01300675
0.01420872
0.01579775
0.01779862
0.02030922
0.02321867
0.02631782
0.02953532
0.0328931
0.03637833
0.03982077
0.04311835
0.04643534
0.04966381
0.05227386
0.05394958
0.05477184
0.05493442
0.05455865
0.05366364
0.0521528
0.04986814
0.04659357
0.04238999
0.03778757
0.03340197
0.02961814
0.02660974
0.02434331
0.0226101
0.02124822
0.02021496
0.01948246
0.01886984
0.01797986
0.01655029
0.01463682
0.01223572
0.00930202
0.006015424
0.00267711
-0.0004891285
-0.003405896
-0.006119018
-0.008706301
-0.01108842
-0.0129938
-0.01430944
-0.01518877
-0.01575451
-0.01598348
-0.01577687
-0.01518077
-0.01443971
-0.01380618
-0.0134129
-0.01322348
-0.0129377
-0.01215057
-0.01087475
-0.009419757
-0.007852781
-0.006038104
-0.003879913
-0.001401144
0.001205391
0.003484588
0.005003261
0.005680926
0.005840245
0.005930959
0.006017068
0.005925213
0.005595184
0.004914199
0.003664831
0.001748918
-0.000728492
-0.003504898
-0.006138559
-0.008129196
-0.009229938
-0.009589616
-0.009661779
-0.009753642
-0.009828458
-0.01002195
-0.01064013
-0.01160415
-0.01254597
-0.01320286
-0.01372354
-0.01454542
-0.0159899
-0.0180276
-0.02031047
-0.02253186
-0.02461275
-0.02649661
-0.02811328
-0.02945256
-0.03048263
-0.03112607
-0.03135284
-0.03118939
-0.03061008
-0.02959524
-0.02819761
-0.02642613
-0.02428675
-0.02197003
-0.0197511
-0.0177979
-0.01612899
-0.01468328
-0.01349842
-0.01266099
-0.01218892
-0.01210757
-0.0124641
-0.0132353
-0.01425421
-0.01522319
-0.0159652
-0.0165467
-0.01702136
-0.01734973
-0.01748429
-0.01734712
-0.01683913
-0.01603797
-0.01519341
-0.0145284
-0.01413172
-0.01397827
-0.01407725
-0.01444278
-0.0147901
-0.01476521
-0.01433952
-0.01372336
-0.01315476
-0.01277077
-0.012585
-0.0125238
-0.01249412
-0.01240721
-0.01211245
-0.01153827
-0.01097348
-0.01083227
-0.01129403
-0.01216496
-0.01303886
-0.01359489
-0.01373179
-0.01352678
-0.01304377
-0.0122701
-0.01120295
-0.009894381
-0.008450022
-0.007069091
-0.005967405
-0.005130205
-0.004392524
-0.003703648
-0.003036696
-0.002295021
-0.001499938
-0.0007631066
-4.728858e-05
0.0007853492
0.001841885
0.003243103
0.005026708
0.00687943
0.008476625
0.00987972
0.01117159
0.01222966
0.01289957
0.01303134
0.01242125
0.01114214
0.009661822
0.008462093
0.007679414
0.006974103
0.006024121
0.004893699
0.003733647
0.002580509
0.001423044
0.0003137066
-0.0005913819
-0.001163877
-0.001397293
-0.001388816
-0.001270712
-0.001150958
-0.001083365
-0.001022529
-0.0006488841
0.0003035812
0.001643851
0.003115603
0.004687979
0.006207914
0.007431188
0.008360377
0.009188809
0.01008598
0.01101026
0.01176878
0.0122358
0.01255689
0.01312294
0.01406702
0.01511852
0.01592481
0.01622843
0.01590244
0.01507967
0.01409585
0.01313498
0.01222393
0.01143696
0.01086501
0.01052381
0.01036462
0.01035222
0.01055097
0.01089386
0.01107217
0.01089507
0.01037485
0.009395492
0.007791724
0.005609872
0.003259864
0.001269799
-0.0003178331
-0.001862367
-0.003672062
-0.005668287
-0.007434811
-0.008616361
-0.00923438
-0.009747112
-0.01052285
-0.01148042
-0.01233468
-0.01295516
-0.01359001
-0.01447555
-0.01547388
-0.01628596
-0.01668112
-0.01648935
-0.01566533
-0.01436375
-0.01292852
-0.01174516
-0.01102029
-0.01073327
-0.0107134
-0.01076731
-0.01076143
-0.01066597
-0.01061987
-0.01097575
-0.01187771
-0.01302167
-0.01397324
-0.01447064
-0.01450093
-0.01422662
-0.01381911
-0.0131825
-0.01209422
-0.01068457
-0.00920712
-0.007659082
-0.006089046
-0.004695188
-0.00338875
-0.001971671
-0.0005518408
0.000696764
0.001784039
0.002823903
0.003871766
0.004826633
0.005618051
0.006352726
0.007190829
0.00822338
0.009442911
0.0107767
0.01215506
0.01363864
0.01531246
0.01696289
0.01835721
0.01960752
0.02080117
0.02179222
0.02240303
0.02252903
0.02209746
0.02112177
0.01976262
0.01835693
0.0172529
0.01658951
0.01621698
0.01581049
0.0152168
0.01452929
0.0139255
0.01360022
0.01371654
0.01421048
0.01486548
0.01571304
0.01683507
0.01803543
0.01920384
0.02050833
0.02215678
0.02421726
0.02660563
0.02916043
0.03168333
0.03379778
0.03512694
0.03558641
0.03537572
0.03478718
0.0338544
0.03246967
0.03082094
0.02915218
0.02739335
0.02533954
0.02294299
0.02056489
0.0187014
0.01758575
0.01713899
0.0170876
0.01714612
0.01718029
0.01729513
0.01767605
0.01838654
0.01924622
0.0200456
0.02088749
0.02188898
0.02286852
0.02355482
0.0238125
0.02368417
0.02332124
0.02289126
0.0225069
0.02220636
0.02196927
0.02175482
0.02149716
0.02096488
0.0198654
0.01832303
0.01674029
0.01532704
0.01405834
0.01281648
0.01149718
0.01005911
0.008536399
0.007073361
0.005873494
0.004953398
0.004117509
0.003165901
0.002071688
0.00102167
0.0002337704
-0.0002008884
-0.0003346277
-0.0003005845
-0.0002187989
-6.528778e-05
0.0002878852
0.0008162459
0.001392115
0.002008776
0.002663156
0.003218051
0.003416884
0.00309147
0.002389466
0.001633372
0.001074672
0.0008011056
0.0007550308
0.0008125877
0.0008603726
0.0008402422
0.0007511927
0.0006268991
0.0004978962
0.0003221696
-6.141987e-05
-0.0008007511
-0.001932599
-0.003499186
-0.005529908
-0.007938975
-0.01048622
-0.01284535
-0.01479582
-0.01627334
-0.01726938
-0.01796746
-0.01876055
-0.01966876
-0.02027396
-0.02020398
-0.01944428
-0.01831474
-0.01702359
-0.01551302
-0.01379507
-0.01201435
-0.01032059
-0.008885174
-0.007850258
-0.007125636
-0.006490566
-0.00588452
-0.005380523
-0.005048395
-0.004899017
-0.004888276
-0.004935517
-0.004896439
-0.004587929
-0.004009882
-0.003430746
-0.003363551
-0.004113686
-0.005410151
-0.006813978
-0.008091567
-0.009228626
-0.01037272
-0.01175881
-0.01337675
-0.01492844
-0.01634137
-0.01779411
-0.01934285
-0.0209055
-0.02236402
-0.02354239
-0.02435159
-0.02506725
-0.0259738
-0.0269699
-0.02776692
-0.02817079
-0.02816739
-0.02788262
-0.0274873
-0.02711674
-0.02683048
-0.02662165
-0.02644709
-0.02627864
-0.02619388
-0.02634299
-0.02669644
-0.02700868
-0.02695208
-0.02638981
-0.02550894
-0.02461548
-0.02392833
-0.0235065
-0.02328203
-0.02313503
-0.02296552
-0.0227278
-0.02242909
-0.02210285
-0.02181428
-0.02180024
-0.02235796
-0.02337192
-0.0244973
-0.02565838
-0.02682672
-0.0277867
-0.02832785
-0.02840648
-0.02813325
-0.02768545
-0.02721779
-0.02681471
-0.02648769
-0.02620453
-0.02592414
-0.02560353
-0.02512111
-0.02431533
-0.02311222
-0.02151005
-0.01948627
-0.01704697
-0.01428495
-0.01135225
-0.00849527
-0.006124432
-0.004565656
-0.003827852
-0.003670047
-0.003764282
-0.003851872
-0.003809289
-0.003640013
-0.0034121
-0.003198996
-0.003039312
-0.002933768
-0.002840372
-0.002615897
-0.002069339
-0.001121988
0.0001026407
0.001292371
0.002157157
0.002596313
0.002691588
0.00261401
0.002510743
0.002375266
0.002070414
0.001581552
0.0009805353
0.0001187626
-0.001168934
-0.00278555
-0.004491396
-0.006114022
-0.007715129
-0.009415761
-0.01116603
-0.01282442
-0.0142675
-0.01532807
-0.01588003
-0.01597434
-0.01587025
-0.01590448
-0.01616901
-0.01650871
-0.01673164
-0.01673327
-0.01652287
-0.01618436
-0.01581607
-0.01548543
-0.0152137
-0.01496785
-0.01459651
-0.01393284
-0.01304801
-0.01217844
-0.0115093
-0.01109853
-0.01088874
-0.01076642
-0.01057286
-0.01010967
-0.009335041
-0.008421402
-0.007470961
-0.006490887
-0.005580184
-0.004875361
-0.004426353
-0.004191164
-0.004075788
-0.003990057
-0.003877631
-0.003707081
-0.00337127
-0.00271979
-0.001698792
-0.0004405487
0.0007560076
0.001620402
0.002117017
0.002623946
0.003553341
0.004827381
0.006068055
0.006980479
0.007603457
0.00820643
0.009022799
0.01005646
0.01108288
0.01185487
0.01226717
0.01236867
0.01229783
0.01219474
0.01214764
0.01217625
0.01225512
0.01234244
0.01240927
0.01244487
0.01248153
0.01268159
0.0132383
0.01419016
0.01535349
0.01639723
0.01707532
0.017334
0.01728864
0.01711118
0.01695026
0.01686914
0.0168339
0.01652091
0.01471295
0.009453143
0.000980129
-0.007828763
-0.01435382
-0.01764622
-0.0181808
-0.0171563
-0.01582714
-0.01509751
-0.01527973
-0.01604337
-0.01681807
-0.01719191
-0.01706087
-0.01652237
-0.01566623
-0.01461133
-0.01354867
-0.01242308
-0.01101484
-0.009430919
-0.008020773
-0.007027635
-0.006494016
-0.00624091
-0.005783855
-0.004734403
-0.003265826
-0.001841522
-0.0007792119
0.0001110745
0.001303601
0.003121045
0.005587097
0.008493155
0.01155143
0.01449539
0.0170764
0.01923254
0.02116062
0.02302779
0.02486395
0.02675192
0.02874501
0.03073683
0.03266628
0.03457294
0.03626189
0.03742007
0.03794371
0.03804085
0.03811718
0.03849564
0.03923158
0.04007197
0.04068611
0.04089841
0.0407342
0.04038582
0.04018477
0.04041049
0.0411039
0.04201572
0.04279769
0.04335853
0.04384464
0.04441523
0.04505263
0.04559863
0.04604015
0.04651437
0.04712515
0.04780938
0.04833264
0.04838121
0.04779154
0.04675943
0.04565612
0.04476847
0.04419346
0.04386753
0.04365074
0.04341859
0.04308575
0.04252949
0.04163914
0.04053783
0.03948505
0.03866511
0.03804606
0.03760157
0.03689915
0.03560325
0.03387376
0.03197821
0.02994931
0.02782008
0.02571339
0.02373163
0.02190628
0.02020766
0.0185769
0.01692491
0.0150658
0.01283185
0.01020827
0.007310179
0.004302085
0.001318959
-0.001570605
-0.004377987
-0.00724446
-0.01035489
-0.013673
-0.01697665
-0.02005924
-0.02274912
-0.02490065
-0.02637661
-0.02713472
-0.02730064
-0.02710521
-0.02675955
-0.02629183
-0.02562202
-0.02481262
-0.02397193
-0.02308523
-0.0221753
-0.02137054
-0.02077306
-0.0203361
-0.01988246
-0.01950395
-0.01958561
-0.02018282
-0.02096177
-0.02157962
-0.02194258
-0.0222312
-0.0226815
-0.02337787
-0.02416593
-0.02494701
-0.02586108
-0.02689838
-0.0277962
-0.02831953
-0.028404
-0.0281333
-0.027566
-0.02666551
-0.02528998
-0.02339118
-0.02118876
-0.01900595
-0.01706189
-0.01541519
-0.01404305
-0.01297883
-0.01226448
-0.01186487
-0.01168205
-0.01160165
-0.01153505
-0.01143805
-0.01130595
-0.0111564
-0.01100924
-0.01089285
-0.01094841
-0.01145228
-0.01242105
-0.01352497
-0.01452364
-0.01539876
-0.01623088
-0.01710853
-0.01807435
-0.0191192
-0.02019991
-0.02127047
-0.02229978
-0.02329995
-0.02439947
-0.02569954
-0.02697268
-0.02785624
-0.02817005
-0.02796861
-0.02745549
-0.02685348
-0.0263141
-0.02587178
-0.02539541
-0.0246687
-0.02357127
-0.02218785
-0.02080298
-0.01970104
-0.01899359
-0.01862056
-0.0184293
-0.01829384
-0.01829204
-0.01867453
-0.01942613
-0.02021762
-0.02072825
-0.02082062
-0.02056915
-0.02024503
-0.02016987
-0.02050463
-0.02115504
-0.02181404
-0.02218714
-0.02216134
-0.02180542
-0.02128088
-0.02074335
-0.02028146
-0.01990841
-0.01958836
-0.01927444
-0.01893528
-0.0185644
-0.0181732
-0.01777908
-0.01739483
-0.01702463
-0.01666526
-0.01631075
-0.01595581
-0.0156225
-0.01543885
-0.01549848
-0.01569254
-0.01582624
-0.01576921
-0.01550722
-0.01515311
-0.01492456
-0.0149316
-0.0150664
-0.01514761
-0.01509168
-0.01501384
-0.01510409
-0.01544602
-0.01591313
-0.01626017
-0.01631751
-0.01606139
-0.01558626
-0.01502494
-0.01446311
-0.01382058
-0.01294901
-0.01179871
-0.01050301
-0.009311272
-0.008410057
-0.00783578
-0.007489909
-0.007160962
-0.00660389
-0.005688264
-0.004481918
-0.003230487
-0.002073882
-0.0008956899
0.0003340674
0.001473879
0.002482648
0.003444137
0.004434819
0.005408817
0.006223743
0.006777375
0.007068119
0.007176138
0.00720607
0.007241355
0.00731591
0.007387251
0.007311016
0.006953949
0.006314293
0.005577251
0.004997328
0.004721898
0.004747807
0.004938807
0.0049821
0.004578457
0.003821757
0.003067981
0.002604503
0.002525238
0.002747637
0.003118834
0.003581884
0.004270438
0.005226193
0.006275174
0.007369333
0.00862809
0.01012448
0.01172152
0.01311093
0.01412742
0.01484856
0.01544827
0.01602589
0.01656311
0.01713369
0.01788524
0.01873208
0.01947371
0.02004785
0.02045396
0.02067443
0.02071194
0.02060739
0.02042077
0.02020667
0.01999867
0.01981057
0.01967077
0.01966494
0.01982266
0.02003954
0.02017994
0.02019352
0.02017875
0.02024195
0.02036883
0.0205408
0.02077575
0.02101268
0.02118192
0.02131824
0.02144835
0.0215088
0.0213534
0.02089567
0.02022006
0.01939565
0.01838747
0.01728691
0.01625506
0.01526546
0.01426162
0.01332763
0.01252248
0.01179802
0.01107527
0.01030108
0.009477018
0.008694998
0.008071755
0.007592585
0.007174572
0.006807297
0.006527306
0.00635533
0.006280237
0.006267994
0.00628747
0.006363918
0.00656424
0.006868939
0.007194904
0.007533888
0.007933636
0.008424458
0.008999209
0.009622842
0.0102486
0.01080487
0.01120232
0.01144166
0.01163024
0.01187621
0.01219824
0.01250034
0.01266586
0.01264563
0.01246675
0.01219954
0.01191518
0.01165808
0.01143927
0.01124657
0.01106037
0.01086614
0.01065961
0.01043582
0.01014359
0.00972555
0.009222913
0.008709431
0.008194685
0.007692917
0.00725727
0.006928526
0.00670729
0.006561981
0.006450752
0.006340488
0.006215387
0.00607546
0.005928943
0.00578481
0.005647835
0.005519347
0.005414446
0.005390334
0.005473366
0.005600741
0.005683209
0.005669017
0.005554978
0.005347245
0.005032511
0.004639052
0.004250887
0.00394107
0.003734816
0.003606275
0.003476599
0.003246704
0.002866434
0.002371259
0.001878749
0.001505474
0.001295775
0.00122184
0.001218832
0.001224499
0.001202809
0.00115377
0.001130784
0.001206992
0.001412504
0.001703246
0.001974317
0.00213297
0.002150827
0.002058466
0.001913394
0.001767209
0.00164748
0.001556686
0.001482268
0.001409205
0.001324723
0.001202152
0.00100013
0.0006979327
0.0003221551
-4.576169e-05
-0.0003230459
-0.0004792648
-0.0005352141
-0.0005385263
-0.0005323208
-0.0005257418
-0.0004838185
-0.0003680498
-0.0001712393
8.308287e-05
0.0003580403
0.0006181407
0.0008235578
0.0009351846
0.0009410743
0.0008624337
0.0007376874
0.0006027865
0.0004753352
0.0003343702
0.000140547
-0.0001230612
-0.0004295699
-0.0007169291
-0.0009320105
-0.001060203
-0.001121232
-0.001149991
-0.001174269
-0.001191013
-0.001172453
-0.001099134
-0.0009833125
-0.0008723665
-0.0008141601
-0.0008262999
-0.0008962115
-0.0009957717
-0.001098144
-0.00118759
-0.001264058
-0.001351123
-0.001475109
-0.001625178
-0.001757788
-0.001827865
-0.001828918
-0.001796362
-0.001770744
-0.001760635
-0.001732224
-0.001668278
-0.001597004
-0.001556908
-0.001567935
-0.00162604
-0.001712237
-0.001805096
-0.001890053
-0.001962239
-0.002024292
-0.00208169
-0.002140849
-0.002215556
-0.002320764
-0.002459216
-0.002620758
-0.002789151
-0.002950244
-0.00309609
-0.003225429
-0.003340983
-0.003446561
-0.00354479
-0.003634832
-0.003705482
-0.003743736
-0.003747173
-0.003723965
-0.003687178
-0.003648273
-0.003613682
-0.003584517
-0.003558653
-0.0035332
-0.00350629
-0.0034775
-0.003448015
-0.003422741
-0.003410764
-0.003417823
-0.00344153
-0.003473892
-0.003505964
-0.003531472
-0.003548027
-0.003557326
-0.003567289
-0.003584506
-0.003605082
-0.003622698
-0.003635825
-0.003641628
-0.00363528
-0.0036144
-0.003578062
-0.003525207
-0.003456982
-0.003377981
-0.003293931
-0.003207912
-0.003118908
-0.003027791
-0.002938771
-0.002852772
-0.002768876
-0.002688989
-0.002614036
-0.002541558
-0.00246888
-0.002396247
-0.002327447
-0.002263592
-0.002200837
-0.002138973
-0.002081981
-0.002031075
-0.00198439
-0.001939736
-0.00189593
-0.001853405
-0.00181489
-0.001782348
-0.001754392
-0.001729247
-0.001706379
-0.001684434
-0.001662154
-0.001640463
-0.001621083
-0.00160501
-0.001592995
-0.001584814
-0.001578098
-0.001569985
-0.001559102
-0.001546442
-0.001534135
-0.001523483
-0.001514006
-0.001503928
-0.001492211
-0.001479221
-0.001465745
-0.001452022
-0.001437431
-0.001421281
-0.001403477
-0.001384491
-0.001365021
-0.001345662
-0.001326726
-0.001308248
-0.001290087
-0.00127197
-0.001253428
-0.001234172
-0.001214403
-0.001194805
-0.001175986
-0.001157747
-0.001139715
-0.001122048
-0.001105072
-0.001088847
-0.001073007
-0.001057079
-0.001040836
-0.0010244
-0.001008038
-0.0009917358
-0.0009753597
-0.0009590042
-0.0009428378
-0.0009268848
-0.0009109747
-0.000894879
-0.0008784758
-0.0008617986
-0.0008449747
-0.0008281002
-0.0008111808
-0.0007941489
-0.0007768932
-0.000759309
-0.0007413853
-0.0007232028
-0.0007048561
-0.0006864049
-0.0006678641
-0.0006492072
-0.0006303847
-0.0006113532
-0.0005920921
-0.0005726063
-0.0005529092
-0.0005330102
-0.0005129114
-0.0004926152
-0.0004721306
-0.0004514727
-0.0004306569
-0.0004096917
-0.0003885807
-0.0003673281
-0.0003459408
-0.0003244266
-0.0003027921
-0.0002810427
-0.0002591829
-0.0002372167
-0.0002151479
-0.0001929802
-0.0001707175
-0.0001483634
-0.0001259211
