0.0001937283
0.0001930699
0.0001924811
0.0001925574
0.000192716
0.0001926789
0.0001948656
0.0001979998
0.0001995451
0.0002038744
0.000212152
0.0002228427
0.0002350244
0.0002418545
0.0002491922
0.0002570387
0.0002653761
0.000274219
0.0002835406
0.0002862809
0.0002750508
0.0002759591
0.0002839094
0.0002922005
0.0003008111
0.0003097522
0.0002983692
0.0002696344
0.0002361326
0.0002067098
0.0002087418
0.0001857797
0.0001354276
0.0001241945
0.0001218072
0.0001193973
8.867007e-05
1.730736e-05
-7.550383e-06
-1.532174e-05
-2.322792e-05
-3.126571e-05
-3.944953e-05
-4.776347e-05
-5.617883e-05
3.107599e-05
9.951628e-05
9.660294e-05
9.361097e-05
9.0674e-05
0.0001952157
0.0002953486
0.0002985012
0.0004382117
0.0007239979
0.0007925666
0.0008270289
0.0009986305
0.001111278
0.001134959
0.001158884
0.001183034
0.001207397
0.001167162
0.0009981481
0.0009490221
0.0009670997
0.0009853718
0.001003706
0.001022232
0.001040798
0.001059577
0.001078334
0.001189435
0.001715224
0.002006648
0.002040608
0.002074665
0.002138766
0.002458764
0.002548364
0.00229002
0.002240785
0.002258702
0.001654792
0.001137529
0.0008230134
0.0004971741
0.0001595367
-0.0005254326
-0.001068448
-0.001077718
-0.001509579
-0.002291701
-0.002418777
-0.002443059
-0.002467191
-0.002491413
-0.002515467
-0.002201427
-0.001825962
-0.001843016
-0.001678418
-0.001232867
-0.001106639
-0.001116325
-0.001126099
-0.0009778568
-0.0004854623
1.907612e-05
0.0005355394
0.0005738919
0.0008343881
0.001923366
0.002434464
0.002451614
0.003435594
0.004423522
0.004452211
0.004481344
0.00450988
0.004538571
0.004517172
0.003919499
0.003555323
0.003577242
0.003147182
0.002507329
0.002523469
0.002331196
0.001660541
0.001404088
0.001414173
0.001424316
0.001270678
0.0005512461
-0.0001796091
-0.000921655
-0.001041032
-0.001040614
-0.001039989
-0.001393806
-0.002183459
-0.002377256
-0.002380507
-0.002383432
-0.002386483
-0.002389162
-0.002392109
-0.002394291
-0.001548935
-0.000682215
0.0001950076
0.0005508457
0.0005542261
0.001375679
0.002095746
0.00210051
0.00258858
0.003529971
0.002917202
0.00222409
0.003191192
0.003739049
0.003743806
0.00301036
0.002072005
0.002076029
0.002079295
0.002082582
0.001398405
0.0003639172
0.0003394112
0.0003421957
0.0003450804
0.0003478715
0.0003505097
0.0003532283
0.0001361428
-0.0009648646
-0.001509001
-0.001504679
-0.0005828737
0.0004185532
0.0004201698
0.0004219811
0.000423937
0.001281713
0.002456055
0.003636311
0.004408716
0.004403193
0.005184888
0.006389094
0.007598015
0.008483543
0.008467233
0.009163379
0.01039265
0.01052046
0.01049708
0.01047289
0.01044797
0.01042272
0.01142985
0.01255836
0.01252388
0.01303189
0.01431194
0.0146396
0.01459519
0.01454966
0.01450334
0.01445571
0.01353862
0.01213055
0.01201614
0.01162421
0.0102012
0.008777062
0.007351656
0.005925367
0.004498463
0.003071017
0.0009636464
-0.001881291
-0.004725064
-0.007432872
-0.008836178
-0.01081636
-0.01366123
-0.01650245
-0.01933925
-0.02217137
-0.02452826
-0.02588001
-0.02722888
-0.02857281
-0.0285267
-0.02838109
-0.02823347
-0.02726557
-0.0256186
-0.02526072
-0.0246378
-0.02147301
-0.01973606
-0.01962338
-0.01715011
-0.01411627
-0.01250121
-0.009701734
-0.005026448
-0.001439354
0.00166086
0.004747696
0.008297759
0.01290794
0.01654085
0.0195538
0.02255096
0.02553199
0.02849605
0.03144322
0.03437192
0.03596019
0.03751804
0.04040931
0.04184729
0.04154676
0.04244886
0.04350818
0.04159777
0.04029137
0.03998257
0.03751059
0.0340345
0.02900845
0.02446252
0.02107059
0.01770088
0.01435326
0.01102929
0.007387309
0.002517385
-0.002315098
-0.007109943
-0.01186636
-0.01658382
-0.02126249
-0.02519973
-0.02821088
-0.03000436
-0.03146512
-0.03442362
-0.0367813
-0.03809731
-0.03833729
-0.0380428
-0.03774952
-0.03700982
-0.03512598
-0.03419457
-0.03392678
-0.03080773
-0.02801454
-0.02779544
-0.02595712
-0.02256091
-0.02178894
-0.02123169
-0.01786994
-0.01521824
-0.01350069
-0.01062597
-0.007349268
-0.004098827
-0.0008745721
0.002323538
0.005495777
0.008642117
0.01176262
0.01443126
0.01590712
0.01645594
0.0163183
0.01477676
0.01335525
0.01324269
0.01391791
0.01539536
0.01558205
0.01579112
0.01884875
0.02055853
0.02038322
0.02135883
0.02272826
0.02253231
0.02180571
0.02001968
0.01824889
0.01649021
0.01323467
0.009515664
0.004634563
0.000688585
-0.002525734
-0.008481091
-0.0142567
-0.01734729
-0.02118073
-0.02581044
-0.02914593
-0.03211402
-0.03505655
-0.03733543
-0.03863696
-0.03992782
-0.04118429
-0.04085463
-0.04001561
-0.03809697
-0.03719454
-0.03689199
-0.03510096
-0.03360169
-0.03332583
-0.03305074
-0.03277625
-0.03114047
-0.02928423
-0.02744087
-0.02412123
-0.01912575
-0.0141714
-0.009127369
-0.002656081
0.003144416
0.007919609
0.01265649
0.01735365
0.0204159
0.02296419
0.02438358
0.02579224
0.02718704
0.02710182
0.02688927
0.02667752
0.02646654
0.02625667
0.02604727
0.02607366
0.027461
0.02955971
0.03251213
0.03301138
0.03295649
0.03587948
0.03877621
0.04164793
0.04232286
0.04197233
0.04319773
0.04396333
0.04359377
0.04226805
0.0403137
0.03837376
0.03678967
0.03647242
0.036156
0.03584031
0.03288555
0.02983031
0.02956377
0.02929732
0.02903201
0.02757549
0.02572662
0.02389125
0.02207052
0.02026275
0.01633968
0.01138599
0.008025875
0.004733958
0.001468882
-0.002707448
-0.007508362
-0.01227075
-0.01667366
-0.01976431
-0.02363925
-0.0282686
-0.03285988
-0.03722024
-0.04013996
-0.04235372
-0.04363371
-0.04607335
-0.04891627
-0.05173492
-0.0539749
-0.05515264
-0.05631983
-0.05747499
-0.05708618
-0.05663596
-0.05618664
-0.05390819
-0.05028602
-0.04809695
-0.0458155
-0.04225383
-0.03871996
-0.03521313
-0.03173389
-0.02811079
-0.0230899
-0.01811007
-0.01316939
-0.007118427
-0.0007136739
0.00408578
0.008847381
0.01356976
0.01927642
0.02550807
0.02866612
0.03163005
0.03456708
0.03569132
0.03540157
0.03511369
0.03482663
0.03454085
0.03348925
0.03161609
0.02975679
0.02806124
0.0278256
0.0269508
0.02512561
0.02331437
0.02151712
0.01973363
0.01745237
0.01410414
0.01078277
0.007488403
0.005710683
0.00366836
0.0004302635
-0.002781142
-0.005967143
-0.01048972
-0.01495225
-0.01803757
-0.01960704
-0.01946156
-0.01931752
-0.01904546
-0.01730619
-0.01434618
-0.009451647
-0.004598679
0.0002173236
0.006589432
0.01241932
0.017095
0.0207536
0.02376473
0.02675102
0.02934971
0.03069179
0.03031904
0.02845964
0.02661493
0.02454927
0.02113722
0.01702919
0.01208122
0.008387886
0.004997884
0.0001467092
-0.00406871
-0.007249977
-0.01149254
-0.01620831
-0.01931151
-0.02189914
-0.02333758
-0.02476417
-0.02617839
-0.02758016
-0.02862878
-0.02841199
-0.02736689
-0.02556269
-0.02377382
-0.02157052
-0.0166187
-0.0117075
-0.006835906
-0.003195905
1.143204e-05
0.003192409
0.005772509
0.007310204
0.00883588
0.01034848
0.01184866
0.01333619
0.0148111
0.01533648
0.01519828
0.01506044
0.01524346
0.01670092
0.01814531
0.01957734
0.01969818
0.01952098
0.01934333
0.01848605
0.01671864
0.01262442
0.007712432
0.002840587
-0.001992671
-0.006785977
-0.01154145
-0.01625585
-0.017867
-0.01933939
-0.0207972
-0.02041253
-0.01866873
-0.01693958
-0.01492447
-0.01162778
-0.007569596
-0.002736293
0.002058261
0.006642563
0.009763885
0.01153933
0.01142855
0.01361913
0.01663916
0.01808143
0.01897906
0.0188049
0.0186324
0.01845959
0.01677639
0.01461731
0.01128324
0.009766487
0.009662129
0.006791966
0.003520525
0.0002752666
-0.002943799
-0.006136533
-0.00930369
-0.01229487
-0.01381485
-0.01724052
-0.0235082
-0.02746616
-0.03047956
-0.03504158
-0.04007711
-0.04615416
-0.05017928
-0.05297938
-0.05426484
-0.05620092
-0.06054362
-0.06222879
-0.06173033
-0.06123371
-0.06073929
-0.06024633
-0.05826488
-0.05459571
-0.05095566
-0.04708618
-0.04030941
-0.03420658
-0.02912854
-0.02298435
-0.01639976
-0.009868528
-0.003389178
0.003037153
0.009412383
0.01573464
0.02053645
0.02553499
0.03172505
0.03701239
0.04151059
0.04463065
0.04723474
0.04845374
0.05038714
0.0531734
0.05350876
0.05307524
0.05264301
0.05221316
0.05178436
0.0502719
0.048259
0.04468583
0.04158943
0.03964272
0.03579411
0.03069975
0.02564621
0.02029133
0.01372351
0.006378694
-0.001673139
-0.009658535
-0.01758002
-0.02543612
-0.03393194
-0.04324905
-0.05010494
-0.05618271
-0.06372028
-0.07119388
-0.07860463
-0.08382294
-0.08793461
-0.09200909
-0.09560066
-0.09801024
-0.1003992
-0.1027628
-0.1022523
-0.1007644
-0.09673043
-0.09272924
-0.08875321
-0.08221232
-0.07454916
-0.06273167
-0.05101125
-0.03938204
-0.02784747
-0.01633923
-0.003392215
0.00944997
0.02218789
0.0337784
0.04472206
0.05710842
0.06817652
0.07564274
0.08487955
0.09539681
0.1016118
0.1069032
0.1108484
0.1147606
0.1186348
0.1199206
0.1203836
0.119413
0.1177874
0.1152339
0.1115485
0.1074001
0.1017275
0.0955669
0.08838597
0.07819695
0.06636457
0.05462772
0.04217231
0.02743447
0.01013105
-0.0091344
-0.02409406
-0.03829587
-0.0523801
-0.06481569
-0.07548881
-0.08481817
-0.09343054
-0.09907479
-0.1033944
-0.1057591
-0.1058463
-0.1049938
-0.1041449
-0.1027882
-0.1003539
-0.0979367
-0.0955346
-0.0916592
-0.08732337
-0.08180574
-0.07545836
-0.06843628
-0.06283268
-0.05699159
-0.04851605
-0.04010834
-0.03176743
-0.02349239
-0.01541235
-0.008864867
-0.0005157478
0.01070047
0.01850126
0.02477719
0.03738538
0.04841589
0.05603858
0.06359873
0.07109548
0.07705975
0.08284688
0.0885827
0.09171506
0.09258544
0.0934474
0.09359423
0.08965115
0.08574046
0.08185558
0.07678849
0.07116194
0.06260016
0.05470341
0.04786813
0.04108643
0.03435862
0.02768356
0.02153107
0.01655494
0.01161813
0.006720851
0.001863164
-0.002614212
-0.005799552
-0.008960212
-0.0120939
-0.01388216
-0.01559333
-0.01867318
-0.02172678
-0.02475496
-0.02656515
-0.02795698
-0.02933555
-0.03012786
-0.02989051
-0.02965612
-0.02941996
-0.02607819
-0.02357444
-0.02338703
-0.02132501
-0.01796307
-0.01747932
-0.01765766
-0.01911131
-0.02055144
-0.02197998
-0.02339552
-0.02479922
-0.0261905
-0.02825177
-0.03120941
-0.03414251
-0.03692124
-0.03661141
-0.03741372
-0.04029069
-0.04105676
-0.04070916
-0.03883057
-0.03690339
-0.03498994
-0.03309147
-0.03120521
-0.02652378
-0.0217975
-0.01840548
-0.01504009
-0.01170099
-0.007111415
-0.002411052
0.0008257247
0.004037255
0.007221776
0.01038146
0.01347157
0.01498262
0.01648229
0.01796819
0.01841997
0.01829356
0.01816777
0.01763752
0.01591917
0.01421553
0.01252394
0.009462907
0.006213934
0.002991091
-0.0002058574
-0.003376452
-0.006521701
-0.009491309
-0.01098917
-0.0111974
-0.009488194
-0.007794363
-0.006090777
-0.002826795
0.0004105919
0.003621742
0.00580593
0.007377399
0.00893551
0.01009777
0.01003651
0.009103983
0.007453998
0.003092955
-0.001187093
-0.002751457
-0.005796203
-0.01051486
-0.01149106
-0.01137611
-0.01126107
-0.01114701
-0.01103309
-0.01091992
-0.01080699
-0.01069478
-0.0105829
-0.01047169
-0.01036066
-0.01025078
-0.01161043
-0.01235964
-0.01063492
-0.009776941
-0.009669101
-0.009561854
-0.009454941
-0.009348594
-0.009242788
-0.009137206
-0.009032563
-0.008714077
-0.005418024
-0.003344504
-0.003284796
-0.00214031
-0.0004935219
0.002714568
0.0054482
0.007032188
0.009562649
0.0127083
0.01293351
0.01320188
0.01472225
0.01539892
0.01530458
0.01653111
0.01780859
0.01769302
0.01828104
0.01975751
0.02241307
0.02545026
0.02846197
0.03087314
0.03224275
0.03466605
0.03759799
0.03739768
0.03756301
0.03887255
0.0382968
0.03640559
0.03310302
0.02933699
0.02432276
0.01935046
0.01441587
0.00692446
-0.001101348
-0.009061944
-0.01627563
-0.02251604
-0.02870626
-0.03478039
-0.03927157
-0.04261793
-0.04384988
-0.04402927
-0.04365134
-0.04174325
-0.03935972
-0.03582355
-0.03231588
-0.028835
-0.02538123
-0.02195436
-0.0185549
-0.01597023
-0.01421368
-0.01119261
-0.00822017
-0.008122267
-0.007362709
-0.005674056
-0.00399843
-0.002379702
-0.002327586
-0.001741543
-9.770874e-05
0.0005112839
0.0005406382
-0.0009412027
-0.002089973
-0.002038405
-0.002882116
-0.004419607
-0.004560677
-0.004766099
-0.006288299
-0.007030353
-0.006937712
-0.008101404
-0.009594872
-0.01107595
-0.01190569
-0.01177065
-0.01163702
-0.01148176
-0.00975218
-0.007014384
-0.002128247
0.00271701
0.007524323
0.01229151
0.01740451
0.02368688
0.029045
0.03363594
0.03818877
0.04270328
0.04717994
0.0501284
0.05134884
0.05132426
0.0506802
0.04710263
0.04417306
0.04224264
0.04032758
0.03842498
0.03494092
0.03197519
0.03013812
0.02733482
0.02393749
0.02056661
0.01758519
0.01586085
0.01414965
0.01245188
0.01076803
0.008862146
0.005609793
0.002384275
-0.0008149861
-0.003988798
-0.007029464
-0.008555551
-0.01066646
-0.01375912
-0.01573994
-0.0171952
-0.02021275
-0.02228794
-0.02209002
-0.02093635
-0.01915229
-0.01593515
-0.01225394
-0.007346747
-0.004141702
-0.0024919
0.0004644858
0.003459289
0.005046484
0.006621815
0.008183135
0.008540023
0.008489901
0.008440026
0.007814764
0.006173753
0.005611
0.005583458
0.005556391
0.005528927
0.005502096
0.005474604
0.005448403
0.006847835
0.008725232
0.01186382
0.01497625
0.01806281
0.01852545
0.01877533
0.02183027
0.02417717
0.02559013
0.02816287
0.03100848
0.03076598
0.03052668
0.03028661
0.02796136
0.02454943
0.02269674
0.02092115
0.01915954
0.01649558
0.01317228
0.008469923
0.004213137
0.002585626
0.0009701749
-0.0006322005
-0.003499107
-0.006489915
-0.008030766
-0.008899138
-0.008824206
-0.009900219
-0.01136934
-0.0112731
-0.01171083
-0.01320774
-0.01366912
-0.01355437
-0.01646245
-0.01910888
-0.02054346
-0.02286
-0.02585881
-0.02883185
-0.03178046
-0.03470372
-0.03683549
-0.0381193
-0.03939177
-0.04065258
-0.0419015
-0.04250015
-0.04213467
-0.04064322
-0.0386723
-0.03514176
-0.03112806
-0.02606004
-0.02103318
-0.01604611
-0.01109891
-0.006574449
-0.003299674
-4.999937e-05
0.003171932
0.006369172
0.009027251
0.008982898
0.008940129
0.008896824
0.008853991
0.008811047
0.008768362
0.008725759
0.008683069
0.007532992
0.005904553
0.005884966
0.005864402
0.005844515
0.005824187
0.005804268
0.005784047
0.005401744
0.003787863
0.002188434
0.000600344
-0.002315113
-0.005461873
-0.008582246
-0.01095341
-0.01243282
-0.01511464
-0.01794094
-0.0177649
-0.01759151
-0.01741796
-0.01724578
-0.01707387
-0.0169031
-0.015795
-0.01244065
-0.01007231
-0.008359124
-0.00521254
-0.001943218
0.001300398
0.004517716
0.007708377
0.00955268
0.01132022
0.01445572
0.01615862
0.01606179
0.01835067
0.02125523
0.02111407
0.02155077
0.0230027
0.02337811
0.0232182
0.0230591
0.02290038
0.02274245
0.02258493
0.0224282
0.02227173
0.02211623
0.02196089
0.0218067
0.02165208
0.02019998
0.01846175
0.01673691
0.01502563
0.01332756
0.01047109
0.007342431
0.007303239
0.006707985
0.005076314
0.004501156
0.004482472
0.002931144
0.001756215
0.001759935
0.0008477811
-0.0007371191
-0.002309254
-0.003569968
-0.003522195
-0.005052099
-0.008184058
-0.008735672
-0.008645923
-0.008556104
-0.00846712
-0.008378196
-0.008289905
-0.008201842
-0.008114367
-0.008027216
-0.007940153
-0.005808682
-0.002548776
-0.002336897
-0.001484715
0.001742614
0.003153255
0.003151127
0.00591645
0.008527705
0.008479791
0.009200459
0.01074294
0.01101718
0.01079933
0.009135645
0.007486219
0.005849442
0.004226045
0.002637121
0.00263664
0.002122653
0.0005296562
-5.044919e-05
-2.953589e-05
0.001480923
0.00270059
0.002698305
0.004443103
0.007618062
0.00804192
0.008508331
0.01165106
0.01327575
0.0131864
0.01433255
0.01570119
0.01559008
0.01548035
0.01537046
0.01526138
0.01515238
0.01504405
0.01444576
0.01274578
0.01203945
0.01195384
0.01040018
0.00873193
0.00707649
0.006286834
0.006246499
0.004865356
0.003240825
0.001629083
0.0007550738
0.0007593114
-0.0004500815
-0.002031755
-0.003600889
-0.005753321
-0.008887913
-0.009823823
-0.009734229
-0.01279421
-0.01493197
-0.0147979
-0.01658241
-0.01962472
-0.01974761
-0.01957301
-0.01939783
-0.01756292
-0.01421117
-0.01220683
-0.01027981
-0.006985885
-0.004421476
-0.002770595
5.996406e-05
0.003184772
0.004773278
0.005774488
0.005745887
0.005718201
0.005690067
0.005662389
0.005634412
0.005606873
0.005578921
0.00555189
0.006950971
0.008187758
0.008138163
0.00889855
0.01043909
0.01196692
0.01328951
0.01319656
0.01378686
0.01528532
0.01560038
0.0154875
0.01537503
0.01470884
0.01300556
0.01235956
0.01227045
0.01218203
0.01166727
0.009986531
0.009235426
0.009169534
0.007698835
0.006348256
0.006305771
0.006263051
0.006220268
0.004900041
0.003443243
0.003423558
0.003403253
0.003383264
0.003363173
0.003343228
0.003323243
0.002770665
0.001158628
-0.0004397124
-0.002025512
-0.003598077
-0.005158071
-0.006704683
-0.007344722
-0.007276869
-0.00582606
-0.004174983
-0.002536515
-0.0009119027
0.0007004823
0.003555517
0.006727067
0.00987282
0.01363163
0.01831668
0.02183434
0.02485588
0.02785124
0.03082207
0.0337674
0.03568698
0.0369951
0.03978157
0.04188206
0.04153885
0.04119825
0.04085813
0.04052027
0.03967105
0.03614622
0.03265099
0.02918112
0.02450433
0.01950321
0.01454234
0.01023868
0.006947434
0.001467268
-0.004943278
-0.008110622
-0.01174451
-0.01645301
-0.02014355
-0.02318656
-0.02473573
-0.02650764
-0.02949727
-0.03075787
-0.03051971
-0.03162393
-0.03250253
-0.03064947
-0.02808833
-0.02467317
-0.02007268
-0.01501912
-0.008516276
-0.001470154
0.006519096
0.01444206
0.02230088
0.02851967
0.03419884
0.03870123
0.04316881
0.04759577
0.0490913
0.05027688
0.05145012
0.05095175
0.04892352
0.04559108
0.04200826
0.03845234
0.03492452
0.03142285
0.02556456
0.01903121
0.01406088
0.007978461
-9.542249e-05
-0.007039928
-0.01339628
-0.0181469
-0.02326483
-0.0294884
-0.03472389
-0.03925661
-0.04375152
-0.04788884
-0.0507145
-0.05432622
-0.05869209
-0.06172305
-0.06423805
-0.06532569
-0.06640392
-0.06746998
-0.06735462
-0.06681327
-0.06627384
-0.06518317
-0.06305547
-0.0588576
-0.05358558
-0.04682271
-0.03962339
-0.03131045
-0.02398091
-0.01738963
-0.01085159
-0.004066393
0.003960802
0.01113488
0.01744154
0.02114257
0.02400501
0.02541706
0.0268185
0.02820652
0.02843303
0.02825364
0.02962868
0.03045752
0.03021585
0.02997479
0.0297356
0.03100842
0.03194903
0.03168973
0.03053698
0.02869181
0.0282442
0.02801108
0.02777909
0.02754812
0.02731762
0.02583195
0.02401806
0.02221764
0.02043122
0.01865845
0.0168994
0.01517566
0.01504078
0.01439306
0.01266676
0.01195418
0.01184301
0.01322215
0.01431097
0.01417834
0.01404643
0.01391553
0.01514764
0.01634608
0.01619394
0.01604329
0.01589236
0.01450759
0.01277257
0.0110509
0.009960827
0.009857291
0.008646369
0.006957342
0.00687769
0.006307306
0.004635155
0.00199687
-0.001235989
-0.002973705
-0.004933532
-0.00811099
-0.01041002
-0.01194636
-0.0148118
-0.017438
-0.01731881
-0.01792644
-0.01939884
-0.01964591
-0.01950784
-0.01937038
-0.01863683
-0.01690923
-0.01628133
-0.01616772
-0.01605499
-0.01594222
-0.01583047
-0.01571832
-0.01560836
-0.01839355
-0.02076876
-0.02061443
-0.02129246
-0.02272885
-0.02283317
-0.02266031
-0.02248768
-0.02161315
-0.01985159
-0.01929686
-0.01906286
-0.01732005
-0.01559124
-0.01387582
-0.01217389
-0.01048563
-0.008810305
-0.007148629
-0.005499674
-0.002927507
0.000283387
0.003467939
0.006626766
0.009759235
0.0128666
0.01594817
0.01900444
0.02184256
0.02325266
0.02533355
0.02831008
0.03009069
0.03136651
0.03109838
0.03083285
0.03056732
0.03030387
0.03004018
0.02824559
0.02682783
0.02659013
0.02452106
0.02110901
0.02053377
0.02004453
0.01826149
0.01728073
0.01711472
0.01567129
0.01409271
0.01395121
0.01248885
0.009166768
0.008172097
0.007989502
0.004701605
0.002507672
0.002457309
0.0003620465
-0.002862225
-0.003038424
-0.003449939
-0.005048457
-0.00573945
-0.005723161
-0.005706911
-0.00596816
-0.007546242
-0.009110636
-0.01066282
-0.01220157
-0.01387752
-0.01698651
-0.01879042
-0.0186662
-0.0207991
-0.02384905
-0.02687447
-0.02885092
-0.02864101
-0.02943363
-0.03081348
-0.03218163
-0.03276972
-0.03092672
-0.02997259
-0.02974668
-0.02815976
-0.02635142
-0.02455651
-0.02128428
-0.01633692
-0.01266578
-0.009126935
-0.002679799
0.003095417
0.00784618
0.01255808
0.0172311
0.02026862
0.02377233
0.02835206
0.03191546
0.03483066
0.0362532
0.03753587
0.03880678
0.03921367
0.03887218
0.0385318
0.03842829
0.03968552
0.04093031
0.04216407
0.04338643
0.04449008
0.04409348
0.04429643
0.04549521
0.04668297
0.04785835
0.0474477
0.04701887
0.04659039
0.04424768
0.04064741
0.03707472
0.03318824
0.02807624
0.02300571
0.01797468
0.01298419
0.008033035
0.003122908
-0.002451908
-0.008874309
-0.01405302
-0.0187858
-0.02347922
-0.02813406
-0.03275033
-0.03732849
-0.0418671
-0.04481443
-0.04769565
-0.05055035
-0.05150778
-0.05113602
-0.04791354
-0.04501782
-0.04469616
-0.04275618
-0.03925736
-0.0357856
-0.03253339
-0.03071082
-0.02821961
-0.02483346
-0.02147506
-0.01807819
-0.01317548
-0.00831366
-0.00349003
0.001293736
0.006039374
0.01074558
0.01541413
0.02004294
0.02463499
0.02918744
0.0322976
0.03519059
0.03805877
0.04090241
0.04372181
0.04651601
0.04911542
0.05026609
0.05140731
0.05253563
0.05135419
0.04928824
0.04723713
0.04466896
0.0410549
0.03644796
0.03130188
0.02468522
0.01884721
0.01543807
0.01116041
0.00621575
0.001311332
-0.003554085
-0.008380465
-0.0131676
-0.01791628
-0.02262538
-0.02729591
-0.03192766
-0.03715951
-0.04330546
-0.04827172
-0.0527292
-0.05714856
-0.06153097
-0.06587536
-0.06918211
-0.07186294
-0.07303116
-0.07369861
-0.07314443
-0.07172076
-0.06958213
-0.06609695
-0.0624046
-0.05873947
-0.05435814
-0.04915849
-0.04400043
-0.03875373
-0.03208027
-0.02546053
-0.0188934
-0.01237879
-0.005918085
0.0004927094
0.005870317
0.008991996
0.0140483
0.02029519
0.02649109
0.03227281
0.03677193
0.04123513
0.04565988
0.04870617
0.05147202
0.05421316
0.05620649
0.05730778
0.05718663
0.05646761
0.05277272
0.0491083
0.04547001
0.04077516
0.03560529
0.02890121
0.0222303
0.01561318
0.009048079
0.002535825
-0.002475901
-0.007640995
-0.01401816
-0.01951368
-0.02419762
-0.02752274
-0.03033126
-0.03173282
-0.03382644
-0.03679394
-0.03735143
-0.03718275
-0.03852474
-0.03927858
-0.03900434
-0.0387318
-0.03845938
-0.03663427
-0.03478175
-0.03294146
-0.0292421
-0.02425316
-0.0193057
-0.0140765
-0.007612807
-0.001201705
0.005157458
0.01146502
0.01752878
0.02213806
0.02670966
0.03124264
0.03339676
0.03474709
0.03761686
0.03935268
0.03898898
0.03862798
0.03826739
0.03637595
0.03486223
0.03452914
0.03419727
0.03386655
0.03353769
0.03291135
0.03099081
0.02829791
0.02481678
0.02136366
0.01776646
0.01277116
0.006496537
-0.001600304
-0.008479581
-0.0149435
-0.02446248
-0.03283735
-0.03901566
-0.04412188
-0.04861104
-0.0530627
-0.0574767
-0.06185328
-0.06440216
-0.06552686
-0.06802396
-0.07043294
-0.07150112
-0.0717925
-0.07124905
-0.0694518
-0.06747745
-0.06696363
-0.06517256
-0.06148009
-0.05894501
-0.05687342
-0.05324205
-0.04963949
-0.04606435
-0.04151571
-0.03640754
-0.03282963
-0.02900119
-0.02399082
-0.01989375
-0.01655159
-0.01187412
-0.007256358
-0.004016174
-0.002292613
-0.00228382
0.0001951752
0.003247167
0.004806236
0.005735211
0.005677553
0.004513546
0.00287046
0.002837194
0.001331733
-0.0034791
-0.007270078
-0.01041433
-0.01353197
-0.01662471
-0.01969153
-0.02188113
-0.02330838
-0.02606496
-0.02858275
-0.02835584
-0.02885584
-0.03022136
-0.03036172
-0.03011757
-0.0298743
-0.02963216
-0.02939058
-0.028064
-0.02623811
-0.02600097
-0.02437816
-0.01938562
-0.01539332
-0.01206814
-0.005874719
0.0002229253
0.005017015
0.009771161
0.01448804
0.02048605
0.02649713
0.03107539
0.03491367
0.0378255
0.03952101
0.04079749
0.04206244
0.04389131
0.04672447
0.04740337
0.04701373
0.04817908
0.04848013
0.0464793
0.04449464
0.04252318
0.0391407
0.03561478
0.03211572
0.02864414
0.02519925
0.02178197
0.01839183
0.01502844
0.01237313
0.0106536
0.00777523
0.004625408
0.004564866
0.003948467
0.002295981
0.0006561267
-0.0009696244
-0.001049761
-0.001493052
-0.003101975
-0.003781982
-0.003776001
-0.003770329
-0.003466025
-0.001865959
-0.00106785
-0.001083296
0.000178323
0.001748319
0.003305509
0.004189449
0.004129907
0.002921348
0.001319216
0.0012838
0.0007144734
-0.0009130397
-0.002527648
-0.004128224
-0.004204508
-0.004196177
-0.004187411
-0.004178696
-0.004170422
-0.005545903
-0.007398872
-0.01055682
-0.01292001
-0.01443603
-0.01719455
-0.02027084
-0.02332094
-0.02634636
-0.02934554
-0.03232053
-0.03524756
-0.03657513
-0.03789176
-0.03919614
-0.03948775
-0.03918156
-0.04036587
-0.04164491
-0.04291276
-0.0441686
-0.04541247
-0.04528217
-0.04517484
-0.04640689
-0.04688108
-0.04649951
-0.0461197
-0.04574152
-0.04536455
-0.04437153
-0.04240645
-0.0415644
-0.04121396
-0.03767269
-0.03465161
-0.03275856
-0.03088061
-0.0290153
-0.02569595
-0.02227565
-0.01888186
-0.01636728
-0.01461547
-0.01019478
-0.005770964
-0.004105325
-0.001727597
0.001502488
0.004707268
0.007778342
0.009334456
0.01087892
0.01240983
0.01392843
0.01543353
0.01535115
0.01571799
0.01720788
0.01772685
0.01760339
0.01748066
0.01701719
0.01530146
0.01360006
0.01191155
0.01023678
0.008361571
0.005118059
0.001901882
-0.001288504
-0.004452675
-0.007677357
-0.01238627
-0.01648073
-0.01952036
-0.02253539
-0.02552415
-0.02693411
-0.02829026
-0.02963382
-0.03002886
-0.02975989
-0.02949291
-0.0289064
-0.02704754
-0.02601277
-0.02577188
-0.02553193
-0.02529289
-0.02505485
-0.02481781
-0.02458211
-0.02551868
-0.02680649
-0.02655081
-0.02574354
-0.0238984
-0.02206853
-0.02025134
-0.01691602
-0.0131179
-0.008178996
-0.003281096
0.001577496
0.006396781
0.01147625
0.01781179
0.02409584
0.0303283
0.03650956
0.04229663
0.04518412
0.04870994
0.05313939
0.05523224
0.05645768
0.05922481
0.06090099
0.0604345
0.05792665
0.05428995
0.05219195
0.04978867
0.04621183
0.04176859
0.03665849
0.03297308
0.02897282
0.02236753
0.01658169
0.0116711
0.006800336
0.001818931
-0.004569153
-0.01026533
-0.01495814
-0.01961184
-0.02420628
-0.02718756
-0.03014534
-0.03307641
-0.03498256
-0.03627645
-0.03755927
-0.03844599
-0.03811109
-0.0360323
-0.03252289
-0.02904122
-0.02558653
-0.0221588
-0.01726662
-0.01071277
-0.005447888
-0.0005848646
0.004238291
0.008405033
0.01155885
0.01468767
0.01779021
0.02086758
0.02342843
0.0248622
0.02628414
0.02769318
0.02762102
0.02778489
0.02917957
0.02971045
0.02949125
0.02927386
0.02882186
0.02701114
0.02449029
0.02111741
0.01777103
0.01455888
0.01286134
0.01058043
0.007317536
0.004081755
0.0008708749
-0.003888717
-0.008160835
-0.01127127
-0.01627361
-0.02250722
-0.02579622
-0.02944387
-0.03557062
-0.03915375
-0.04041112
-0.04297667
-0.04558227
-0.04678153
-0.04797144
-0.04914805
-0.04793007
-0.04591248
-0.0439099
-0.04134627
-0.03778118
-0.03424375
-0.03073516
-0.02880687
-0.02693462
-0.0250768
-0.02229603
-0.01887748
-0.01405916
-0.009110997
-0.004202178
0.0006669402
0.005497884
0.01028831
0.01542522
0.02332847
0.02980206
0.03439428
0.04011874
0.04615689
0.0506122
0.05447735
0.05726607
0.0600321
0.06277113
0.06242198
0.06109602
0.05743597
0.0538069
0.05020269
0.04381746
0.03710097
0.0304373
0.02382682
0.01726949
0.0120434
0.007175998
0.002348697
-0.002440611
-0.00718931
-0.009600451
-0.01109942
-0.01258565
-0.01352673
-0.01339577
-0.01326643
-0.01313645
-0.0114961
-0.009784489
-0.008085704
-0.006400958
-0.004729235
-0.003071286
-0.0008716966
0.003948628
0.006428213
0.006400667
0.008886107
0.01187976
0.01340259
0.01491291
0.01641062
0.01676668
0.01669653
0.01977609
0.02180464
0.02164776
0.02249303
0.02392461
0.02385429
0.02367868
0.02350276
0.02245478
0.02069171
0.02030571
0.01938609
0.01445332
0.01105234
0.0093785
0.006483757
0.003250763
4.416584e-05
-0.003136848
-0.006291203
-0.008313004
-0.009828933
-0.01133283
-0.01282399
-0.01430234
-0.01478826
-0.01465433
-0.0159897
-0.01707748
-0.0169224
-0.01762071
-0.01905582
-0.01913778
-0.01896383
-0.01879051
-0.01861785
-0.01844613
-0.01827472
-0.01821148
-0.01963756
-0.02105038
-0.02245132
-0.02275392
-0.02254365
-0.02233378
-0.02165639
-0.01985605
-0.01902884
-0.01884331
-0.01576455
-0.013096
-0.01295864
-0.01115933
-0.007843712
-0.00455508
-0.001506315
0.000135181
0.002467081
0.005672856
0.007659603
0.009313226
0.01246356
0.01501169
0.01651823
0.01801283
0.0194938
0.01940857
0.01972982
0.0211958
0.02171214
0.02156476
0.02141804
0.02127169
0.02112604
0.02098087
0.02083635
0.02069222
0.02054885
0.02040581
0.02026366
0.02012131
0.01880895
0.01708153
0.01536763
0.01311309
0.009834058
0.006581961
0.003356309
0.0001563474
-0.003017894
-0.006165912
-0.008372428
-0.009880939
-0.01278226
-0.01525226
-0.0151062
-0.01496242
-0.01481793
-0.01339744
-0.01166928
-0.009954622
-0.008914032
-0.008817078
-0.007570102
-0.00593054
-0.005857463
-0.005251017
-0.003586183
-0.002956972
-0.002905902
-0.001343829
-0.0001154106
-8.764647e-05
-6.007065e-05
-3.199092e-05
0.001379645
0.002714068
0.002718874
0.003491376
0.005085965
0.005411283
0.005394553
0.005377455
0.00536079
0.005343709
0.005327223
0.005288406
0.003674933
0.002587418
0.002592251
0.0005956539
-0.002575076
-0.005720242
-0.008455605
-0.009956155
-0.01231763
-0.01538217
-0.01842076
-0.0214347
-0.0244233
-0.0266414
-0.02799011
-0.03056245
-0.03334484
-0.03463519
-0.03529666
-0.03497312
-0.03575909
-0.0370247
-0.03668289
-0.03634368
-0.03600514
-0.0356685
-0.03533253
-0.03352952
-0.03161334
-0.02971052
-0.02697091
-0.02350772
-0.02007226
-0.01666324
-0.0132816
-0.008478572
-0.001970479
0.002058338
0.005290035
0.008494945
0.01167437
0.01482721
0.01795482
0.02105547
0.02255557
0.02402287
0.0254772
0.02787787
0.03089537
0.033888
0.03617226
0.03592681
0.03734535
0.04028014
0.04055089
0.04005318
0.0381742
0.03631092
0.03446017
0.03143189
0.0280239
0.02464226
0.02128723
0.01795843
0.01252627
0.006077116
0.002787158
-0.0008408147
-0.005586903
-0.009356505
-0.01243733
-0.01691921
-0.02089358
-0.02228152
-0.02365913
-0.0250239
-0.02637737
-0.0275257
-0.02725991
-0.02699594
-0.02673311
-0.02764273
-0.02890388
-0.02862163
-0.02889606
-0.03020795
-0.0304655
-0.03016653
-0.02833617
-0.02688339
-0.02661043
-0.0245071
-0.02105945
-0.01763881
-0.01454447
-0.01277186
-0.009436257
-0.004511597
-0.0009041716
0.002526871
0.007355775
0.0108236
0.01239206
0.01509755
0.01822708
0.02133117
0.02440956
0.02746178
0.03048922
0.03348953
0.03344179
0.03363114
0.03500808
0.03547823
0.03524279
0.03777635
0.04015609
0.03987799
0.03883482
0.03696994
0.03511882
0.03328165
0.03145817
0.02900965
0.02562283
0.02339219
0.02162339
0.01829469
0.01448107
0.009612889
0.005785111
0.002583181
-0.0005926485
-0.003359289
-0.004890024
-0.005535751
-0.005452614
-0.005370349
-0.005288227
-0.00520667
-0.00437964
-0.002708793
-0.001051165
0.0004643673
0.0004994793
0.0005354977
0.0005706417
0.0006060048
0.0006407984
0.0006756433
0.0007101088
0.0007442368
-0.00020139
-0.001755471
-0.003297221
-0.004463602
-0.004386147
-0.003457763
-0.001792373
-0.000140428
0.001497751
0.003123384
0.004735306
0.006334985
0.00913475
0.01229432
0.01542766
0.01913216
0.02380431
0.02735233
0.03036189
0.03492102
0.03852439
0.03984278
0.04115018
0.04244541
0.04372886
0.04500027
0.04625982
0.04584693
0.04390426
0.04065617
0.0373713
0.03549433
0.03292801
0.02948856
0.02607636
0.02260471
0.01764964
0.01331007
0.01002631
0.006768093
0.003537098
0.001886083
0.0002894726
-0.001293724
-0.002864263
-0.00442201
-0.007393913
-0.00986984
-0.009773124
-0.009677561
-0.009582594
-0.01078704
-0.01189373
-0.01018206
-0.009167867
-0.009074273
-0.007811052
-0.006067645
-0.002806826
0.0004274589
0.003635536
0.004730242
0.004712686
0.007759651
0.01090728
0.01403016
0.01621014
0.01769349
0.02056833
0.02331206
0.02473445
0.02693416
0.02992186
0.03160744
0.03278843
0.03253334
0.03228005
0.03202741
0.03177594
0.03152552
0.03127579
0.03049425
0.02865451
0.02785227
0.02762708
0.02438098
0.02139694
0.01962726
0.01876547
0.01861149
0.01845821
0.0183053
0.01815344
0.01876838
0.02020791
0.02289085
0.02574127
0.02712054
0.0284889
0.02984445
0.03118843
0.03249855
0.03222187
0.03194759
0.03167354
0.03140136
0.03112918
0.02936828
0.02751574
0.02567631
0.02385145
0.02203974
0.01887941
0.01576712
0.01401946
0.01079356
0.005893408
0.001032111
-0.003789981
-0.008572968
-0.01331715
-0.0180221
-0.02158131
-0.0246226
-0.02763818
-0.03013831
-0.03151102
-0.03385265
-0.03678858
-0.03676275
-0.03684497
-0.03815831
-0.03775588
-0.03586733
-0.03399295
-0.03236765
-0.03211627
-0.03114051
-0.02930049
-0.02747423
-0.02566227
-0.02386403
-0.02267648
-0.02249642
-0.01905916
-0.01412001
-0.01079517
-0.007517416
-0.004266117
-8.241825e-05
0.004703752
0.009452181
0.01382048
0.01689742
0.0199498
0.02297582
0.02465694
0.02604796
0.02742589
0.02808994
0.02785344
0.02761882
0.02729869
0.02546958
0.0236553
0.02185455
0.0211332
0.02094672
0.01920764
0.01744018
0.01568616
0.01394586
0.01221914
0.0105058
0.00912616
0.009033683
0.008131643
0.006449667
0.003482202
0.0004342852
-0.001185212
-0.002791881
-0.004385941
-0.007137381
-0.01029161
-0.01342018
-0.01541502
-0.01530881
-0.01729085
-0.02035996
-0.0218719
-0.02288148
-0.02271143
-0.02162702
-0.01987026
-0.0181273
-0.01639793
-0.01468201
-0.0137682
-0.01366848
-0.01229207
-0.01060785
-0.008937045
-0.007939873
-0.007886426
-0.006682261
-0.005129152
-0.006695199
-0.007713607
-0.007660546
-0.006585737
-0.004945845
-0.003318701
-0.00211018
-0.002102183
-0.0003049025
0.002879994
0.006039749
0.008896271
0.01040994
0.01191169
0.01340053
0.01487711
0.01634123
0.01779261
0.01923145
0.02065782
0.02094358
0.02075897
0.0205749
0.02039182
0.02020934
0.02002771
0.01984667
0.01966652
0.01948712
0.01930833
0.01913063
0.01895262
0.0160502
0.01321733
0.01308684
0.01295609
0.01282602
0.01269671
0.01243954
0.01071534
0.009005963
0.007308922
0.004518665
0.001262501
-0.001968368
-0.005172872
-0.008351544
-0.01346401
-0.0197658
-0.02307824
-0.02611047
-0.02911532
-0.03124469
-0.0326112
-0.03530798
-0.03776558
-0.03747925
-0.03647077
-0.03459706
-0.03273801
-0.03099967
-0.03076427
-0.02933573
-0.02591871
-0.02252919
-0.01916621
-0.01582957
-0.01251989
-0.009236734
-0.005021521
-0.0002022469
0.004577769
0.009319057
0.01402124
0.0178547
0.02089065
0.02258044
0.02419458
0.02717696
0.02872818
0.02847899
0.0282323
0.02781369
0.02437619
0.02154342
0.01975244
0.01797535
0.01621182
0.01446214
0.01272598
0.01100337
0.00929437
0.007598712
0.005916967
0.003928327
0.0006788283
-0.00254385
-0.005740335
-0.007611826
-0.009363581
-0.01250497
-0.01561932
-0.01870891
-0.02177272
-0.02481136
-0.02782469
-0.03136724
-0.03592103
-0.03730564
-0.03702207
-0.03827154
-0.03872042
-0.03682404
-0.03585965
-0.03557952
-0.03249159
-0.02904625
-0.02562757
-0.02302464
-0.02124911
-0.01820972
-0.0150472
-0.0133352
-0.01097547
-0.007699369
-0.005599522
-0.00396257
-0.002338918
-0.0007278448
0.0008694251
0.001432184
0.00141612
0.001400226
0.001789306
0.003366721
0.004930605
0.006481718
0.006635496
0.006854427
0.008389269
0.009911855
0.01142051
0.01166127
0.01140999
0.009713424
0.008030834
0.00636174
0.005834409
0.005778412
0.005722732
0.005667287
0.005611919
0.005557185
0.005501745
0.003956842
0.002318814
0.0006936491
-4.497363e-05
-5.501678e-05
-6.489066e-05
-7.495456e-05
-8.465219e-05
0.0006508776
0.002231318
0.00379881
0.005225053
0.00517074
0.005118255
0.005064572
0.003904811
0.00226499
0.0006388122
-0.0009747152
-0.002574689
-0.004162312
-0.005735884
-0.005828029
-0.005792737
-0.005757055
-0.005721919
-0.005686558
-0.005651744
-0.005381991
-0.003752382
-0.002137279
-0.0005339673
0.002269497
0.005325644
0.006866903
0.008993199
0.01210083
0.01518359
0.01823848
0.01811907
0.01842812
0.01986006
0.01936329
0.01759462
0.01728801
0.01644764
0.01310389
0.009788167
0.006498208
0.003234325
0.0004239134
0.0004027331
-0.0003236259
-0.001935627
-0.002342856
-0.002342947
-0.002343197
-0.002343249
-0.002343454
-0.002343474
-0.00234362
-0.002343602
-0.002343706
-0.002343646
-0.002343704
-0.002343587
-0.002343628
-0.002343423
-0.002343576
-0.003152797
-0.004742606
-0.006318914
-0.007882167
-0.009432641
-0.01097063
-0.01249524
-0.01283621
-0.01274947
-0.01266278
-0.01313094
-0.01463643
-0.01612967
-0.01760951
-0.01754449
-0.01741666
-0.01728899
-0.01807802
-0.01953992
-0.02098932
-0.02212799
-0.02195857
-0.02179085
-0.02162273
-0.02017848
-0.0184268
-0.01668852
-0.01496383
-0.013253
-0.01155513
-0.009913684
-0.009839318
-0.009230906
-0.007564631
-0.00591115
-0.004271881
-0.004157026
-0.003721853
-0.002099008
-0.000489568
0.001106553
0.001305568
0.001569186
0.003148807
0.003948531
0.003912064
0.003876566
0.003691044
0.002060048
0.0004427651
-0.001161322
-0.001623823
-0.001615432
-0.001606705
-0.001598497
-0.001589454
0.0004207768
0.003604558
0.005272554
0.006821455
0.008357371
0.01075372
0.01385296
0.01692698
0.01971911
0.02114747
0.02181865
0.02163257
0.02144793
0.0212637
0.02108042
0.0202799
0.01850667
0.01563968
0.0123084
0.01219613
0.01110131
0.007803946
0.004533683
0.001289468
-0.001929125
-0.004396362
-0.004375588
-0.005207935
-0.006777075
-0.008333496
-0.009876685
-0.01140726
-0.01220129
-0.0121158
-0.01081755
-0.009147042
-0.007489784
-0.006442752
-0.006403416
-0.006363925
-0.00632464
-0.00628558
-0.006246628
-0.006207729
-0.006168985
-0.006130449
-0.006091986
-0.006053773
-0.006015447
-0.005146753
-0.003519738
-0.00322622
-0.002783267
0.0004221637
0.002896757
0.004458785
0.006007588
0.007629927
0.01074959
0.0138429
0.01691066
0.01888826
0.02031814
0.02173508
0.02314059
0.02453342
0.02497732
0.02475739
0.0245388
0.02432083
0.02410411
0.02388779
0.02367326
0.02475796
0.02613
0.02749004
0.02815641
0.0279019
0.02764873
0.02739654
0.02714543
0.02689557
0.02664629
0.02535481
0.02352044
0.02169988
0.01989349
0.01810072
0.01632236
0.01455726
0.01280606
0.01106821
0.009344335
0.007633626
0.005936638
0.004252886
0.002582951
0.0009263592
-5.640792e-05
-9.621731e-05
-0.001285537
-0.002911341
-0.004524044
-0.006123654
-0.007709979
-0.008260819
-0.008234244
-0.009718764
-0.01127508
-0.01281904
-0.013455
-0.01338498
-0.01469865
-0.01593581
-0.01584345
-0.01651902
-0.01801744
-0.01950381
-0.02082745
-0.02069287
-0.02055961
-0.0204263
-0.01916513
-0.01746788
-0.01735894
-0.01673783
-0.01503679
-0.0133495
-0.01167528
-0.01001453
-0.00836699
-0.006732784
-0.005984473
-0.005965303
-0.005945725
-0.005926513
-0.005907102
-0.006633796
-0.008204072
-0.009762407
-0.01105074
-0.009391471
-0.007747294
-0.006115566
-0.0056048
-0.005585969
-0.005567937
-0.005059247
-0.003448756
-0.001851034
-0.0002671833
-0.000164564
-0.0001896152
-0.0002150184
-0.0002398891
-0.0002649724
-0.0002895813
-0.0003143317
-0.0003387908
-0.001812333
-0.005016434
-0.005766942
-0.005747443
-0.005727349
-0.006304372
-0.007875892
-0.009434701
-0.01097972
-0.01093697
-0.0113433
-0.01287278
-0.01343032
-0.01334632
-0.01471036
-0.01586911
-0.01576332
-0.01565831
-0.01555362
-0.01544929
-0.01534537
-0.01524179
-0.01513869
-0.01503586
-0.01493351
-0.01483147
-0.01472988
-0.01462865
-0.0145275
-0.0133618
-0.01167475
-0.009999957
-0.008787192
-0.008732038
-0.00867714
-0.008621577
-0.007140197
-0.005501638
-0.003875519
-0.003072342
-0.003062265
-0.003051763
-0.003233397
-0.004818533
-0.00570763
-0.005675701
-0.006814872
-0.008305112
-0.008250567
-0.00819737
-0.008143715
-0.008090699
-0.00803748
-0.007984817
-0.007932016
-0.007879724
-0.007827216
-0.007775622
-0.009128765
-0.01006483
-0.008397105
-0.007531476
-0.007480319
-0.007429715
-0.007378864
-0.007328626
-0.007278175
-0.00722829
-0.007178166
-0.007128688
-0.007078886
-0.006496921
-0.004855099
-0.004251041
-0.004222506
-0.001172069
0.002021273
0.00519038
0.008332381
0.01144935
0.01315567
0.0146372
0.01610479
0.01679393
0.01664707
0.01650173
0.01620665
0.01446697
0.01338081
0.0132591
0.01200953
0.01028075
0.006990674
0.004238953
0.002594096
0.0009622392
-0.0006568312
-0.003753448
-0.006161643
-0.00612578
-0.007837601
-0.01097971
-0.0140977
-0.0171882
-0.02025476
-0.02180323
-0.02163856
-0.02270891
-0.02413087
-0.02554094
-0.0269387
-0.02832388
-0.02859027
-0.02836375
-0.02654228
-0.02473541
-0.0229418
-0.02018362
-0.0168289
-0.01350229
-0.01020078
-0.006927003
-0.003678243
-0.0004568373
0.002739657
0.005909047
0.009052415
0.01217158
0.01526315
0.01711764
0.01857327
0.0200166
0.02085013
0.02067731
0.02159183
0.02300727
0.02441139
0.02486466
0.02305854
0.02222699
0.02203615
0.01895181
0.01559657
0.01226612
0.009794682
0.008106555
0.005112796
0.001866401
-0.001352879
-0.004547093
-0.007713996
-0.009662437
-0.01127858
-0.01439068
-0.01747786
-0.02053816
-0.02357457
-0.02658351
-0.02801393
-0.02939098
-0.03075484
-0.03304498
-0.03597255
-0.03745018
-0.03906434
-0.0419413
-0.04317334
-0.04282115
-0.0424704
-0.0421214
-0.04177353
-0.04142748
-0.04108162
-0.03956741
-0.03757376
-0.03406363
-0.0311356
-0.02927114
-0.02637848
-0.02295442
-0.01955835
-0.01618813
-0.01284548
-0.008614282
-0.00373504
-0.0003017849
0.003213199
0.007995389
0.0119525
0.01506686
0.01688021
0.01835914
0.01982478
0.02127903
0.02271975
0.02414941
0.02552221
0.02533009
0.02407395
0.02069941
0.01939907
0.01925342
0.01759795
0.01546608
0.01215847
0.008879051
0.005624968
0.003782377
0.001888499
-0.001309847
-0.004480673
-0.007626793
-0.01074614
-0.0136911
-0.01516381
-0.01726542
-0.02030408
-0.02218982
-0.02357053
-0.02336382
-0.02315919
-0.02295508
-0.02475489
-0.02772632
-0.02769421
-0.02745031
-0.02720643
-0.02609093
-0.02426051
-0.02244387
-0.0206416
-0.01885269
-0.01782369
-0.01765206
-0.01501148
-0.01179869
-0.01007847
-0.008372143
-0.006678619
-0.004999261
-0.003332436
-0.001679815
-4.009084e-05
0.001586468
0.00222057
0.002232723
0.002244978
0.002257037
0.002269106
0.002280978
0.002292848
0.002304567
0.002316302
0.002327825
0.00233936
0.002350719
0.002362084
0.002373282
0.002384423
0.002395548
0.002406274
0.001330667
-0.0002452882
-0.001809417
-0.002890713
-0.002836341
-0.002782242
-0.002729132
-0.004123561
-0.00565418
-0.007172862
-0.007847686
-0.007751413
-0.007655926
-0.007346977
-0.005657476
-0.003982338
-0.002319663
-0.001863746
-0.001727997
-8.329478e-05
0.00154829
0.00316606
0.004771057
0.00636278
0.006387405
0.007265731
0.01043292
0.01170017
0.01163968
0.01300529
0.01452863
0.0160393
0.01753811
0.01902303
0.0191976
0.01907289
0.01894828
0.01882445
0.01870081
0.01857778
0.01845512
0.01833301
0.01821128
0.01809006
0.01796928
0.01784896
0.0177291
0.01718388
0.0154711
0.01377337
0.01208805
0.01041707
0.008459372
0.005220918
0.003585549
0.003577683
0.001015149
-0.001992584
-0.003549856
-0.005095653
-0.006627651
-0.008148131
-0.009611728
-0.009509724
-0.009409572
-0.009308935
-0.009209642
-0.009109509
-0.007498737
-0.006222155
-0.006146145
-0.004280631
-0.00102904
-0.000570091
1.57146e-05
0.003235462
0.004893319
0.004880173
0.00612331
0.007546227
0.007510376
0.007475618
0.007440374
0.007405692
0.00737072
0.007336209
0.007301429
0.007267145
0.00723256
0.007198526
0.007164075
0.007513964
0.009072749
0.00974596
0.009689798
0.008271357
0.006887548
0.006854643
0.006076111
0.004453047
0.001607526
-0.001318863
-0.001284592
-0.002487595
-0.005637471
-0.007653569
-0.009164192
-0.01066326
-0.01165873
-0.01153968
-0.01142149
-0.01130409
-0.01265653
-0.01339788
-0.01166623
-0.009949133
-0.008244562
-0.006554299
-0.004876693
-0.00321304
-0.001562107
7.498959e-05
0.001698835
0.003310258
0.00490785
0.006493243
0.008064526
0.008537499
0.008496478
0.008455411
0.008414605
0.008374066
0.01025109
0.0133854
0.01360035
0.01317582
0.0114977
0.01066573
0.01060378
0.009222908
0.007577087
0.005943915
0.005027221
0.00501049
0.002608757
-0.000408807
-0.0003801686
-0.001503295
-0.004659456
-0.005659386
-0.005589599
-0.007072987
-0.008138963
-0.008046864
-0.007956106
-0.007864652
-0.006348175
-0.004993481
-0.004926093
-0.003239686
5.358916e-06
0.001926877
0.003534782
0.005130157
0.007393371
0.01055261
0.01368681
0.01679422
0.01987775
0.0218259
0.02167365
0.02361059
0.02663342
0.02810033
0.02906406
0.02884906
0.02863561
0.02842274
0.02821076
0.02799962
0.02778923
0.02757995
0.02737078
0.02588523
0.02409245
0.02231358
0.02120912
0.02104783
0.01973742
0.01794821
0.01461928
0.01238307
0.01229074
0.01015392
0.006887552
0.003646085
0.0004321333
-0.002755714
-0.004129458
-0.004089502
-0.006817237
-0.009668251
-0.0111779
-0.01190799
-0.01180253
-0.01169771
-0.01159342
-0.01148923
-0.01074698
-0.009052421
-0.008501309
-0.008376793
-0.005104173
-0.002882066
-0.002846651
-0.0008099459
0.00240104
0.004095365
0.005670967
0.007232517
0.008782321
0.01031792
0.01047893
0.01066095
0.01218126
0.01368908
0.01518334
0.01543088
0.01531489
0.0151989
0.01570186
0.01717764
0.01864189
0.02009202
0.01993392
0.01977759
0.0196213
0.01946605
0.01931107
0.01915693
0.01900328
0.01885038
0.01869796
0.01854625
0.0183951
0.01824464
0.01809466
0.01794529
0.01779661
0.01764848
0.01750102
0.01735405
0.01720784
0.01706208
0.01691705
0.01677238
0.01662863
0.01601621
0.01428128
0.01255936
0.01085231
0.01060556
0.01050836
0.01041197
0.01031605
0.01022004
0.008804571
0.00712495
0.005457795
0.004507389
0.0044579
0.005600571
0.007136921
0.008661603
0.009597657
0.009504973
0.009412821
0.009321203
0.009229689
0.009138808
0.009048141
0.008958081
0.00886816
0.00877887
0.008689712
0.008601366
0.009322535
0.01082439
0.01231385
0.01359775
0.01346652
0.01333699
0.01320782
0.01542323
0.01833764
0.01816497
0.01799452
0.01782431
0.01765497
0.01748636
0.01731836
0.01715135
0.01698463
0.01681916
0.01665345
0.01508383
0.01333598
0.01160108
0.01066843
0.01055077
0.01043335
0.0103165
0.01020023
0.01008449
0.009969218
0.009854509
0.00974029
0.00962666
0.009513413
0.00940077
0.009288565
0.009177013
0.009065776
0.008955279
0.008844988
0.008735745
0.008625926
0.007133136
0.005440726
0.00376086
0.002861881
0.002798956
0.002736382
0.00267395
0.002612053
0.002550081
0.002489164
0.003556415
0.00508222
0.006596025
0.007585746
0.007481807
0.007379007
0.007276172
0.007174355
0.006688905
0.004994831
0.003314256
0.001646799
0.001356076
0.001300068
0.001245079
0.001189685
0.001135602
0.002316568
0.00384815
0.00536708
0.006255999
0.006158682
0.006062308
0.005966258
0.005870781
0.005775679
0.005681092
0.005586955
0.005493308
0.00540007
0.005307271
0.005214985
0.005123124
0.005031757
0.004940763
0.004850342
0.004760264
0.004670767
0.004581377
0.004492987
0.004297413
0.00261405
0.0009443549
-0.0007114737
-0.001268096
-0.0013108
-0.001352722
-0.001863815
-0.003497599
-0.005118742
-0.006725469
-0.006872056
-0.007210474
-0.00880086
-0.01037834
-0.01194231
-0.01349395
-0.01503207
-0.01655793
-0.0173675
-0.01727738
-0.01837984
-0.01987599
-0.02136044
-0.02225649
-0.02212372
-0.02199165
-0.02186001
-0.02172882
-0.02159814
-0.02146775
-0.02133796
-0.02120851
-0.02107964
-0.0209511
-0.02082304
-0.02069558
-0.02056806
-0.01914229
-0.01743059
-0.01573221
-0.01472936
-0.01464765
-0.01339522
-0.01172809
-0.01007447
-0.008432959
-0.006805714
-0.005190107
-0.003589437
-0.003533297
-0.003540768
-0.003548193
-0.003555932
-0.003562312
-0.0007584281
0.001805678
0.001754021
0.001703684
0.001653192
0.001603266
0.001553364
0.001503879
0.001454541
0.001405641
0.001356824
0.001308467
0.00126015
0.001212421
0.001164534
0.001117466
0.001069646
-0.0004885219
-0.001713942
-0.001738116
-0.00265733
-0.004269313
-0.004485399
-0.004487425
-0.004489194
-0.004490836
-0.004492653
-0.004493822
-0.004793819
-0.007986865
-0.009872912
-0.00983024
-0.009787588
-0.009745422
-0.00970291
-0.009660969
-0.0096186
-0.00957701
-0.00953442
-0.008002006
-0.006760655
-0.006741211
-0.005847998
-0.004239473
-0.00400707
-0.00375261
-0.002160705
-0.000581507
0.0009839666
0.001301928
0.001256741
0.001211272
0.001166549
0.001121665
0.001077438
0.00103297
0.0009892172
0.0004550697
-0.00118041
-0.002803068
-0.004411857
-0.00600839
-0.007228635
-0.007205207
-0.008034447
-0.009599816
-0.009811748
-0.009767164
-0.009722263
-0.01112632
-0.0142622
-0.01494433
-0.01485652
-0.01476853
-0.01468119
-0.01459384
-0.01450702
-0.0144203
-0.01433403
-0.01424786
-0.01416215
-0.01407659
-0.01399144
-0.01390645
-0.01382182
-0.0137376
-0.01448422
-0.01598937
-0.01748273
-0.01874939
-0.01862211
-0.01849613
-0.01837022
-0.01824499
-0.01812008
-0.01799567
-0.01844726
-0.01991573
-0.02137088
-0.02281298
-0.02268909
-0.02252439
-0.02235932
-0.02219555
-0.02203187
-0.02186934
-0.02170696
-0.02154546
-0.02057493
-0.01882498
-0.01708864
-0.01555827
-0.01544392
-0.01532955
-0.0152153
-0.01393076
-0.01223096
-0.01054492
-0.008871721
-0.007212205
-0.005565504
-0.003932378
-0.002311914
-0.0007048854
0.0008887266
0.001554461
0.00153411
0.001513968
0.001493952
0.001474018
0.001454249
0.001434515
0.001414982
0.001395481
0.0013762
0.001356873
0.001337814
0.001318706
0.001299904
0.001280971
0.001262444
0.001243652
0.001225552
0.00120647
-0.0003230766
-0.001925032
-0.003513705
-0.004195006
-0.004169726
-0.005527457
-0.007086664
-0.008632732
-0.009399521
-0.009330764
-0.01051842
-0.01203555
-0.01353984
-0.01439257
-0.01428076
-0.0141697
-0.01405899
-0.0139487
-0.01383894
-0.01372924
-0.01261905
-0.01092291
-0.009239268
-0.00795346
-0.007890142
-0.006953093
-0.005301062
-0.005025301
-0.004727776
-0.003093067
-0.002217352
-0.002198971
-0.002180502
-0.002162125
-0.002143765
-0.002125534
-0.002107218
-0.00208927
-0.002070538
-0.0004557661
0.0001645506
-0.001431458
-0.002034861
-0.002016874
-0.001998925
-0.001981018
-0.001963341
-0.002797569
-0.004368752
-0.005927719
-0.007238616
-0.007176765
-0.007840248
-0.009369837
-0.01088653
-0.01228342
-0.01217901
-0.01207577
-0.01197289
-0.01295619
-0.01444137
-0.01591379
-0.01690502
-0.01675999
-0.01661601
-0.01647247
-0.01632956
-0.0161872
-0.01604541
-0.01590439
-0.0157637
-0.01562334
-0.01548386
-0.01534472
-0.01450294
-0.01277472
-0.01105987
-0.009358896
-0.007670811
-0.00599663
-0.004335758
-0.002687702
-0.001052807
0.002123846
0.004419273
0.004400026
0.005318533
0.00688792
0.008444983
0.009988705
0.01152
0.01222883
0.01214492
0.01206163
0.01197857
0.01189586
0.01181348
0.01173145
0.01164974
0.01156836
0.01148731
0.01140662
0.01132625
0.01124612
0.0111664
0.01108695
0.01100791
0.01092908
0.01085071
0.01077251
0.01069484
0.01031888
0.008647781
0.006990245
0.005346061
0.003714798
0.00209699
0.0004918855
-0.001099792
-0.002678909
-0.004244707
-0.005797452
-0.007338174
-0.008865373
-0.01038048
-0.0108602
-0.01076277
-0.01217618
-0.01366275
-0.01513623
-0.0157033
-0.0155634
-0.01542413
-0.01528552
-0.01514737
-0.01500967
-0.01487269
-0.0147362
-0.01460036
-0.01446494
-0.01433025
-0.01419598
-0.01406242
-0.01392915
-0.01379672
-0.01315301
-0.01142972
-0.009719417
-0.008023872
-0.007831341
-0.007361582
-0.005682653
-0.004018123
-0.002366065
-0.0007280022
0.0008970947
0.002509333
0.003362824
0.003358569
0.003354846
0.00335071
0.00334699
0.003342762
0.003339212
0.0033346
0.003332067
0.006521283
0.00870278
0.008654627
0.008606991
0.008559591
0.008512218
0.008465144
0.008418288
0.00922361
0.01076581
0.01229609
0.01357826
0.01348787
0.01339869
0.01330942
0.01322082
0.01313231
0.01304429
0.01295651
0.0128692
0.0127821
0.01269546
0.01260904
0.01252315
0.01243737
0.01235215
0.01226698
0.01218258
0.0114148
0.008143999
0.006562332
0.006522261
0.005162928
0.003538033
0.00192694
0.0003280979
-0.001256873
-0.002829958
-0.004303326
-0.004253988
-0.004206005
-0.004157694
-0.005175372
-0.006713758
-0.006686711
-0.006169927
-0.004508597
-0.003797628
-0.003751127
-0.00370491
-0.003658839
-0.003612943
-0.003567445
-0.003521513
-0.002177344
-0.000547286
0.001070571
0.00199303
0.001993713
0.001994495
0.001995328
0.001996033
0.001996854
0.001997515
0.001998295
0.001998941
0.001999696
0.002000306
0.002001022
0.002001608
0.00200229
0.002002844
0.002003488
0.002004019
0.00200463
0.002005135
0.002005705
0.002006196
0.002006706
0.002007237
0.002007463
0.0008579444
-0.0006852425
-0.0006621648
-0.001173217
-0.00274301
-0.003276937
-0.003233132
-0.003189433
-0.003146026
-0.003102713
-0.003059693
-0.003016781
-0.002974108
-0.002931633
-0.002889217
-0.002080398
-0.0004480696
0.001170179
0.002776089
0.004368233
0.00594815
0.007514312
0.009068595
0.01058723
0.01051857
0.01096312
0.01248752
0.0139999
0.01549872
0.01698594
0.01807599
0.01794431
0.01781356
0.0176833
0.0175535
0.01742437
0.0172955
0.01716749
0.01703956
0.01691276
0.01665793
0.0149359
0.0132286
0.01153427
0.01096077
0.0108802
0.01080008
0.01072024
0.01064051
0.01056166
0.01048176
0.007465413
0.004943841
0.004910223
0.004876326
0.004842293
0.004809026
0.004306336
0.001084245
-0.0006632499
-0.0006524622
-0.0006416693
-0.0006312075
-0.0006204676
-0.000610103
-0.0005994095
-0.0005891489
-0.0005785177
-0.0005683571
-8.884497e-05
0.001514207
0.003103627
0.004679956
0.004795341
0.0047622
0.004728706
0.004695671
0.004662556
0.004629744
0.004596907
0.004564294
0.005235408
0.006792679
0.005952516
0.004398146
0.004366805
0.004334992
0.004303488
0.004272051
0.00424078
0.004209642
0.00417861
0.004147737
0.004116978
0.004086375
0.004055849
0.00402548
0.00399524
0.003965142
0.003935153
0.003905299
0.003875577
0.003845987
0.003816508
0.003787148
0.003757943
0.003728839
0.00369989
0.003671017
0.00364234
0.003613722
0.003585284
0.003556841
0.003528735
0.00350047
0.003472774
0.003444303
0.002011805
0.0003994518
-0.0011995
-0.001997844
-0.001981382
-0.001964967
-0.001948775
-0.001932439
-0.001916367
-0.00190014
-0.00188421
-0.001868089
-0.00185224
-0.001836315
-0.001820245
0.0002410616
0.003430349
0.003572495
0.003544973
0.003516596
0.003489014
0.003461043
0.003433618
0.003405922
0.003378728
0.003351274
0.003324354
0.003296954
0.003420057
0.004988397
0.006543747
0.008085675
0.008486468
0.008416783
0.008346871
0.008277753
0.00820843
0.00813996
0.008071146
0.008003342
0.007167721
0.003914377
0.002433322
0.002410124
0.002387067
0.002363982
0.002341115
0.002318287
0.00229559
0.002273043
0.002250482
0.002228211
0.002205755
0.002183901
0.002161268
0.002140647
0.005312047
0.007475725
0.007409987
0.007344636
0.007279894
0.007215049
0.007150845
0.00708677
0.008726624
0.01184185
0.01224758
0.01214122
0.01203469
0.0119291
0.01182357
0.01171882
0.01161422
0.01151033
0.0102128
0.006927794
0.005841095
0.005782253
0.005724455
0.00472821
0.001485171
0.0001872353
0.0001733277
-0.001287992
-0.00288487
-0.004469847
-0.005209945
-0.005180092
-0.007790075
-0.01050298
-0.01042769
-0.01105703
-0.01257375
-0.01407783
-0.01548335
-0.01536609
-0.01525018
-0.01513431
-0.01501914
-0.0149042
-0.01478986
-0.01467589
-0.01456244
-0.01444933
-0.01433676
-0.01422458
-0.01411293
-0.01400143
-0.01308118
-0.01138171
-0.01099409
-0.01071418
-0.009031662
-0.007363491
-0.005708648
-0.004065996
-0.002501468
-0.002481949
-0.002461524
-0.002441373
-0.001378016
0.0002296578
0.00182406
0.003405238
0.004974669
0.006530281
0.008073287
0.008197412
0.008429899
0.009956482
0.01147118
0.01297168
0.0131829
0.01307359
0.0129647
0.01219537
0.01049693
0.00881117
0.007182887
0.007120719
0.007057837
0.006995356
0.004887756
0.001652334
0.001464433
0.001041212
-0.0005693361
-0.002166496
-0.003749773
-0.003937262
-0.003911002
-0.003884596
-0.005392176
-0.008545722
-0.009160172
-0.009090774
-0.009020923
-0.008951968
-0.008882734
-0.008814251
-0.008745579
-0.008677627
-0.008609489
-0.008542041
-0.00847443
-0.008407539
-0.008340422
-0.008274096
-0.008207422
-0.008141799
-0.008075218
-0.006647048
-0.004997061
-0.003360395
-0.002481445
-0.002460879
-0.002439881
-0.002419348
-0.002398503
-0.002378171
-0.002357382
-0.002337412
-0.002316242
-0.0006995497
0.000413545
0.0004113501
0.0004098878
0.0004074658
-0.001063679
-0.002286612
-0.002266069
-0.002246118
-0.002226003
-0.00220613
-0.002186189
-0.002166462
-0.002146673
-0.002127102
-0.002107458
-0.002088035
-0.002068552
-0.002049236
-0.002030101
-0.003097619
-0.00466469
-0.004644434
-0.00507299
-0.006624105
-0.006246001
-0.0045959
-0.002958002
-0.001675409
-0.001657967
-0.001640218
-0.001622516
-0.001605088
-0.001587443
-0.001570094
-0.0001467056
0.003051427
0.003838156
0.003811729
0.003785102
0.003758682
0.003732647
0.004770993
0.006332555
0.007880839
0.00896914
0.008899436
0.009767791
0.01128682
0.01279376
0.01396845
0.01385615
0.0121258
0.008837283
0.008170962
0.008104461
0.008038724
0.007973071
0.007907617
0.007842928
0.007650152
0.004391548
0.002271631
0.002251504
0.002231837
0.002211071
0.0006580723
-0.0009448097
-0.002535466
-0.003196492
-0.00317246
-0.003148212
-0.003124474
-0.003100497
-0.004653459
-0.007808753
-0.00838325
-0.007973904
-0.004716669
-0.002808322
-0.002785617
-0.002763321
-0.002740568
-0.002718443
-0.002695953
-0.002673627
-0.0006058287
0.002589663
0.002738217
0.002716829
0.002695006
0.003568188
0.005135002
0.00668996
0.007954015
0.007888534
0.007824034
0.007759496
0.007695444
0.007631515
0.007567828
0.007504484
0.007441351
0.007378583
0.007315927
0.007253701
0.00668062
0.005026347
0.003386096
0.001758965
0.001635303
0.001234008
-0.0003758856
-0.001973308
-0.003556516
-0.003764996
-0.003738472
-0.003711585
-0.005176308
-0.008328532
-0.008986945
-0.008917085
-0.008847074
-0.008777635
-0.008708245
-0.008639269
-0.008570516
-0.008502015
-0.008433873
-0.008365805
-0.008298429
-0.008230419
-0.006693886
-0.005043531
-0.003405282
-0.002633276
-0.002610329
-0.001246587
0.0003609911
0.001955095
0.002811998
0.002790215
0.002768575
0.002747189
0.002725639
0.00270445
0.002683356
0.004836005
0.007986546
0.006388013
0.004740796
0.003106101
0.002443246
0.002422823
0.00240309
0.002382884
0.002363221
0.002343276
0.002323728
0.002304021
0.002284596
0.002264987
0.0008398752
-0.002360504
-0.003148942
-0.003124762
-0.003099752
-0.003075653
-0.00305093
-0.003026943
-0.003002453
-0.002978616
-0.002954328
-0.002930663
-0.002906577
-0.002883081
-0.002859186
-0.002835869
-0.002812161
-0.002789029
-0.002765494
-0.002742544
-0.002719205
-0.002696364
-0.001991059
-0.000378082
0.001222931
0.002745186
0.002723394
0.002702569
0.002681485
0.002660633
0.002639833
0.002619083
0.002598552
0.002577891
0.002557646
0.002536759
0.001110961
-0.0001948426
-0.0001926501
-0.0001908803
-0.0001893101
-0.001465341
-0.002878061
-0.002853845
-0.002830354
-0.002806719
-0.002783269
-0.002759892
-0.00273659
-0.002713409
-0.002690274
-0.002667286
-0.002644325
-0.002621529
-0.002598734
-0.002576139
-0.002553525
-0.002531104
-0.002508659
-0.00248643
-0.002464163
-0.002442116
-0.002420017
-0.002398159
-0.002376252
-0.002354535
-0.00233289
-0.002310937
-3.199451e-05
0.003119568
0.003095619
0.003073789
0.003051031
0.003029021
0.003006607
0.002984671
0.00296251
0.002940717
0.002918749
0.002897126
0.002875369
0.002853915
0.002832299
0.00281104
0.002789593
0.002768544
0.002747248
0.002726312
0.001468725
-0.001733473
-0.002695473
-0.002672644
-0.00264941
-0.002626734
-0.002603735
-0.002581201
-0.002558412
-0.00253604
-0.002513427
-0.00249124
-0.0024688
-0.00244682
-0.002424528
-0.002402743
-0.002380678
-0.003083323
-0.004651811
-0.006207854
-0.007429139
-0.004172065
-0.002136828
-0.002115952
-0.002095507
-0.002074556
-0.002054288
-0.002033599
-0.002013194
-7.513092e-05
0.003119728
0.003395317
0.003372038
0.003348251
0.003324847
0.003301402
0.003278085
0.003254914
0.003231695
0.003208795
0.003185665
0.00316316
0.003054912
0.00143591
-0.0001686049
-0.001760745
-0.002274877
-0.002253697
-0.002232329
-0.002211326
-0.002190171
-0.002169297
-0.002148363
-0.002127622
-0.002106912
-0.002086266
-0.002065886
-0.002045015
-0.0007257182
0.0008801061
0.002472659
0.002688238
0.001074547
0.001816863
0.003272133
0.001651908
0.001154884
0.002744443
0.00223427
0.0006241269
0.0005594089
0.0001311925
-0.00146274
-0.002127862
-0.0021061
0.0007254653
0.003317186
0.003292884
0.003269784
0.003246322
0.003223211
0.003200019
0.003177015
0.003154044
0.003131211
0.003108443
0.003085756
0.003063169
0.002507727
0.0008937329
0.0003150185
0.000314452
0.0003143828
-9.121023e-05
-0.001684163
-0.002369948
-0.002348338
-0.002326865
-0.002305499
-0.002284209
-0.002263025
-0.002241911
-0.00222089
-0.002199964
-0.002179132
-0.002158369
-0.0021377
-0.00211712
-0.002096637
-0.002076223
-0.002055923
-0.002035675
-0.002015574
-0.001995458
-0.001975564
-0.001571965
4.149111e-05
0.0007671861
0.0007654216
0.002125972
0.003452459
0.003427716
0.003403877
0.003379668
0.003355917
0.00333195
0.003308346
0.003284562
0.003261168
0.00323756
0.00321435
0.003190877
0.003167937
0.003144514
0.003122047
0.00309795
0.0001363263
-0.002328677
-0.002306801
-0.002285915
-0.002264772
-0.002243908
-0.002222978
-0.002202322
-0.002181431
-0.00216147
-0.004568696
-0.007506532
-0.007441088
-0.007377748
-0.007313709
-0.00725059
-0.007187259
-0.007124554
-0.00706181
-0.006999415
-0.005979189
-0.004328987
-0.002692045
-0.00140932
-0.001392238
-0.001375027
-0.001357607
-0.001340931
-0.0008973671
0.002308671
0.004082785
0.004055605
0.00402865
0.004001924
0.003975079
0.003948511
0.003921915
0.003895513
0.003869153
0.00384289
0.003816819
0.003790632
0.003765014
0.003738205
0.000858685
-0.001695101
-0.001676185
-0.001658124
-0.001639988
-0.00162189
-0.001603975
-0.001586053
-0.001568202
-0.001550891
-0.003875928
-0.006902476
-0.006839929
-0.006779317
-0.00671822
-0.006657765
-0.006597402
-0.006537329
-0.006903838
-0.008437026
-0.009957668
-0.0114647
-0.0115544
-0.0114528
-0.01135064
-0.01124986
-0.01114849
-0.01104875
-0.01060735
-0.007316785
-0.005375607
-0.005321004
-0.005266317
-0.005211904
-0.005157752
-0.005103814
-0.005050167
-0.0049967
-0.004943485
-0.00489052
-0.004837799
-0.004785309
-0.004733039
-0.004681046
-0.004629248
-0.004577752
-0.004526331
-0.004475495
-0.004423973
-0.001859867
0.001062173
0.001067325
0.001074039
0.001079942
0.001086269
0.001092183
0.001098329
0.001104187
0.00111019
0.001115972
0.001121854
0.00112755
0.001133322
0.001138919
0.001144586
0.001150091
0.001155647
0.001161057
0.00116651
0.001171832
0.001177189
0.001182402
0.001187663
0.001192785
0.001197942
0.001202966
0.00120802
0.001212973
0.001217905
0.001222828
0.001227445
0.0002523244
-0.001330671
-0.002901632
-0.004096514
-0.004047782
-0.003999841
-0.00395194
-0.003904334
-0.003856949
-0.003809775
-0.004487186
-0.00603046
-0.005133301
-0.003586183
-0.003540736
-0.003494876
-0.003449464
-0.003404149
-0.003359133
-0.003314297
-0.003269695
-0.003225249
-0.003181088
-0.003137104
-0.003093352
-0.003049824
-0.003006355
-0.002132523
-0.0005005639
0.001118673
0.00251145
0.002509365
0.002508241
0.002506517
0.002505174
0.002503454
0.002501988
0.002500258
0.002498735
0.002496943
0.002495355
0.002493504
0.002491814
0.002490182
0.004363368
0.007536668
0.007833127
0.007468223
0.005828241
0.005822175
0.00738807
0.007642528
0.007597389
0.007552507
0.006144428
0.002918499
0.002061667
0.002060838
0.002060523
0.002059698
0.002059246
0.002058412
0.002057867
0.002056995
0.002056319
0.002055676
0.003887201
0.007061974
0.007402284
0.007358125
0.007313289
0.007269203
0.007224794
0.007180915
0.007136854
0.007093247
0.00704949
0.007006145
0.006962695
0.006919649
0.006876488
0.0068337
0.006790982
0.007770666
0.009315472
0.009336522
0.008868256
0.007210949
0.006462171
0.006420592
0.006379479
0.006338165
0.006297298
0.006256264
0.006215677
0.006174942
0.00613463
0.006094158
0.006054148
0.006013948
0.005974232
0.005934203
0.005894808
0.004831808
0.001609108
0.001523996
0.001527846
0.00153185
0.001535416
0.001539163
0.001542545
0.001546029
0.0015492
0.001552435
0.00155539
0.001558382
0.001561089
0.00156384
0.001566336
0.001568842
0.001571094
0.001573361
0.001575387
0.001577395
0.00157919
0.001580902
0.001582679
0.002559921
0.004140521
0.005706004
0.006895621
0.006845954
0.006796327
0.006746378
0.006695858
0.006878
0.008408215
0.009922026
0.01141862
0.01169734
0.01159318
0.01148801
0.01138287
0.01127686
0.01117077
0.0110639
0.01095694
0.01084931
0.01074153
0.01063306
0.01052455
0.01041538
0.01030618
0.01019631
0.01008648
0.009975993
0.009865573
0.009754451
0.009643377
0.008157251
0.004945636
0.004094918
0.004039187
0.003983772
0.003928028
0.003871942
0.001747645
-0.001379495
-0.001459627
-0.001458376
-0.001456193
-0.003265716
-0.00632192
-0.006592137
-0.00653146
-0.006470184
-0.006409013
-0.006347598
-0.006286099
-0.006224539
-0.006162795
-0.006101034
-0.006039073
-0.005977194
-0.00591506
-0.005853044
-0.005790836
-0.00572841
-0.003689297
-0.0006317515
-0.0005100764
-0.0005088685
-0.0005083788
-0.0005075986
-0.0005068634
-0.0005063811
5.362802e-05
0.003034583
0.004501181
0.004438933
0.004376398
0.004314255
0.004251687
0.004189507
0.004126933
0.004064725
0.004002164
0.003940013
0.003877428
0.003815423
0.003752624
0.003691516
0.006393918
0.008468317
0.008340525
0.006585763
0.003582269
0.003131993
0.003070344
0.00300938
0.002948204
0.002887149
0.002826513
0.002497035
-0.0004176846
-0.002144301
-0.002138271
-0.002132011
-0.002126173
-0.002119768
-0.002113827
-0.002107353
-0.002101334
-0.002094782
-0.002088676
-0.002082096
-0.002075715
-0.0005451564
0.002216643
0.002567094
0.002506123
0.00244488
0.00238406
0.002323273
0.002262712
0.0022023
0.002142087
0.002082087
0.002022231
0.001962631
0.001903168
0.001843997
0.001784937
0.001726187
0.001667558
0.00160928
0.001551084
0.001493275
0.001435538
0.001378245
0.001320961
0.001264145
0.001207376
0.001150981
-9.20194e-05
-0.002736881
-0.003356286
-0.003342052
-0.003327298
-0.003312862
-0.003298071
-0.003283472
-0.003268623
-0.003253901
-0.003238975
-0.00322415
-0.003209159
-0.003194226
-0.003179156
-0.003164142
-0.003148998
-0.003133903
-0.003118689
-0.003103524
-0.003088253
-0.003073018
-0.003057686
-0.003042399
-0.003027011
-0.003011667
-0.002996228
-0.002980841
-0.002965386
-0.002949943
-0.002934418
-0.002918948
-0.002903388
-0.002887881
-0.002872287
-0.002856759
-0.002841143
-0.002825592
-0.002809944
-0.002794376
-0.002778717
-0.002763137
-0.002747457
-0.002731873
-0.002716189
-0.002700604
-0.002684898
-0.00266932
-0.002653614
-0.002638048
-0.002622339
-0.002606792
-0.002591083
-0.002575556
-0.002559882
-0.002544191
-0.001267262
0.0009146491
0.001125469
0.001070687
0.001015793
0.0009615651
0.0009075744
0.0008540543
0.0008008988
0.0007481917
0.001572585
0.003611914
0.004088292
0.003966977
0.003846062
0.003726379
0.003607204
0.003489159
0.00337173
0.003255393
0.003139701
0.003025044
0.002911124
0.002798233
0.002686096
0.002574964
0.00246463
0.0023553
0.002246777
0.002139224
0.002032546
0.001926825
0.001822006
0.001718105
0.001615174
0.001513136
0.001412073
0.0007058734
-0.001261801
-0.002004444
-0.002033069
-0.002060886
-0.002088597
-0.002115643
-0.003144083
-0.00496871
-0.005197182
-0.005154448
-0.005111542
-0.005068713
-0.005026298
-0.006353313
-0.007898989
-0.007787869
-0.007678287
-0.007568845
-0.007460315
-0.00735215
-0.007244809
-0.007137905
-0.007031801
-0.006926128
-0.006821297
-0.006716875
-0.006801429
-0.007517977
-0.007336245
-0.006396269
-0.006163183
-0.00606299
-0.005963688
-0.005864948
-0.005766699
-0.004467903
-0.002936879
-0.002906744
-0.002876101
-0.002845595
-0.002815433
-0.00278454
-0.001258567
-0.0002045649
-0.000240481
-0.0002758702
-0.0003108021
-0.0003454416
-0.0003795622
-0.0004133111
-7.255566e-05
0.0005981656
0.001244862
0.001773656
0.001676918
0.001581481
0.00148694
0.001393434
0.001300971
0.001209457
0.001119112
0.001029615
0.0009415084
0.0008536593
-0.0004907478
-0.001461128
-0.001481372
-0.001501366
-0.001520865
-0.001539897
-0.001558466
-0.001576604
-0.001594157
-0.001611597
-0.002591926
-0.003609837
-0.003563533
-0.003517938
-0.003472341
-0.003427067
-0.003381927
-0.003337057
-0.003292365
-0.003247924
-0.003203673
-0.003159676
-0.003115872
-0.003072327
-0.003028976
-0.002985896
-0.002943002
-0.002900394
-0.002857972
-0.002815787
-0.002297543
-0.00131996
-0.001140321
-0.001154509
-0.001168374
-0.001181623
-0.001194348
-0.0008866834
-0.0004717209
-7.72352e-05
0.0001542045
9.131485e-05
2.974632e-05
-3.053037e-05
-8.957178e-05
-0.0001472898
-0.0002037936
-0.0002589996
-0.0003129674
-0.0003656434
-0.0004170834
-0.0004672643
-0.0005161679
-0.0005639269
-0.0008896978
-0.001273617
-0.001637421
-0.001845409
-0.001840817
-0.001835785
-0.001830365
-0.001824452
-0.001818165
-0.00181147
-0.002187931
-0.00276628
-0.002756068
-0.002705288
-0.002654732
-0.002604633
-0.002554849
-0.002505472
-0.002456445
-0.002407803
-0.002359529
-0.002311631
-0.002264107
-0.002216956
-0.002170188
-0.002123784
-0.002077767
-0.002032115
-0.001986854
-0.001941954
-0.001897447
-0.0018533
-0.00180955
-0.001766155
-0.001723159
-0.001680519
-0.00163828
-0.001596391
-0.001554907
-0.00151377
-0.001473043
-0.001432653
-0.001392684
-0.001353038
-0.001313835
-0.001264074
-0.001067636
-0.0009413596
-0.0009175608
-0.0007926496
-0.0006291819
-0.0006169213
-0.0006062886
-0.0005954175
-0.0005842475
-0.0005728222
-0.0005611263
-0.0005491805
-0.0005369702
-0.0004630249
-0.0003386217
-0.0003164449
-0.0003143699
-0.0003117989
-0.0002626662
-0.0001599259
-0.000139595
-0.0001451687
-0.0001499925
-0.0001540517
-0.0001573825
-0.0001599746
-0.0001618661
-0.0001630564
-0.0001635585
-0.0001633958
-0.0002071895
-0.0002766198
-0.0003385309
-0.000379247
-0.0003601676
-0.0003410216
-0.0003217821
-0.0003024622
-0.0002830719
-0.0002636121
-0.0002923899
-0.0003789414
-0.0003763549
-0.0003437508
-0.0003115366
-0.0002797447
-0.0002483463
-0.0002173614
-0.0001867712
-0.0001565893
-0.0001268003
-9.741584e-05
-6.842039e-05
-3.983484e-05
-4.281397e-05
-3.382068e-05
3.071444e-05
7.5088e-05
0.0001016374
0.0001277979
0.0001535801
0.0001789774
0.0002039984
0.0002286391
0.000252906
0.0002767964
0.0003003166
0.0003234642
0.0003462439
0.0003686554
0.0003907022
0.0004123847
0.0004337056
0.0004546663
0.0004752689
0.0004955148
0.0005154058
0.0005349443
0.0005541315
0.0005729696
0.00059146
0.0006096051
0.0006274066
0.0006448663
0.0006619862
0.0006787652
0.0006829724
0.000684343
0.0007033767
0.0007218841
0.000739889
0.00075739
0.0007743995
0.0007909214
0.0008069654
0.0008225366
0.0008376438
0.0008522921
0.0008664902
0.0008802434
0.0008935595
0.0009064437
0.000918905
0.0009332686
0.0009473378
0.0009604017
0.000971597
0.0009807784
0.0009896715
0.0009982799
0.00100835
0.001017695
0.001026372
0.001033599
0.001040002
0.001046202
0.001052199
0.001057991
0.001063576
0.001068953
0.001074119
0.001079165
0.001084439
0.001089093
0.001093216
0.00109685
0.001100335
0.001104015
0.001107474
0.001110715
0.001113734
0.001116532
0.001119108
0.001121462
0.001123594
0.001125502
0.001127187
0.001128649
0.001129887
0.001130902
0.001131693
0.001132261
0.00113259
0.001132707
0.001132621
0.001132305
0.001131765
0.001131009
0.001130032
0.001128831
0.001127409
0.001125766
0.001123905
0.001121828
0.001119534
0.001117027
0.001114306
0.001111375
0.001108234
