4.245377e-07
2.966508e-07
3.710035e-06
7.070925e-06
4.24051e-06
-8.536572e-06
-1.191923e-05
-1.077094e-05
8.013511e-06
2.822615e-05
7.057829e-05
0.000114797
0.0001317074
0.0001726117
9.38346e-05
5.596517e-05
7.015882e-05
7.465313e-05
1.233989e-05
-4.896429e-05
-2.673798e-05
-3.127722e-05
-0.0001285883
-0.0001832387
-0.0001366425
-0.0001346001
-0.0001117022
-0.0001694844
-0.0004337554
-0.0006260956
-0.0005811731
-0.0007834912
-0.000866247
-0.0003260122
-0.0002455938
-0.0002413178
-0.0001893437
-9.856701e-05
0.0002976561
0.0005652837
0.000842265
0.0008643835
0.0007813481
0.0008062199
0.0007442773
0.0007419679
0.0006664558
0.0005410537
-4.155096e-05
-0.0003511714
-0.0008430997
-0.0007159781
-0.0006011728
-0.000485211
-0.0004152461
-0.000985571
-0.002171875
-0.001671869
-0.0002179274
0.0007477706
0.0003108974
0.0006201094
0.000871358
0.002725626
0.002696977
0.00230702
0.0009918897
-0.000128396
-0.0002929788
-0.0001927113
-0.0001999741
-9.214492e-05
-1.069123e-05
1.412425e-05
2.079824e-05
5.545743e-05
5.658852e-05
0.0001182208
0.0001494626
0.000159776
0.0001149976
0.000177422
0.0002363184
0.0002073649
0.0001893966
0.0001630003
0.0001521645
0.000118345
0.000120758
0.0001117718
0.000139503
0.0001666956
0.001104443
0.002127342
0.0008016278
-0.0005769609
-0.001070619
-0.002469307
-0.001790509
-7.410837e-05
9.923906e-05
3.854139e-05
5.284714e-05
-3.249394e-05
-0.0001052721
-0.0003311491
-0.002541271
-0.004416361
-0.002237309
-0.0002693976
0.001078934
0.0009748871
0.0008262232
0.0006115396
-0.0001574806
-0.0004621087
-0.002122336
-0.003491421
-0.003097536
-0.001011525
-0.0003643867
-0.001098093
-0.002420377
-0.001459375
0.0006362423
0.002353427
0.002768381
0.002994319
0.00480035
0.005578014
0.003957691
0.0006174068
0.0001712916
4.429186e-05
9.069374e-05
0.0004005913
0.002077677
0.002415717
0.001354584
-0.001375813
-0.002459696
-0.005413454
-0.005130013
-0.004559487
-0.005189153
-0.006015252
-0.004822475
-0.003890549
-0.001452523
-0.001340262
-0.001491701
-0.000132379
0.0008950443
0.002431089
0.002200713
0.002109988
0.002037467
0.002180054
0.003594882
0.004198418
0.003581204
0.003525453
0.00354259
0.005069375
0.003548373
0.001445377
4.401938e-05
-0.001102123
-0.0005500759
-0.0004333679
0.001543365
0.001847019
0.001412185
0.0001415724
-0.001932042
-0.003080329
-0.00286615
-0.002464487
-0.002223759
-0.002971405
-0.003828509
-0.002999389
-0.001032962
0.002888992
0.004373064
0.003832079
0.003290323
0.001679623
0.001238682
0.0005391435
0.00050274
0.001005251
0.002583915
0.002538208
0.002048122
0.001858059
0.001499366
0.0007880942
-0.0004084224
0.001153816
0.0009685466
0.0007014711
0.0004988661
0.0003176752
-0.0006164931
-0.002709269
-0.004103331
-0.004126446
-0.003448434
-0.002970778
-0.001270856
-0.001305018
-0.002895747
-0.003070798
-0.005138545
-0.003192364
-0.0002523896
0.001803906
0.003061215
0.001324399
0.0005620765
-0.0002719961
0.001669516
0.003199713
0.003198181
0.002597029
0.00241358
0.001975163
0.001819814
0.0007546979
-0.001417377
-0.002977626
-0.003028343
-0.002434702
-0.0008535296
0.002011025
0.003355097
0.0041395
0.002203171
-0.0008686783
-0.003532237
-0.004208427
-0.00534448
-0.00411463
-0.001962926
-0.002017768
-0.001673553
-0.001498819
-0.00117345
-0.001018374
-0.0008526431
-0.0006846455
-0.0005706757
-0.0006951486
-0.002185247
-0.002489772
-0.002794751
-0.003375582
-0.0003348928
0.00136046
0.002066489
0.001610383
0.002507066
0.001798635
0.001073401
-1.723617e-05
0.001405926
0.001966642
0.003036502
0.005545504
0.005546131
0.004784929
0.00425467
0.003149523
0.001045387
0.00171264
0.003108993
0.002314202
0.001723631
-0.0004952079
-0.0008577589
-0.00186935
-0.003132211
-0.001645484
0.0002568371
0.001400519
-0.0003960082
-0.001848514
-0.001791879
-0.003062653
-0.002681403
-0.002495958
-0.002242685
-0.002141549
-0.001942596
-0.001713762
-0.001452593
-0.001316712
-0.00118171
-0.0009829376
-0.0007353545
0.0007738996
0.001536933
0.001150088
0.001427476
0.0029659
0.002474051
0.001214798
0.002663252
0.002012683
0.0017455
0.001392392
0.001139376
0.0003699795
-0.001543761
-0.0026103
-0.003727985
-0.00402278
-0.00530434
-0.004507694
-0.003213356
-0.001113594
-0.001241944
-0.0008497592
-0.0006414277
0.001482867
0.003779
0.003741902
0.003052212
0.002848306
0.002444337
0.002243004
0.002505822
0.003043327
0.0004755819
-0.001782715
-0.003596034
-0.002979809
-0.002811052
-0.002361921
-0.0009800249
-0.0002445165
-0.00217171
-0.001592737
-0.001431383
-0.001020329
-0.0009570393
-0.0006874494
-0.0001318601
0.002425562
0.004139069
0.003555247
0.003162258
0.002858693
0.002650413
0.002318053
0.001740446
0.0009732019
0.0001466113
-0.003284657
-0.002534638
-0.002284814
0.0002591166
0.002897011
0.002117281
0.0003712298
-0.002777482
-0.002366182
-0.002015821
-0.001798358
-0.001437465
-0.0006632876
0.002700339
0.003578653
0.003982589
0.003426398
0.001684254
0.00200352
0.001386671
0.001334678
0.0009484683
0.0009129549
0.0007805897
0.001694681
0.001820799
-0.0004020905
-0.004197993
-0.00457092
-0.003893891
-0.003626884
-0.003201465
-0.00212417
0.0001733088
0.001868748
0.001978209
0.0002656603
-0.002372983
-0.002925815
-0.002276059
-0.001352338
0.001516439
0.003418795
0.004896682
0.005999962
0.00562124
0.004617679
0.002327515
-0.001052989
-0.0009005359
-0.000991429
-0.001020149
-0.001221503
-0.002540277
-0.00443465
-0.005746851
-0.006825953
-0.005745334
-0.003301684
-0.002557283
-0.002268606
-0.0005907514
0.0006346167
0.0005009043
0.002130739
0.002792777
0.002271765
0.002088238
0.001326327
-0.0005124271
-0.0003185794
0.001560589
0.001854642
0.001476011
0.0006207336
-0.002142543
-0.003215058
-0.0028177
-0.002449756
-0.002146764
-0.001825884
-0.001184787
0.0007081132
0.000850711
-0.0009596624
-0.001267527
-0.000806252
-0.000716914
0.0002022361
0.001317349
0.001609797
0.003495066
0.004081797
0.002096528
1.174009e-05
-0.001337534
-0.001057644
-0.001431588
-0.00145156
-0.0009340315
-5.415623e-05
0.001794611
0.006328255
0.008087529
0.005719542
0.0002026218
-0.00229404
-0.003024496
-0.005039962
-0.006261055
-0.005119911
-0.002563745
0.0008999958
0.002652049
0.002009515
0.00129765
6.114592e-05
-0.000611526
-0.001886268
0.0003597442
0.003758062
0.005684396
0.004491967
0.004354676
0.003490498
0.002888831
-0.001086439
-0.001863668
-0.001264145
0.0001107669
-0.0008489699
0.001042704
0.003983432
0.004409677
0.002603754
-0.001969971
-0.004638935
-0.006771456
-0.006550296
-0.004977003
-0.0007213504
0.002274419
0.00386008
0.001288228
-0.001587401
-0.002292683
-0.004206383
-0.004905156
-0.004381703
-0.003564586
-0.001491936
0.003406355
0.006498207
0.006774361
0.005674914
0.0003840069
-0.003817526
-0.004837326
-0.002747113
0.0008335511
0.001380974
0.001153612
0.002261743
0.004719163
0.004993731
0.00368087
0.000278183
-0.001163348
-0.0006857884
-0.0007844268
-0.0005879814
-0.000534753
-0.0005412473
-0.0005070374
-0.0005379691
-0.0004844617
-0.0005205992
-0.0004507883
0.0001503864
0.0009179851
-0.0006812273
-0.0004578188
-0.0005397654
-0.0004082245
-0.0004091576
-0.0003941394
-0.000396937
-0.0003486514
0.001135491
0.004495425
0.006946224
0.007607843
0.003872951
0.0003990318
-0.001924989
-0.003903962
-0.003787827
-0.003375782
-0.00311874
-0.001027795
-0.0005154757
-0.005141859
-0.007134499
-0.006734301
-0.005903906
-0.008215778
-0.00887704
-0.006767763
-0.002607959
-0.0009288778
-0.0006718451
0.002035867
0.004211614
0.003889494
0.003369219
0.0002294551
-0.001554482
0.0001254563
0.002569626
0.004568532
0.003955407
0.003723457
0.00337306
0.00311754
0.002896956
0.002640355
0.001610795
-0.001776131
-0.002326377
-0.001520551
-0.001353992
-0.0008972999
0.001325934
0.003104163
-0.0001843531
-0.001125906
-0.0006730122
-0.0005412365
-8.801696e-05
9.204402e-05
0.00278996
0.006008605
0.008234292
0.009407002
0.01008683
0.006158274
0.002433701
-0.001211729
-0.004518421
-0.004588213
-0.003352993
0.0009646224
0.003992464
0.004462772
0.003044889
-0.0003246435
-0.004855233
-0.00841976
-0.01027706
-0.008873799
-0.008666838
-0.008371581
-0.005325162
-0.001599046
-2.166611e-05
-0.0002405515
5.462591e-05
-0.0002573877
-0.002793463
-0.004073461
-0.002537208
-0.00174198
-0.001942546
3.418496e-05
0.003481946
0.005208428
0.008911578
0.01121003
0.01056153
0.009000028
0.008144913
0.006934313
0.004338246
0.0004804101
-0.001372536
-0.004270745
-0.0003213753
0.0005014616
-0.003942821
-0.007338653
-0.01016631
-0.01116969
-0.007219491
-0.003907259
-0.003814754
-0.003134137
-0.003638894
-0.002786766
0.0008965006
0.003661198
0.003531541
0.005886282
0.007651043
0.006983479
0.008262214
0.008164896
0.008489519
0.004146274
0.001079778
-0.002283847
-0.004095004
-0.004864975
-0.00504665
-0.005642253
-0.001493343
0.0009120671
0.003838042
0.00262576
-0.0005584787
-0.001778037
0.000718234
0.001349184
0.0002210685
0.001929921
0.0005338664
-0.003779332
-0.006454679
-0.006453734
-0.005441867
-0.00500221
-0.004310541
-0.003757393
-0.00152035
0.00175083
0.001430944
0.001480184
0.001329524
0.0002144796
-0.0004446379
0.001694891
0.001232004
0.001339667
0.001024325
0.0009470911
0.0002564368
0.001204941
0.001022759
0.0009525757
0.0008226771
0.0007512968
0.00072549
0.0007185195
0.001596057
0.001559097
-9.892462e-05
0.0003967668
0.0004089816
0.003052619
0.004157498
0.000574044
-0.0009186226
0.001058622
0.003421979
-0.0004548463
-0.001932678
-0.00146584
-0.0008626854
-0.001356639
-0.00163747
-0.001372878
-0.001442739
-0.001444888
-0.003451541
-0.004437465
-0.002831832
-0.005088828
-0.004214477
-0.006943542
-0.004508039
-0.002505926
-0.005852398
-0.004281668
-0.0001061188
-4.755218e-05
-0.003285891
-0.002890631
-0.002071208
-0.001319622
0.001244742
0.005066915
0.007723929
0.008301337
0.007778879
0.01113642
0.01049427
0.008281077
0.003940127
0.001160681
-0.00162632
-0.001219262
-0.000943625
-0.0006249821
0.00247797
0.004110011
0.001759671
-0.001571699
-0.001523279
-0.001181136
-0.001035027
-0.0001840381
0.003024205
0.005109382
0.00742094
0.006883618
0.00722968
0.009241703
0.006620663
0.001222915
-0.002971027
-0.003289892
-0.004839909
-0.007622149
-0.006604269
-0.006241867
-0.005542353
-0.004975008
-0.001809783
0.0002953102
-0.0005267317
-0.0007993782
-0.004111189
-0.005085817
-0.003928439
-0.00235049
0.001386695
0.002834232
0.005104583
0.004364552
0.002504689
-0.002070062
-0.005479221
-0.009339514
-0.009067679
-0.007448417
-0.003300781
0.0001566066
0.002466941
-0.000444536
-0.002420825
-0.001624242
-0.001471214
-0.0006275489
0.002402106
0.004096128
0.002967531
0.003161395
0.002472521
0.002627678
0.002732642
0.006167224
0.006005994
0.004406949
0.001483281
0.004166474
0.004949766
0.003987089
0.0003784879
-0.005550904
-0.007404329
-0.006297377
-0.005719567
-0.005064789
-0.004519945
-0.004075992
-0.004064658
-0.006714122
-0.007259645
-0.005727646
-0.00510917
-0.003815047
-0.0001461337
0.004288966
0.006073343
0.005450659
0.0067055
0.009282046
0.008057947
0.007261434
0.006265856
0.005727699
0.006168531
0.0071235
0.002773706
0.002408551
-0.0009575995
-0.003014597
-0.00271792
-0.003392002
-0.006621715
-0.006551817
-0.00555437
-0.004803105
-0.002435985
0.0002438536
-0.001244429
-0.005093597
-0.007796754
-0.007512102
-0.006224509
-0.005440948
-0.005270124
-0.005497806
-0.00135129
0.002723513
0.00256928
0.00265726
0.002566526
0.002692459
0.002633262
0.002872647
0.003503206
0.006693702
0.009395225
0.01359995
0.01414082
0.01194727
0.009398834
0.004053561
3.140032e-05
-0.003836317
-0.005186102
-0.003799369
-0.0004499275
0.002391098
0.001190861
-0.0006621917
-0.0003664306
-0.0009669101
-0.00363277
-0.006858716
-0.004316373
-0.003288558
0.0001893516
0.002002224
0.002998233
0.002699923
0.002027293
0.00019738
-0.0009154265
-0.0005163803
6.60322e-05
0.002714505
0.003510205
0.002539199
0.0004945814
-0.003022744
-0.002850667
-0.002820568
-0.00318234
-0.005638638
-0.006611237
-0.005876829
-0.005162124
-0.003477577
-0.0001848661
0.0004213109
0.002737284
0.004913705
0.003422503
0.0007201845
-0.002026246
-0.004367853
-0.005959046
-0.003543568
-0.0002783489
0.0003220251
-5.642632e-05
0.00012895
5.772785e-05
-0.001756293
-0.004707168
-0.005866607
-0.007802495
-0.006230927
-0.003422784
0.0004681963
0.003015405
0.004878544
0.003910149
0.003849437
0.001701031
-0.0007304056
-0.0009490396
0.0004020192
0.003125671
0.004300383
0.003716283
0.003593448
0.003332765
0.003285602
0.005076988
0.007178628
0.009340847
0.009765971
0.005886168
0.001252479
-0.002093697
-0.002363744
-0.001993146
-0.003170774
-0.002644402
-0.001015753
0.00160083
0.003062419
0.001925397
0.002361248
0.002486057
0.0003840384
-0.002854514
-0.007327604
-0.008538608
-0.007575932
-0.007427746
-0.006515531
-0.006631504
-0.00961684
-0.01044861
-0.01175468
-0.009331921
-0.00844324
-0.006659226
-0.005483266
-0.001023583
0.004087595
0.007015882
0.006585539
0.005350668
0.004804161
0.004877065
0.004595807
0.004608353
0.00443959
0.006844708
0.009758017
0.01179902
0.01214599
0.01373573
0.01319549
0.01108291
0.009932033
0.008277172
0.005637032
0.00123492
0.0009522915
0.0003436436
-6.411666e-05
-0.0003444317
-0.0002517384
-0.00196291
-0.006082879
-0.01009088
-0.01292905
-0.01398006
-0.01410603
-0.01451597
-0.01248775
-0.007199764
0.0006295377
0.006197151
0.00646273
0.003964162
2.685623e-05
-0.0008237334
-0.002043158
0.0007323948
0.003054833
0.008256292
0.008181171
0.006801535
0.004866069
0.003678654
0.005554283
0.007574301
0.004103599
-0.001130686
-0.005367786
-0.008849021
-0.009206282
-0.0118711
-0.01388222
-0.01717316
-0.01739702
-0.01533555
-0.01377831
-0.0151733
-0.01618416
-0.01613223
-0.01143644
-0.00254667
0.006606734
0.01371109
0.01864912
0.02135767
0.02324831
0.02413834
0.02191775
0.01639058
0.008678277
0.002011141
-0.003000088
-0.006327689
-0.008578686
-0.01082888
-0.009862722
-0.006579656
-0.00266051
-0.001637221
-0.001650344
-0.001040762
-0.0007509003
0.001444711
0.005564251
0.008378326
0.01106689
0.01407684
0.01337349
0.007674624
0.00493561
0.004634024
0.005479406
0.004028992
0.003606978
0.002416797
0.001415551
-0.003107648
-0.005634932
-0.007085631
-0.007720128
-0.009913903
-0.01093246
-0.008024972
-0.004063867
-0.001246325
0.001572246
0.0007957901
0.0006840999
0.0003954251
0.0004329879
0.002204115
0.004681203
0.001902625
-0.001860169
-0.005553249
-0.005898587
-0.00499636
-0.001773389
0.0005567185
-0.0002342009
-9.762273e-05
-0.000376651
-0.0004051534
-0.002546418
-0.005748923
-0.008212004
-0.01015558
-0.007046839
-0.005163093
-0.00208552
0.002536498
0.005137628
0.005409943
0.004072343
0.001886683
4.67125e-05
-0.001798987
-0.004380828
-0.004400511
-0.002460088
0.0003907717
0.0008450357
-0.001983459
-0.001971315
-0.0006145872
0.001712623
0.002801645
0.004087578
0.002171705
0.001495621
0.001106963
0.001892163
0.002424931
0.00434059
0.007968909
0.008518876
0.007660132
0.006933358
0.006708506
0.008354015
0.01019266
0.0103801
0.007998596
0.004887522
0.001216744
-0.001035947
-0.002510582
-0.004034522
-0.002979174
-0.001917333
-0.0008873126
0.0009302476
0.001373296
0.00046319
-0.0008624911
-0.004499371
-0.004762017
-0.00631589
-0.008325371
-0.006730812
-0.001555814
0.004112635
0.006845867
0.006554686
0.00172687
-0.001370755
-0.004995028
-0.007892987
-0.008087378
-0.006692641
-0.0036787
5.280786e-05
0.0002102105
-0.0003486605
-0.00316821
-0.006590761
-0.008257053
-0.008142882
-0.005645069
-0.002179316
0.0001983251
-0.0008665013
-0.003699144
-0.003659555
-0.004533239
-0.006271099
-0.01001374
-0.01301873
-0.01403726
-0.01215397
-0.006487723
-0.002546499
5.348388e-05
0.001771978
0.002075957
0.003212634
0.005338403
0.005353664
0.005484445
0.00671932
0.01099864
0.01266937
0.0141037
0.0156753
0.01599898
0.01475335
0.01095928
0.006435832
0.001483314
-0.003293052
-0.004032396
-0.003094711
-0.002673503
-0.002216743
-0.001851079
-0.0007668628
0.002146984
0.00348336
0.004355883
0.003963869
0.002284296
0.004423622
0.004770161
0.005828463
0.004599059
0.003820784
0.001918942
0.004043668
0.004753624
0.003614971
0.001284519
-0.001501529
-0.005487962
-0.009376546
-0.01191811
-0.01137984
-0.01015547
-0.008867643
-0.00722498
-0.004592224
-0.002206845
0.002126381
0.00357395
0.005000659
0.004677626
0.00456074
0.005733667
0.005415479
0.004376699
0.003239287
0.001237329
0.00342721
0.004962275
0.005782453
0.00548639
0.004154613
0.002324713
-0.001109698
-0.00231521
-0.002384172
-0.002656856
-0.004514631
-0.00739083
-0.009632933
-0.01071254
-0.009249958
-0.006617959
-0.006774436
-0.009039766
-0.01065007
-0.01042549
-0.01043657
-0.007599705
-0.001928137
-0.0001598923
-0.001638379
-0.0006840231
0.002572254
0.007721659
0.01140083
0.01179041
0.008260391
0.006462515
0.003942418
0.0006741658
-0.004889584
-0.00569593
-0.007881381
-0.007735256
-0.006140744
-0.002195174
-0.0001019601
0.000927687
0.003790093
0.005269495
0.006148989
0.005311771
0.002260743
-0.0005794959
-0.001614975
-0.001514007
-0.0004318444
0.001431734
0.002489484
0.003457276
0.001463166
-1.176745e-05
-0.003698307
-0.008709854
-0.009668135
-0.008933654
-0.005684618
-0.002827632
-0.0002730284
-4.140365e-05
0.001028923
0.006928375
0.009493533
0.008533298
0.006357723
0.005816083
0.006302513
0.008358058
0.009821996
0.009732279
0.009443067
0.006208305
0.004407334
0.001978333
-2.734838e-05
-0.0009423972
-0.004026395
-0.007043528
-0.008672109
-0.006626019
-0.00182573
0.0018254
0.004224906
0.003888554
0.001210216
-0.003585231
-0.00945215
-0.01524304
-0.01488931
-0.01293295
-0.007262457
-0.002281508
0.00195754
0.003394753
0.003963787
0.005399085
0.004137314
0.001556481
0.0002394024
0.002398578
0.004929771
0.006964906
0.01183836
0.01563068
0.01401018
0.01465587
0.01563643
0.01471313
0.01044944
0.002712709
-0.002593661
-0.005611608
-0.004777931
-0.003105306
-0.003570562
-0.003593301
-0.004420415
-0.006894077
-0.009201131
-0.01034102
-0.0110849
-0.0101344
-0.009182373
-0.008173982
-0.00686216
-0.003722802
-0.0005066136
0.001957356
0.002206083
-0.0002841036
-0.001889237
-0.002465267
-0.003511633
-0.003534284
-0.0008923006
0.0004789913
0.003556942
0.003337978
0.002783363
0.002576069
0.002332996
0.003163333
0.001476978
-0.002041406
-0.00673741
-0.009155723
-0.0080401
-0.003938364
0.001568569
0.005197212
0.00600897
0.003820875
0.001877721
0.0001991363
-0.0007546744
-0.001755413
-0.002580695
-0.001915649
-0.001053193
0.001298196
0.004097922
0.006319019
0.004105609
0.002327663
-6.567005e-05
-0.002986184
-0.005142185
-0.004505037
-4.144627e-05
0.005439426
0.007905098
0.008108284
0.003816565
-0.0004132679
-0.007402361
-0.01711497
-0.02278066
-0.02403756
-0.02074951
-0.01414419
-0.01000059
-0.005197437
-0.004390824
0.0009260507
0.006323689
0.01002584
0.01182935
0.0133698
0.009853729
0.007805827
0.005413382
0.008173926
0.01240246
0.01624397
0.01669464
0.01361079
0.008471037
0.001483076
-0.006060807
-0.01052381
-0.01131694
-0.009707965
-0.008327429
-0.006990379
-0.006877181
-0.009020936
-0.007361765
-0.002042951
5.545021e-05
0.003538026
0.008290219
0.01416179
0.02020159
0.020822
0.02117808
0.0162229
0.01301024
0.01303889
0.01443558
0.01296186
0.01066181
0.008829502
0.00486486
-0.0009310832
-0.005834292
-0.008753267
-0.008409959
-0.008818551
-0.01202255
-0.01617073
-0.01973115
-0.01973234
-0.01597679
-0.01105229
-0.006646115
-0.003143542
-0.002222696
-0.002232111
-0.001866674
-0.001557471
-0.0009507514
0.002066702
0.005838405
0.007437951
0.007624784
0.007225616
0.004174236
0.001753757
-0.002216587
-0.006174248
-0.009744751
-0.0071993
-0.001734883
0.001296227
0.001117001
0.001119118
0.00377873
0.005056002
0.002485935
-0.001027957
-0.001330379
-0.001744642
-0.003553136
-0.002844009
-0.0008150412
0.0007127228
0.004112623
0.006431044
0.009056849
0.009766318
0.00606819
2.692365e-05
-0.004950461
-0.00905553
-0.01068487
-0.009885504
-0.007784783
-0.004369345
-0.002971994
-0.003010408
-0.002729574
-0.002459233
-0.002299587
-0.002067981
-0.00195898
-0.001686157
-0.001545208
-0.001174412
0.0004577227
0.002433967
-0.001503389
-0.003527615
-0.005957199
-0.004856022
-0.004413313
-0.003927974
-0.006177555
-0.006588978
-0.00257664
0.002686738
0.007042418
0.008743448
0.007790516
0.00535756
7.780541e-05
-0.005285412
-0.006777168
-0.004765013
-0.002197879
0.001374835
0.001445455
0.002079788
-6.662299e-06
-0.002361818
-0.00169277
0.002688378
0.009401394
0.01276769
0.01373297
0.01226623
0.007654055
0.003186197
0.0002773964
0.0005277778
0.0003537366
-0.00144789
-0.004894549
-0.006390092
-0.007091212
-0.007746143
-0.006874348
-0.005541176
-0.004574866
-0.003785198
-0.005056079
-0.006237949
-0.005009642
-0.004732182
-0.003692419
0.003051161
0.01082476
0.01658245
0.01773114
0.01849196
0.01788171
0.01559211
0.0126041
0.00864223
0.008468525
0.0107037
0.01156527
0.01044539
0.007484772
0.007398732
0.00934526
0.009337695
0.006048715
-3.706754e-05
-0.0042898
-0.007588582
-0.00776532
-0.004835389
-0.003496275
-0.004256324
-0.006138678
-0.00863697
-0.008345884
-0.007609033
-0.004484708
-0.002777711
-0.004008554
-0.004714024
-0.004308672
-0.003182421
-0.003611709
-0.00201588
-0.001731568
-0.004168677
-0.007370057
-0.01019115
-0.01197307
-0.01148879
-0.01016625
-0.009438191
-0.009239139
-0.01149055
-0.01093614
-0.01012978
-0.01274358
-0.01497612
-0.01198278
-0.002478354
0.005577314
0.01132085
0.01154343
0.00975206
0.005800677
0.002709285
0.002195878
0.002493884
0.002690381
0.004569695
0.004621471
0.003781109
0.0007391664
-0.0007006643
0.0001452728
0.0008660589
0.003508119
0.005038975
0.005071222
0.006402994
0.004807267
0.002895373
0.002075487
0.0002216529
0.0005107211
0.0005894984
0.001799536
0.003007341
0.002378619
0.001671513
-0.0009968398
-0.002851722
-0.005356948
-0.0061306
-0.003477105
-0.0001530067
0.002905211
0.005891657
0.009050209
0.00927018
0.009522201
0.007316156
0.00332487
-0.0004710672
-0.002855737
-0.002852634
0.0007605893
0.000135445
0.003227715
0.003912172
0.003005158
0.002270826
-0.0003686129
-0.003281321
-0.002747037
-0.004920303
-0.007095356
-0.00958791
-0.01058639
-0.00898588
-0.01045217
-0.01146469
-0.009487361
-0.006718917
-0.005269102
-0.006404966
-0.00459602
7.878808e-05
0.004238205
0.005723204
0.004898357
0.004280143
0.0006944993
0.001607495
0.005586867
0.00508855
0.004785813
0.004562407
0.004330685
0.004085247
0.003789108
0.003653006
0.004715336
0.007574814
0.006854602
0.004477836
0.0009259243
0.0009199037
0.0009829642
0.0008030587
0.0001780814
-0.003704562
-0.00835524
-0.01019483
-0.008650343
-0.003189158
-0.001730949
-0.00112903
-0.0009470697
-0.000313887
0.0001286808
0.002926987
0.006938859
0.008847679
0.004437207
-0.0005368653
-0.003578411
-0.00309502
-0.001749608
0.002164254
0.003929587
0.00681966
0.009501124
0.01036887
0.008774578
0.007829692
0.00676766
0.006187435
0.008166463
0.008820348
0.00644309
0.002708923
-0.003423059
-0.003535798
-5.358873e-05
4.265138e-05
-0.0007789001
-0.002780978
-0.006238532
-0.008056052
-0.006939542
-0.003356792
-0.000558899
0.001199727
-0.0008804916
0.000780477
0.002527574
0.001574797
0.0002801044
-0.003541797
-0.004979399
-0.006529827
-0.007471498
-0.008551331
-0.00863753
-0.01100071
-0.008629818
-0.005104984
-0.00175294
-0.000346245
-0.002592877
-0.007606336
-0.01175886
-0.01383547
-0.01550167
-0.01372273
-0.01005398
-0.006045614
-0.004572249
-0.001281043
0.003324253
0.006369235
0.007962217
0.009777556
0.009133494
0.007744104
0.004119099
-9.648027e-05
-0.001823818
-0.001050296
0.0009518011
0.002028315
0.001102562
-0.0005355333
-0.001296712
-0.003585549
-0.004177026
-0.006490068
-0.007645834
-0.009142163
-0.006659048
-0.001535287
0.002041854
0.004190741
0.00746949
0.009523654
0.01158668
0.01449872
0.01510711
0.01576966
0.01415915
0.01016538
0.009278152
0.008313203
0.007431802
0.00653394
0.005734158
0.005021924
0.003415432
0.0008039983
-0.001040858
-0.001450622
-0.003045018
-0.005852046
-0.005793927
-0.004242238
0.0002825227
0.002410209
0.002446386
0.001636838
0.0002563631
-0.00155087
-0.001564177
-0.004004206
-0.00555539
-0.005039816
-0.00268313
0.0003296229
-0.0004586309
-0.002800486
-0.004613847
-0.00271991
0.0002929094
0.003666446
0.004997638
0.002965283
-0.0006425472
-0.0009525752
0.001098859
0.0007418175
0.0004030968
0.0001116273
0.0008489205
0.001891205
0.0003324237
-0.002042279
-0.005782211
-0.00932637
-0.009572822
-0.008527719
-0.007523409
-0.006821484
-0.006688714
-0.006753213
-0.005363852
-0.006835086
-0.00478558
-6.067381e-05
0.004818245
0.00800653
0.006965345
0.006344402
0.005645905
0.005005967
0.002785183
-0.0006589497
-0.0001040096
-0.0001491281
0.001611365
0.004484851
0.002930112
-0.0008948237
-0.003120911
-0.005375679
-0.005469332
-0.004767169
-0.002486385
-0.001452022
0.002838017
0.006207607
0.007201646
0.008551624
0.007496347
0.003343059
0.001691637
-0.001753429
-0.0004507532
0.001917088
0.005533566
0.007801665
0.01077323
0.006120065
0.003727565
0.003435791
0.004171957
0.00299621
0.0002305451
-0.002095004
-0.004339883
-0.004183101
-0.004254536
-0.005162688
-0.008195918
-0.01044636
-0.01189463
-0.01023825
-0.008987595
-0.00506093
-0.002698188
-0.002831226
-0.002271916
-0.00210484
-0.001673617
-0.001355036
-0.001118127
-0.0008943977
-0.0004909306
0.001829519
0.004652508
0.00414994
0.004215642
0.002792863
0.002364284
0.0002479102
0.0001906923
-0.0009673292
-0.00216892
-0.001577788
-0.0003423968
-0.0003406348
-0.003161569
-0.003995964
-0.006886868
-0.005985216
-0.00485523
-0.004055501
-0.003349915
-0.002550156
-0.001827537
-0.001241856
-0.002649251
-0.004610575
-0.003172136
-0.002057222
0.0009100761
0.005049131
0.01032678
0.01500107
0.01624217
0.01427634
0.01315561
0.01102121
0.008337936
0.007372084
0.005683861
0.001540209
-0.001704914
-0.004160254
-0.004856213
-0.006454279
-0.006487041
-0.007309178
-0.006843903
-0.005437015
-0.003910527
-0.002641498
-0.001023139
-0.002292525
-0.002706515
-0.00195939
0.0001150523
0.004493935
0.007812746
0.01012426
0.01139854
0.01011201
0.009044203
0.007971454
0.006370074
0.003708301
0.002091171
-0.0003144573
-0.002878087
-0.004378813
-0.003627689
-0.00433475
-0.004071535
-0.002383529
-0.0003728478
-0.000118052
0.0006760414
0.0007759078
-0.001041297
-0.002181818
-0.005340385
-0.003396177
6.614402e-05
0.0003449563
0.0009552715
0.002381342
0.001481677
0.0008986829
-0.001379261
-0.002578982
-0.003362267
-0.003567238
-0.003038781
-0.002719613
2.593821e-05
0.002169727
0.0003782888
-0.00302091
-0.003718094
-0.005377661
-0.007592516
-0.006268963
-0.005807744
-0.004718778
-0.002464013
0.0003993497
0.0002725949
-0.002765222
-0.004059625
-0.003063939
-0.004047366
-0.002115492
0.001213989
0.003694126
0.00452986
0.006139034
0.005317692
0.0019795
0.001094329
0.001308954
0.0003348749
-7.991422e-05
0.001353318
0.0009890468
0.001154218
0.0008866124
0.0008964797
0.0006801129
0.0006976556
0.0005741417
0.0006006285
0.0003448728
-0.0007432979
-0.003440068
-0.004153256
-0.005017478
-0.005033179
-0.004013206
-0.003054953
-0.0006409538
-0.0002661523
-0.0001073191
9.667339e-05
0.000180058
-0.0003862578
-0.001847252
-0.00342098
-0.00263648
-0.001929825
-0.001224236
0.002087639
0.005001212
0.007426398
0.008075229
0.006700148
0.00613482
0.003680902
0.003411809
0.003071347
0.002895815
0.002621908
0.002593942
0.002929846
0.004219423
0.003543385
0.003223014
0.002669852
0.0009677916
-0.002047475
-0.003042585
-0.00561751
-0.005958632
-0.003239139
-0.002675026
-0.002414643
-0.002121988
-0.001721847
-0.001347544
0.0008602231
0.003690181
0.003008358
0.002771357
0.002564053
0.002137799
0.001886846
0.001968911
0.003426612
0.004132723
0.004670056
0.003459199
0.003261002
0.0007343078
-0.001170542
-0.002111958
-0.001414659
-0.0007179643
-0.003315046
-0.004669585
-0.003911729
-0.003848291
-0.003446334
-0.00334345
-0.002824957
-0.002881467
-0.00453466
-0.005562672
-0.001488343
-0.001006888
-0.0003956841
0.001225975
0.0005608246
0.002618678
0.003312899
0.002722154
0.002371823
0.001968008
0.001010194
0.001256827
0.001453586
0.0009519855
0.0007565051
0.0003969723
0.0001221798
-0.001437
-0.00154893
0.0002850512
5.738266e-05
-0.001163131
-0.000922707
0.0003704838
0.0002820204
0.001088076
-0.002105203
-0.003686532
-0.00491624
-0.005015056
-0.00416779
-0.003138645
-0.002915456
-0.0007255542
0.0005645534
0.001884655
0.002046515
0.002404335
0.005460442
0.005878418
0.004634402
0.004185633
0.003380908
0.002085508
-0.001689253
-0.002369334
-0.002007858
-0.001979643
-0.001804103
-0.001756412
-0.00275738
-0.003673277
-0.00155781
-0.0007618799
-0.0009021423
-0.0008275074
-0.001550063
-0.003825836
-0.005027484
-0.004750491
-0.004945773
-0.002614088
-0.00173299
0.0004910823
0.0004466569
0.0007208276
0.0006359972
0.0008362997
0.0007902279
0.0006099678
-0.001728959
-0.003253507
-0.002569044
-0.001713864
0.0006957014
0.003528003
0.003471171
0.003289761
0.003095099
0.003088602
0.002997626
0.002938066
0.002734455
0.002618683
0.002447857
0.001588536
-0.0001073753
0.0003344843
0.0006448754
0.002573961
0.002854341
0.002573278
0.002440035
0.002211181
0.002037784
0.001943562
0.001893867
0.002735773
0.005132746
0.005460737
0.004690844
0.003411362
0.0006194254
-0.002913491
-0.003701429
-0.002925613
-0.002645151
-0.000743038
0.001757422
0.002247426
0.002098862
0.001263095
0.002451265
0.0004610595
-7.468232e-05
-0.001431174
-0.002590221
-0.002563308
-0.004274358
-0.003958157
-0.001804801
-0.001258798
-0.001349086
-0.001260296
-0.00131636
-0.0002788406
0.000972029
-5.353102e-05
-0.001778022
-0.001883083
-0.003655017
-0.005876738
-0.005963195
-0.005321878
-0.003929439
-0.003792243
-0.003112795
-0.002754587
-0.001681981
-0.001647706
-0.002558226
-0.0008086464
0.00102317
0.003718273
0.006240446
0.006008744
0.004324025
0.001607654
-0.0008694634
-8.775774e-05
0.002218505
0.005686588
0.007034648
0.007377052
0.005919816
0.005015605
0.002143414
-0.001313289
-0.004593017
-0.005211405
-0.00446366
-0.00429593
-0.003785345
-0.00354072
-0.003810146
-0.005073461
-0.004273899
-0.003564733
-0.001286451
0.0007003952
0.001697741
0.001217164
0.001349269
0.002041329
0.004953859
0.003347
0.001755863
0.0008050829
-0.0007019557
-0.0002568537
-0.0003852164
-0.0002144465
-0.0003654533
-0.0004969717
-0.003084042
-0.004438368
-0.003145419
-0.002704097
0.0002120278
0.00220909
0.001683808
0.001748386
0.001451792
0.001510451
0.001445764
0.003653401
0.00523922
0.004059158
0.003723324
0.003080504
0.003649818
0.003626838
0.001401927
0.001071563
0.0007858467
0.0004335299
6.904476e-05
-0.002280305
-0.003891227
-0.003060795
-0.004254918
-0.006169222
-0.004720312
-0.001300116
-0.0008943165
-0.0009196178
-0.0006902927
-0.0005929908
-0.0004934153
-0.0004041828
-0.0003173604
-0.0002306998
-0.0001004779
-5.21868e-05
2.262854e-05
3.089131e-05
0.0001564439
0.0002403899
0.001197409
0.001873331
0.002245303
0.002958964
0.002265178
0.001181295
0.001575405
0.00179712
0.001243434
0.001102381
0.0006654759
-0.001013498
-0.002457986
-0.001884127
-0.001796503
-0.001449324
-0.001293883
-0.001167488
-0.001092409
-0.001616831
-0.001159695
-0.0002047346
-0.0004070234
-0.0002051656
-0.0002467411
-0.0007639476
-0.001334543
-0.0008810315
-0.0007639901
-0.0005024584
0.0001285396
0.001285188
0.001936997
0.001916937
0.00212426
0.002619437
0.002050899
0.001810573
0.0007465974
0.0001293351
-0.0003250487
-0.0008980569
-0.0006611086
-0.000635271
-0.0008805289
-0.001622126
-0.002049789
-0.001812931
-0.001279742
-0.0003957836
1.333702e-05
0.0005719149
0.0009091704
0.0006569699
0.0005453018
-0.0001263985
0.0003595679
0.0007108348
0.0005011567
0.0004943079
0.000384199
0.0003608893
0.0002954765
0.0003029976
0.0002172581
0.0001906394
0.0001210852
0.000108181
5.59375e-05
3.805636e-05
-3.15707e-05
-0.0003543816
-0.001030241
-0.001060281
-0.001492251
-0.001292807
-0.0009591271
-0.0005115497
0.0001380528
0.0003337696
0.0003039204
0.0003423203
0.000331225
0.0003646571
0.0003792272
0.0006620337
0.0009543903
0.0007469758
0.0006517488
0.0005380237
0.0004534666
0.0002876731
6.655394e-05
-8.044717e-05
-0.0001207952
-0.0001310191
-6.031682e-05
6.380973e-05
3.661943e-06
8.34617e-06
-1.769922e-05
-2.420955e-05
-8.430077e-05
-0.0001652562
-0.0001604604
-6.928452e-05
-8.515022e-05
-7.110379e-05
-0.0001125172
-0.0001141297
-9.466966e-05
-9.329697e-05
-0.000157431
-0.0001063923
-2.188938e-05
-3.596069e-05
-1.537648e-05
3.717482e-05
4.214106e-07
-5.078653e-05
-3.011004e-05
-8.314435e-06
-1.08658e-05
-1.844905e-05
-2.118912e-05
-2.291924e-05
-1.894998e-05
-9.914201e-06
-1.820818e-05
-3.265547e-05
-4.53596e-05
-3.944762e-05
-3.331608e-05
-2.770875e-05
-2.291063e-05
-1.810412e-05
-1.393986e-05
-1.057008e-05
-8.193319e-06
-7.416347e-06
-3.782554e-06
-3.388112e-07
2.210191e-06
4.856217e-06
6.809229e-06
6.822714e-06
7.837527e-06
8.803208e-06
8.823334e-06
8.920946e-06
8.827312e-06
8.757169e-06
8.435397e-06
8.018618e-06
7.606977e-06
7.138424e-06
6.62467e-06
6.034887e-06
5.37983e-06
4.678885e-06
3.943504e-06
3.180674e-06
2.396287e-06
