0.003116795
0.001989091
0.0007389814
-0.001643334
-0.002240655
-0.001150901
-0.0003243137
-0.0005320114
0.0005801653
0.005732556
0.006096042
0.004482762
0.005826457
0.005393306
0.00207355
0.002979648
0.004613
0.004010508
0.00135985
-0.003673534
-0.007498223
-0.008898377
-0.007942337
-0.002596222
0.003020187
0.005077811
0.00226799
-0.001136497
-0.0009373286
-0.001185946
0.005467772
0.01440016
0.01324679
0.01088267
0.01021991
0.00518236
-0.006467853
-0.01521107
-0.0191552
-0.02146019
-0.0158867
-0.007417441
-0.0006413868
0.006258083
0.007768887
0.007065267
0.004533801
0.001268951
-0.003041405
-0.009393806
-0.006524392
0.008370818
0.02234496
0.01852826
0.01510017
0.01099378
-0.001662253
-0.01398067
-0.0203729
-0.02391423
-0.03129689
-0.03036553
-0.02087331
-0.001901225
0.02160884
0.0276565
0.01954757
0.003552003
-0.001212352
0.006659048
0.01752822
0.02709281
0.02848924
0.01699082
-0.002109664
-0.003413193
0.01439093
0.01946545
0.008554533
-0.007469655
-0.03880201
-0.05800554
-0.05722218
-0.03065425
-0.002758285
0.02739392
0.05472072
0.06118953
0.03824358
0.002149828
-0.01024015
-0.01685489
-0.01728844
-0.019456
-0.002128294
0.03359918
0.03794024
0.01549507
-0.02168197
-0.04820919
-0.04971989
-0.04266362
-0.02071332
0.01817408
0.0561241
0.06466955
0.04352076
0.02037379
-0.007474373
-0.04487994
-0.05281363
-0.028958
0.0005096611
0.0261768
0.04622985
0.03646932
-0.005030554
-0.02201983
-0.0124473
-0.0005634461
-0.005767658
-0.01212754
-0.01051
0.000812838
0.0005647884
-0.03035262
-0.0257924
0.001605614
-0.01150873
-0.04598494
-0.03838004
-0.0128109
0.02496254
0.06988821
0.08458312
0.04727638
0.02323475
0.01854148
-0.01145595
-0.03363712
-0.04195547
-0.04706695
-0.03209362
0.02634905
0.07445606
0.05684038
0.0005983241
-0.05136586
-0.08398576
-0.1038832
-0.08483293
-0.04174742
-0.005430622
0.02590653
0.05365838
0.0701331
0.04878724
0.0108929
-0.01726555
-0.01311448
0.02523412
0.05200776
0.05650766
0.04960599
0.03776548
0.009788569
-0.04093537
-0.08239772
-0.07773974
-0.03779079
-0.001319022
0.04593924
0.07378384
0.05451973
0.04117774
0.05434861
0.0602275
0.05487823
0.04734511
0.02901939
-0.005248944
-0.0374732
-0.07377439
-0.09499796
-0.09422625
-0.08810463
-0.0726847
-0.04653948
-0.02560544
-0.01949506
-0.01595407
0.02489444
0.07219036
0.07462667
0.04124162
-0.0018467
-0.01588033
-0.005302379
0.003269225
-0.007056713
-0.02308037
-0.01395696
0.02111321
0.03684928
0.05682446
0.0733092
0.0362776
0.0009636734
0.001225304
0.009898872
0.02109693
0.02986637
0.004967652
-0.05169081
-0.09354908
-0.1070381
-0.09848185
-0.07099236
-0.02843852
0.006135878
0.01114455
0.01630315
0.02897508
0.02433862
0.01353728
0.01157627
0.005401643
-0.01387489
-0.03362572
-0.04553684
-0.05217252
-0.05852873
-0.03364642
0.03141063
0.0901702
0.1068996
0.108019
0.1073738
0.06985346
0.006188537
-0.03506802
-0.04462807
-0.04863117
-0.03266471
-0.01370252
-0.01235675
-0.02068466
-0.02496113
-0.001843471
0.02372831
0.02664486
0.021125
0.01470855
0.007458756
-0.002375719
-0.002553858
-0.004908679
-0.03696896
-0.05199525
-0.03946318
-0.02991053
-0.03047323
-0.02599815
0.00157993
0.03090526
0.04976744
0.07778921
0.1243821
0.1463084
0.1044346
0.03448334
-0.02428058
-0.07117069
-0.1070652
-0.1202627
-0.1169831
-0.09473046
-0.06967691
-0.05800373
-0.04926
-0.04871605
-0.07380674
-0.09754899
-0.09723353
-0.06124153
-0.01369192
0.03723696
0.09088107
0.113303
0.1028085
0.06697308
0.04715677
0.03991401
0.03556498
0.0223593
0.009087309
0.009491478
0.0191042
0.03327021
0.03113457
-0.001776515
-0.05979082
-0.1145727
-0.1621667
-0.1801348
-0.1795573
-0.1676292
-0.1318861
-0.08016476
-0.004060306
0.05848835
0.04744196
-0.01004911
-0.03712073
-0.04042226
-0.03800364
-0.03230573
-0.02506659
-0.01653614
-0.01611673
-0.0111522
-0.005878611
-0.002530787
-0.0125725
-0.06221368
-0.0910785
-0.0820401
-0.001441562
0.1163645
0.2352722
0.3456404
0.393344
0.4121132
0.3534623
0.2111949
0.06663555
-0.04329683
-0.1348539
-0.2009743
-0.2680513
-0.3096111
-0.307878
-0.2119366
-0.09484868
0.1195575
0.4074343
0.3873506
0.2005377
0.03103935
-0.0556748
-0.07531886
-0.04363346
0.03766983
0.1124604
0.1333726
0.1341081
0.09726073
0.01719491
-0.06689685
-0.09119315
-0.06346026
-0.03354969
0.005717347
0.065467
0.07146061
-0.0001738963
-0.06975821
-0.1406848
-0.1506257
-0.1068146
-0.02419856
0.1349052
0.3142641
0.4265692
0.4565002
0.325113
0.1993594
0.150787
0.09417199
0.03729176
-0.01589506
-0.05204176
-0.07312204
-0.08694707
-0.09613824
-0.1160945
-0.1470657
-0.1929065
-0.2436545
-0.288049
-0.3375679
-0.3506932
-0.3540285
-0.2986486
-0.2183746
-0.1353639
-0.03010906
0.1624812
0.1664848
-0.00232316
-0.1115968
-0.21004
-0.287666
-0.3341923
-0.3387598
-0.3108231
-0.2653474
-0.1779191
-0.08151682
0.2687053
0.5388696
0.5443113
0.5683221
0.4587527
0.3602299
0.2811962
0.1993249
0.07984107
-0.00832671
-0.08305906
-0.1393906
-0.1700467
-0.1672825
-0.1203891
-0.06125968
0.01085736
0.07592518
0.1210387
0.1526485
0.1780169
0.174606
0.1546303
0.1202991
0.08036711
0.01943534
-0.04659541
-0.09792593
-0.1457762
-0.1633794
-0.1641281
-0.1575879
-0.131327
-0.07961102
-0.0451667
-0.04630303
-0.05227925
-0.03134176
-0.0002562912
0.0130669
0.03706438
0.06375161
0.1012366
0.1530637
0.1903569
0.2008261
0.2120399
0.2233558
0.2070245
0.1431214
0.07460794
0.0219106
-0.01677093
-0.04947322
-0.09970625
-0.1490998
-0.1936759
-0.2291547
-0.2507022
-0.2651414
-0.2772989
-0.2826326
-0.2835088
-0.2781417
-0.2675286
-0.2352437
-0.1642548
-0.07530685
0.05488585
0.09753911
0.03428984
0.004038585
-0.008780868
0.0276157
0.08854939
0.1463058
0.1602215
0.104151
0.04859558
0.01019656
0.0132993
0.06306704
0.1114955
0.1347188
0.1376736
0.13454
0.1126456
0.08296557
0.07446681
0.07343753
0.07182887
0.08453082
0.1003376
0.1017951
0.07557487
0.03368233
-0.005767309
-0.04318103
-0.05608006
-0.06343439
-0.06961674
-0.0790794
-0.08706919
-0.08834227
-0.07816994
-0.03633273
0.01551986
0.06106783
0.08670029
0.08383804
0.05382033
0.008929994
-0.02846538
-0.04167962
-0.02613393
0.007592227
0.03226079
0.04260651
0.04900789
0.05165872
0.05242562
0.0508302
0.04877169
0.05046169
0.06130312
0.08829319
0.1078974
0.1138011
0.0816138
0.03354308
-0.008303589
-0.04483198
-0.06703855
-0.08448478
-0.09205844
-0.08354976
-0.03779985
0.01150883
0.0561765
0.06528189
0.005242496
-0.06222862
-0.1102239
-0.1456262
-0.1622381
-0.1698739
-0.1646068
-0.1345068
-0.08336927
-0.02660847
0.02703725
0.06144882
0.06194029
0.03923696
0.02074012
0.01293083
-0.007077664
-0.03048785
-0.04216601
-0.04808626
-0.03703575
-0.01228358
0.02729836
0.07023304
0.08357855
0.06412391
0.01656726
-0.02441244
-0.04216164
-0.04642235
-0.03934679
-0.02503739
-0.01086569
-0.004812175
-0.005241776
-0.009538198
-0.01230666
-0.01185906
-0.001200247
0.02067959
0.04772776
0.08483722
0.1216162
0.1409124
0.1467853
0.1454469
0.1410281
0.1288205
0.1012436
0.07504576
0.06311055
0.05055212
0.02601481
0.006082797
-0.01311481
-0.03657399
-0.0522883
-0.07052711
-0.0923298
-0.1114509
-0.1274977
-0.1405142
-0.1498688
-0.150685
-0.1404995
-0.119406
-0.09690198
-0.0764726
-0.06457042
-0.04982958
-0.02494994
-0.0005109375
0.01573236
0.02737546
0.04469792
0.07521
0.1104967
0.145762
0.1667677
0.1653945
0.1255674
0.05375003
-0.006474026
-0.05096663
-0.07226953
-0.0830236
-0.06981582
-0.02488808
0.02613313
0.05998469
0.0598274
0.02786958
-0.01901187
-0.05751911
-0.08193507
-0.09052367
-0.09582685
-0.07423059
-0.03632047
0.002821826
0.03463848
0.04530747
0.03340896
0.01197039
0.002301607
-0.005478142
-0.00909935
-0.01410776
-0.01914881
-0.02455808
-0.02733371
-0.02166476
-0.01441889
-0.01034216
-0.007823988
-0.006141199
-0.00906575
-0.01780736
-0.02807795
-0.03266816
-0.02904125
-0.01059068
0.01865148
0.05399733
0.0860343
0.0988871
0.08452325
0.0410741
-0.003226748
-0.03963382
-0.05766967
-0.06251386
-0.06510488
-0.06221339
-0.05963606
-0.0616314
-0.06798111
-0.07289568
-0.0709895
-0.05936173
-0.04024
-0.01728002
0.00406021
0.0172435
0.02907732
0.04462905
0.05967689
0.07214006
0.08563139
0.09492644
0.09941015
0.08865607
0.05848935
0.04271688
0.03863769
0.04004303
0.05070386
0.0613402
0.06033631
0.0373963
0.006530885
-0.02158665
-0.04238568
-0.05224623
-0.05354185
-0.04382044
-0.03389605
-0.03358721
-0.04360076
-0.06275249
-0.07792419
-0.08358948
-0.0838243
-0.06150181
-0.0179827
0.03263663
0.0846809
0.1344822
0.1628502
0.1657958
0.1488605
0.1184928
0.09088836
0.06442527
0.04113131
0.01973252
-0.004312148
-0.02138308
-0.02796229
-0.02559406
-0.01475983
-0.002122244
0.002885745
0.003323114
-0.006332416
-0.02598905
-0.03628922
-0.04214627
-0.04386722
-0.04546373
-0.04765795
-0.04776322
-0.04332133
-0.03410584
-0.02634181
-0.02375428
-0.02861683
-0.03629662
-0.04264735
-0.04494357
-0.03992844
-0.02785797
-0.0141657
-0.005928384
-0.002765571
-0.007815797
-0.01629832
-0.02518987
-0.03362241
-0.04346562
-0.05130963
-0.05041427
-0.03813674
-0.01484932
0.01236815
0.03388179
0.04108584
0.03873862
0.02721242
0.01160928
-0.007861707
-0.02607197
-0.03638131
-0.04119591
-0.04404089
-0.04779674
-0.05003074
-0.05000952
-0.03701696
-0.01568386
-0.00223842
0.00728614
0.01624052
0.02388216
0.02986222
0.03223964
0.02840323
0.01824281
0.005327371
-0.003941565
-0.005027042
-0.0009043987
0.004163785
0.008550609
0.01130237
0.01058512
0.008096124
0.00716365
0.01222776
0.02123314
0.03025587
0.0341378
0.02971998
0.01954121
0.00691036
0.0004392883
-0.004296763
-0.008385113
-0.006962403
-0.001627993
0.005283337
0.01092579
0.01531874
0.02323579
0.0343638
0.04024493
0.03735611
0.02932342
0.01689147
0.00262761
-0.007906115
-0.0120118
-0.009883246
-0.003969469
0.01184749
0.0300084
0.04174536
0.04662792
0.04325153
0.03718745
0.03127127
0.02564681
0.02085263
0.01716617
0.01235771
0.006953574
0.004933796
0.005424238
0.006882659
0.006834543
0.008979428
0.01335403
0.01638019
0.01868522
0.01609221
0.009976112
0.001730258
-0.009367515
-0.01967479
-0.028296
-0.03511385
-0.03719686
-0.03432777
-0.02741846
-0.01736143
-0.007157523
0.0001944675
0.002182279
0.0008775315
-0.0007434157
7.853749e-05
0.0007128112
-0.003029734
-0.00958442
-0.0186942
-0.02801309
-0.03638235
-0.04354189
-0.04981914
-0.05407984
-0.05271626
-0.0467076
-0.03907102
-0.03158234
-0.0223107
-0.01185892
-0.002902459
0.003553983
0.007700126
0.01006637
0.01119025
0.01256812
0.0170172
0.02826459
0.04235981
0.05330018
0.05860301
0.05518382
0.04499794
0.03408481
0.0269263
0.02356933
0.0208927
0.01782338
0.01254473
0.00347984
-0.005901246
-0.01633089
-0.02755104
-0.0351053
-0.03529823
-0.02618059
-0.01329712
-0.0008654988
0.007451439
0.005759117
-0.002769244
-0.01127822
-0.01653442
-0.01471182
-0.005444242
0.00820628
0.0179706
0.02179853
0.02113947
0.01759993
0.01511712
0.01434178
0.01650915
0.0208379
0.02405382
0.02417813
0.02018878
0.01049763
-0.002807378
-0.01445897
-0.019248
-0.01941846
-0.01865155
-0.01544378
-0.01104056
-0.00561939
1.190506e-05
0.004128501
0.005298317
0.002542154
-0.001951068
-0.00702059
-0.007504191
-0.002138091
0.005959569
0.01447033
0.02297191
0.02805547
0.02600822
0.01706882
0.003994344
-0.01201875
-0.02802572
-0.03861854
-0.04197853
-0.03634824
-0.02627994
-0.01628711
-0.01195834
-0.01659231
-0.02379668
-0.02758405
-0.02756375
-0.02560954
-0.02507211
-0.02561587
-0.02280282
-0.01284976
0.003467072
0.02131799
0.03409951
0.04183814
0.04063342
0.03145332
0.02041682
0.01168654
0.007261685
0.01139463
0.01876709
0.02292859
0.0236986
0.01943082
0.01338111
0.005778956
-0.001630416
-0.008444108
-0.01191934
-0.01253245
-0.009294041
-0.003357731
0.00291518
0.003997312
-0.003679295
-0.0186489
-0.03786171
-0.05217647
-0.06234596
-0.06773776
-0.06772662
-0.05844675
-0.03949523
-0.02456149
-0.01681977
-0.01319783
-0.01201573
-0.01294197
-0.01167418
-0.004231322
0.005614662
0.01461915
0.02062789
0.02115414
0.01837762
0.01264209
0.00788984
0.00853339
0.01646586
0.02916479
0.03940858
0.04879761
0.05612522
0.06364561
0.06960439
0.07145153
0.06789474
0.05942969
0.04535465
0.02883569
0.01365803
-0.0005649136
-0.01101691
-0.01848133
-0.02411383
-0.02772061
-0.02871517
-0.02818789
-0.02546658
-0.02125302
-0.01526567
-0.005831747
0.0073721
0.01907961
0.02657757
0.02798206
0.02323085
0.01546146
0.007693094
0.001085486
-0.004714281
-0.01054567
-0.01631075
-0.01883734
-0.01618436
-0.007839789
0.001024987
0.008904445
0.01441444
0.01556904
0.01375544
0.009833501
0.004526402
0.002170164
0.001125646
-0.00132647
-0.004828167
-0.008033042
-0.0105688
-0.009886451
-0.008573745
-0.008373858
-0.009778429
-0.01516304
-0.02104235
-0.02677988
-0.03197987
-0.0368453
-0.04072234
-0.04418833
-0.04699336
-0.04989732
-0.04814397
-0.04067249
-0.03057757
-0.0206785
-0.0124512
-0.005225541
-0.001271022
-0.0005244018
-0.003177441
-0.005824359
-0.005870277
-0.005184854
-0.00130275
0.005030414
0.01291194
0.0201733
0.02421453
0.02223878
0.01408183
0.004834496
-0.001345694
-0.004285344
-0.005842893
-0.006828222
-0.00872033
-0.01234848
-0.01685688
-0.01908661
-0.01819003
-0.01266674
-0.001994481
0.01317088
0.02698473
0.03583935
0.03880449
0.03465105
0.02512731
0.01757523
0.01840857
0.02729176
0.03834958
0.0437107
0.04342919
0.03866579
0.03486732
0.03133405
0.02653802
0.02126768
0.01483251
0.008182123
0.001291013
-0.002781836
-0.003767144
-0.004307732
-0.006111079
-0.01027368
-0.01427615
-0.01740244
-0.01733408
-0.0122514
-0.005609147
0.000396631
0.002968069
0.002259188
-0.001196552
-0.004703291
-0.00812231
-0.01044177
-0.01420147
-0.02062234
-0.02642306
-0.03052139
-0.03249507
-0.03178716
-0.02956048
-0.02715835
-0.0237913
-0.01955929
-0.01263958
-0.003478935
0.006826155
0.01906619
0.03081356
0.03822491
0.04268438
0.04157261
0.03727335
0.03099222
0.02316682
0.01398176
0.005335254
-0.0003889488
-0.0005521107
0.004874328
0.009737728
0.01315885
0.01147487
0.007438769
0.002402051
-0.004639986
-0.01043966
-0.01642906
-0.02205227
-0.02919733
-0.0350276
-0.0383497
-0.03840779
-0.03331896
-0.02631356
-0.01656945
-0.008663378
-0.005439108
-0.007006797
-0.009370086
-0.01074193
-0.008456063
-0.001814789
0.004069644
0.008068099
0.006388213
0.002147108
-0.002156215
-0.001254479
0.008335618
0.01976478
0.02750663
0.03282905
0.03491909
0.03354113
0.02949485
0.02707955
0.0270531
0.02717352
0.02330472
0.01512336
0.005148849
-0.003343606
-0.007777481
-0.009359436
-0.00806091
-0.007854802
-0.01015789
-0.01359931
-0.01685508
-0.01910309
-0.01721194
-0.01302579
-0.007841058
-0.003951727
-0.003638515
-0.005131723
-0.00531627
-0.005160136
-0.006190262
-0.006479868
-0.008416773
-0.01099118
-0.01132566
-0.0107605
-0.008651067
-0.00458527
-0.0001390116
0.003679947
0.005809786
0.005781306
0.003473126
-0.000406873
-0.003881932
-0.00431229
-0.003046388
0.001343775
0.007419998
0.01091664
0.01461933
0.01634423
0.01629026
0.01504084
0.01381183
0.01214421
0.009161823
0.007717589
0.005277837
0.003346046
0.002873875
0.002661805
0.002955655
0.001812325
-0.001755544
-0.007082911
-0.011427
-0.01320681
-0.01326078
-0.01220192
-0.01068713
-0.008632756
-0.00698944
-0.007631947
-0.00709125
-0.005252095
-0.004586958
-0.002529522
-0.001740965
-0.004295967
-0.00952439
-0.01502923
-0.01980273
-0.02235467
-0.02229643
-0.01949235
-0.01550405
-0.01360981
-0.01317519
-0.01298231
-0.01038631
-0.006005306
-0.003035983
-0.0020424
-0.002674697
-0.003604833
-0.001585129
0.003507836
0.01112326
0.01825623
0.02501995
0.02794338
0.024604
0.01857183
0.0128375
0.008391427
0.005749732
0.003700662
0.0001093503
-0.004022561
-0.008552271
-0.01116948
-0.01204861
-0.009527063
-0.003322292
0.001765579
0.00556111
0.007372741
0.008889594
0.01037993
0.01014544
0.00866043
0.005122163
0.002452937
0.00111073
-0.0001121358
0.0002449784
0.0003583128
-0.001744812
-0.005588057
-0.009284422
-0.01218111
-0.01285623
-0.01166883
-0.009940839
-0.008205702
-0.004528485
0.000908232
0.005402469
0.01038019
0.01376364
0.01625052
0.01747464
0.01720548
0.0182154
0.01817676
0.01805958
0.01808316
0.01786193
0.01769171
0.01615061
0.01332228
0.0115068
0.009991196
0.01108782
0.01154082
0.008275921
0.003171961
-0.001860597
-0.004898035
-0.004466453
-0.001703151
-0.0007064889
-0.002712706
-0.005738924
-0.009150702
-0.01262164
-0.01456563
-0.01819977
-0.02025597
-0.02124932
-0.01926224
-0.01727822
-0.01813285
-0.01949035
-0.0204378
-0.0201174
-0.0180171
-0.01399205
-0.01027199
-0.005153503
-0.0006082585
0.002621186
0.004021771
0.006254676
0.007402301
0.009306767
0.01025957
0.01057896
0.0128649
0.01531915
0.01854451
0.0211742
0.02160578
0.01947003
0.01418962
0.007530162
0.003153468
-0.002101446
-0.00447486
-0.003575094
-0.0009372484
-0.0008045223
-0.002284416
-0.00617661
-0.0116855
-0.01659668
-0.02079895
-0.02218399
-0.02084256
-0.01658597
-0.01343915
-0.01119808
-0.01035238
-0.008946691
-0.007125865
-0.007423579
-0.007989554
-0.006513488
-0.003569643
0.002370963
0.01003231
0.01776301
0.02349452
0.02597222
0.02752989
0.02577867
0.0230248
0.0180973
0.01037909
0.003358554
-0.002731741
-0.007236956
-0.008904533
-0.006149388
0.0006520963
0.008164521
0.01542908
0.02127891
0.02317929
0.02048967
0.01581412
0.01110592
0.007664565
0.005575727
0.00454565
0.002744453
0.001017715
-0.001758602
-0.00622098
-0.007767178
-0.006370676
-0.003976615
-0.004012194
-0.003652013
-0.004647412
-0.007247272
-0.009596211
-0.01368221
-0.01637489
-0.01723565
-0.01594217
-0.01405505
-0.01351739
-0.01301441
-0.01177806
-0.01090788
-0.008652541
-0.005628123
-0.004365246
-0.004293728
-0.004266072
-0.003322455
-0.003772159
-0.002639843
-0.0009750876
0.0004866878
0.001810763
0.0008704374
0.001266312
0.0008349658
-0.0006123005
-0.001206847
-0.001258754
0.003051878
0.007512451
0.01032572
0.01145395
0.009761885
0.004982276
-0.0004899131
-0.002955143
-0.004303473
-0.003631184
-0.001175935
0.001203833
0.0009601614
0.001266269
-0.0006328637
-0.002935917
-0.00384973
-0.005573424
-0.007613319
-0.008988175
-0.005687349
-0.003527905
-0.001078781
0.001724282
0.002040585
0.0002332469
-0.003993531
-0.00586819
-0.007434809
-0.006729888
-0.003858489
-0.0007269895
0.002346369
0.003965208
0.004837405
0.003160623
0.001382859
-0.002075864
-0.005055189
-0.008526153
-0.0115881
-0.01263656
-0.01477847
-0.01383488
-0.01189985
-0.009811816
-0.006038744
-0.002560453
0.0008760167
0.004173766
0.008419095
0.01237168
0.01399867
0.01449856
0.01398864
0.01245363
0.01311263
0.01417454
0.016489
0.01654926
0.01496937
0.01326809
0.01007965
0.00920967
0.007475749
0.006873008
0.006685406
0.006081645
0.003434821
0.0005605368
-0.0009347079
-0.001813873
-0.001236479
-0.001207846
-0.0005947538
-0.0005487821
-0.001754351
-0.002779381
-0.003618772
-0.004946743
-0.005325095
-0.005930908
-0.006363322
-0.005961376
-0.004360932
-0.0009530482
0.001093135
0.004839657
0.007170418
0.006689039
0.004936739
0.001711558
0.0004498756
0.0009905328
0.003728269
0.007047404
0.0087529
0.008326592
0.007381105
0.007429097
0.009280448
0.008368618
0.007064087
0.005053716
0.001780583
0.0007983697
-0.001345625
-0.00133844
-0.002916336
-0.004792074
-0.004880772
-0.003295651
-0.001643212
0.001573907
0.002206345
0.002429762
0.001020157
-0.0005485678
-0.001206434
-0.002555861
-0.001960149
-0.001572519
-0.001525569
-0.00191824
-0.003652213
-0.007310925
-0.005344341
-0.004777196
-0.003845913
-0.00369799
-0.002895229
-0.003639809
-0.00593071
-0.008427653
-0.01234852
-0.01553192
-0.01848378
-0.01881629
-0.01770346
-0.01558287
-0.01435172
-0.01580623
-0.01866528
-0.01979543
-0.02169467
-0.01968527
-0.0148474
-0.01042672
-0.00548278
-0.001621061
0.003451397
0.006333914
0.00870541
0.0120561
0.01452246
0.01649615
0.01859938
0.01979073
0.01988762
0.019398
0.01879823
0.01740387
0.01734368
0.01597482
0.01357678
0.01099616
0.008410436
0.006503013
0.004664948
0.002834022
0.001952714
0.0007623456
-0.001501065
-0.001768336
-0.003208609
-0.003628884
-0.005646479
-0.006441096
-0.006439095
-0.005188614
-0.003218017
-0.001448359
-0.001046524
-0.00127097
-0.001285297
-0.001484245
-0.001075275
-0.000405187
0.00147564
0.002745485
0.002973909
0.002083392
0.001468273
-0.0005779075
-0.002072269
-0.004229633
-0.005026318
-0.004260365
-0.002650873
-0.0002590426
0.001961426
0.003064993
0.001807259
0.0002190428
-0.001599695
-0.003034914
-0.003261435
-0.003453277
-0.003580861
-0.003528927
-0.002238714
-0.0008842431
-0.001115874
-0.0007467257
-0.0008569797
-0.0002307952
0.001646928
0.002315949
0.003520468
0.001843486
0.001938242
0.004190296
0.004127968
0.007191939
0.009038029
0.01047
0.01239972
0.0121956
0.01128259
0.008907907
0.006831066
0.003963723
0.002334658
0.0008942911
-0.0006052376
-0.001868128
-0.00308614
-0.002645635
-0.001699211
-1.022848e-05
-0.0003102482
-0.0006990097
-0.003554133
-0.006982498
-0.009167486
-0.01167275
-0.01155255
-0.01112838
-0.01125093
-0.01096141
-0.01087181
-0.009627569
-0.008999412
-0.006588297
-0.003947683
-0.002238332
-0.002561842
-0.003624855
-0.003782109
-0.004957325
-0.004046644
-0.002773865
-0.001668367
0.0004805883
0.002149122
0.002408013
0.003269722
0.003064509
0.002971495
0.002144078
0.004122679
0.005139419
0.003540874
0.0006510091
-0.001703358
-0.003273348
-0.00450572
-0.003670553
-0.00378603
-0.003619988
-0.001701588
-0.001341751
-0.003438075
-0.003030302
-0.004472811
-0.004211923
-0.001689697
0.002358448
0.007981469
0.01178073
0.01529949
0.0152972
0.01337221
0.01059247
0.008379836
0.00791854
0.007043123
0.006804185
0.005244344
0.003781401
0.001575895
-0.002479892
-0.005347382
-0.006785855
-0.00718189
-0.005870447
-0.004069407
-0.003359769
-0.003404528
-0.003404017
-0.003715826
-0.003505985
-0.001618667
-0.0008056017
-0.001504082
-0.001952341
-0.001380516
-0.0001540666
0.001270746
0.003285539
0.006324973
0.007171347
0.008783532
0.01002735
0.01129055
0.01291432
0.01336309
0.01233987
0.009339922
0.006690079
0.004705995
0.003168021
0.0003316373
-0.0003472065
-0.001274127
-0.002392477
-0.002302845
-0.003015514
-0.002805622
-0.003055721
-0.003983202
-0.005372607
-0.007648585
-0.008166857
-0.006337503
-0.003526243
-0.0004339879
0.001525119
0.001488648
0.0005890177
-0.0007867524
-0.001339723
-0.001490616
-0.0001068673
0.001185469
0.0005220849
-0.000219663
-0.00223227
-0.004016434
-0.005772411
-0.007342617
-0.007989797
-0.008549273
-0.007077266
-0.006265242
-0.005346766
-0.005154233
-0.005385392
-0.005780023
-0.006680465
-0.005672578
-0.004456479
-0.003405064
-0.002207636
-0.0003849667
0.0003877354
0.0006934898
1.315145e-05
-0.001421615
-0.002207055
-0.002380776
-0.002050351
-0.001852123
-0.0008906254
0.001132269
0.002309121
0.00368087
0.003349743
0.002230794
0.0008741564
0.000495478
0.0006495134
0.0002844111
0.0002862608
-0.0009597536
-0.0007371735
8.966922e-05
0.00169135
0.002209231
0.002959432
0.0036326
0.00367038
0.003994829
0.003520901
0.002453736
0.0008271426
-0.0003594456
-0.001207365
-0.001381175
-0.0007240211
0.0006687302
0.002782736
0.004173078
0.004901163
0.004474482
0.003517219
0.002977024
0.002670871
0.001864501
0.000666223
0.0002926298
-0.0001503717
-0.0001979767
-8.023252e-06
-5.174977e-05
-0.0006893435
-0.001541495
-0.002280072
-0.002758903
-0.002542151
-0.001362626
-0.0003391694
7.027332e-05
0.0005998544
0.0007491066
0.0006894362
0.0007787067
0.0007660679
0.0007396571
0.0005135407
0.0005108819
0.0004306804
8.42428e-06
-0.0006504544
-0.0008488653
-0.0009702222
-0.0008677801
-0.0008210568
-0.0007513589
-0.0006698781
-0.0006714498
-0.0008247291
-0.001238248
-0.001304698
-0.001390073
-0.001208765
-0.000958074
-0.000634664
-0.0005493133
-0.0005768488
-0.0004395675
-0.0003381282
-7.890078e-07
0.0002041692
0.0002455248
0.0002395441
0.0001510443
0.0001055289
0.0002046626
0.0004104436
0.0006757792
0.0008929264
0.001038436
0.001189209
0.001165529
0.001078799
0.0009658138
0.0008062892
0.0005937355
0.0004479723
0.0003676782
0.0002923966
0.0002289288
0.0002341262
0.0002644046
0.0002513284
0.0002605119
0.0002153594
0.0001596533
9.44384e-05
6.253404e-05
3.190168e-05
4.193501e-06
-1.978156e-05
-5.222486e-05
-7.706655e-05
-9.479983e-05
-0.0001017638
-0.0001027883
-9.546833e-05
-8.638068e-05
-7.960208e-05
-7.88681e-05
-8.151971e-05
-8.660202e-05
-9.100098e-05
-9.329909e-05
-9.364125e-05
