-0.004249308
-0.00319871
-0.001582008
-0.001951241
-0.00274275
-0.001127055
-0.001925696
-0.004149273
-0.003517865
-0.0006710137
-0.001918438
-0.006306438
-0.004919193
0.0009152547
0.003463267
0.002828884
0.002547424
0.003054429
-0.002320902
-0.009781109
-0.003305052
-0.001224171
-0.01168317
-0.01393728
-0.009633803
-0.009480706
-0.003545225
0.00620404
0.007824928
0.004305022
0.002817979
0.0060413
0.01281525
0.005576434
-0.003557532
0.001085644
-0.003821435
-0.01235257
-0.0003929214
0.01356899
0.0002469275
-0.01804253
-0.02840863
-0.01857158
-0.003878308
0.0008893474
0.004554387
0.02489949
0.04593616
0.04500407
0.04268886
0.01984004
-0.01420838
-0.02118089
-0.00919874
0.0007158727
0.00020507
-0.005122169
-0.003995864
0.01071582
0.02138832
0.01593767
0.00740867
0.002094714
-0.005742719
-0.01813751
-0.02776401
-0.0253535
0.009157444
0.03677931
0.03992424
0.02960007
0.009430867
-0.01177873
-0.01874301
-0.01732594
-0.02469311
-0.03460314
-0.03151836
-0.02087334
-0.01075158
-0.004354852
-0.01046536
-0.008539287
-0.0008420479
-0.005980486
-0.01301
-0.005131193
-0.004720821
-0.007386765
0.004811753
0.03298755
0.04130906
0.02628787
0.001640943
-0.01833846
-0.03062502
-0.04208436
-0.04094975
-0.01781782
0.02243889
0.04933972
0.05875368
0.06800852
0.05784869
0.01697972
-0.008912585
-0.01646427
-0.02000123
-0.02951845
-0.0190304
0.01059897
0.00863588
-0.04066642
-0.06360683
-0.06251602
-0.05837236
-0.04595343
-0.003728061
0.05057003
0.05247583
0.03555039
0.04033566
0.06499562
0.01116047
-0.06747087
-0.100546
-0.07158157
-0.03018747
0.001538053
0.0352434
0.04089977
0.04601861
0.01917167
0.008504988
0.02359229
0.0486297
0.05616697
0.05330738
0.05272138
0.0388509
0.0169622
-0.01126375
-0.03415204
-0.05932106
-0.06242542
-0.0313149
0.02019766
0.05926214
0.04320787
-0.009055382
-0.03238429
-0.02929825
-0.03252092
-0.04124036
-0.04345831
-0.04297429
-0.0465519
-0.05222355
-0.02156079
0.03602387
0.07437541
0.06633838
0.0336561
0.01106163
-0.02162472
-0.03885195
-0.04610153
-0.02987377
0.002947353
0.002010559
-0.003013372
0.007497299
0.02433401
0.01307585
-0.01391785
-0.001092789
0.02838174
0.03783672
0.03648991
0.01986045
0.008785903
-0.0004709994
-0.01391704
-0.02189281
-0.04040111
-0.0356228
-0.02914211
-0.01642819
0.0008441024
0.023757
0.06596728
0.09578252
0.08840959
0.04553556
0.03063912
0.03641093
0.03288035
-0.008309652
-0.05823289
-0.09112825
-0.07473515
-0.03631211
-0.02143065
-0.01287422
-0.009149523
0.01095434
0.04353382
0.08356645
0.1119527
0.09356586
0.02517351
-0.04196219
-0.07202905
-0.07550145
-0.08511323
-0.0953462
-0.1093399
-0.1000245
-0.04249786
0.04473835
0.1511393
0.1616736
0.1270667
0.1165033
0.1162164
0.08840888
0.02506761
-0.02303893
-0.05488158
-0.07728819
-0.1122775
-0.1234672
-0.1154483
-0.08618882
-0.07101148
-0.05346979
-0.01521496
0.02275224
0.04967895
0.06036829
0.06067097
0.04088884
0.01188693
-0.01740466
-0.04434209
-0.0627921
-0.06876342
-0.07072412
-0.03456739
0.008188733
0.0239271
0.02068428
0.01018417
0.01853366
0.05374689
0.06904055
0.05600165
0.04431122
0.04091134
0.0492588
0.04988895
0.02370329
-0.0002505954
-0.007301043
-0.01840089
-0.0322935
-0.03860648
-0.03672274
-0.0351705
-0.02417408
-0.001209991
0.02982229
0.04667148
0.05163257
0.04460663
0.01242748
-0.02593898
-0.0604733
-0.07244012
-0.07237603
-0.07080235
-0.0662319
-0.05989278
-0.02864933
0.002412565
0.03672112
0.06821651
0.08693641
0.09739636
0.09332435
0.08054361
0.05013418
0.01423309
-0.02595608
-0.06897065
-0.1109101
-0.1323446
-0.1296927
-0.1234086
-0.1052721
-0.07931022
-0.06628496
-0.05712651
-0.03098507
0.0008694019
0.04030757
0.06098488
0.0874303
0.1360138
0.1629661
0.1362339
0.05345565
-0.004888463
-0.05658932
-0.114502
-0.1553806
-0.1694547
-0.1702596
-0.1737532
-0.1861432
-0.203465
-0.2149656
-0.2213866
-0.226502
-0.2253189
-0.2333392
-0.2106066
-0.1185333
-0.01659563
0.07671082
0.1769645
0.2759768
0.3546065
0.3842109
0.3854572
0.3732182
0.3427966
0.3071894
0.2811038
0.251386
0.2556995
0.2720419
0.3065454
0.3287885
0.2801232
0.228251
0.1431268
0.113864
0.06161139
-0.01703577
-0.1045498
-0.2286736
-0.3263621
-0.3643439
-0.3754079
-0.3512717
-0.3239725
-0.2642169
-0.134273
-0.02325419
0.1469797
0.3145218
0.46483
0.5142601
0.4183107
0.2260652
0.06860368
-0.05056091
-0.1490634
-0.2162069
-0.2212845
-0.1192509
-0.04288861
0.005931623
-0.01937664
-0.09811556
-0.1374835
-0.1559017
-0.2067354
-0.2398048
-0.2442561
-0.2516491
-0.189727
-0.1053822
-0.0585907
0.00680965
0.09736117
0.1598851
0.1483826
0.04596436
-0.03803978
-0.1023457
-0.1603908
-0.1976851
-0.2137643
-0.2141948
-0.1916681
-0.02438502
0.04457718
0.05260153
0.08825259
0.131826
0.1143575
0.08585255
0.07221109
0.04724966
0.03360004
0.01693734
-0.06182092
-0.1459281
-0.1021772
-0.05169022
0.02055742
0.0595806
0.1076563
0.1466274
0.2004019
0.2219423
0.2184519
0.2091995
0.1466256
0.09329693
0.04640145
-0.004955519
-0.06073928
-0.104534
-0.1451473
-0.1673016
-0.168852
-0.1465813
-0.1173643
-0.1142533
-0.1052334
-0.07591856
-0.04461063
-0.004896886
0.04314618
0.08708682
0.1171422
0.1280113
0.1059304
0.06902586
0.05358211
0.05537328
0.08846214
0.1158726
0.1307219
0.1424713
0.1420848
0.1449378
0.153412
0.1528878
0.1149693
0.05596139
-0.005634303
-0.07424454
-0.1436004
-0.1946544
-0.2237009
-0.2303502
-0.2275788
-0.2150041
-0.1770182
-0.1351594
-0.09110961
-0.04409468
0.01155557
0.06717319
0.1281091
0.1781147
0.198631
0.150992
0.06275697
0.009631374
-0.0405556
-0.09807026
-0.1804311
-0.1915857
-0.1553797
-0.1077671
-0.04849581
-0.03197274
-0.02298747
0.008259293
0.0312512
0.03178067
0.0479345
0.05881799
0.06575612
0.06486167
0.05482802
0.03865703
0.03917937
0.05699682
0.06456022
0.04267519
0.01083293
-0.006548794
-0.001837317
0.0171511
0.02220224
0.00958392
-0.00385856
-0.01971946
-0.04030908
-0.05752453
-0.0763975
-0.09641183
-0.1090995
-0.1082895
-0.08877172
-0.06787487
-0.06657835
-0.0709112
-0.07534095
-0.07426984
-0.06164111
-0.03154591
-0.004845257
0.003387273
-0.001299517
-0.01719508
-0.03053045
-0.03887904
-0.04355359
-0.04150939
-0.04416332
-0.05805867
-0.08100039
-0.09936537
-0.1082189
-0.1074701
-0.1064907
-0.1010153
-0.1009315
-0.08318136
-0.02673137
0.02376894
0.07356648
0.120097
0.1622108
0.2074398
0.2454512
0.2601577
0.2365918
0.2089927
0.1805094
0.1494311
0.1320055
0.114835
0.1009845
0.08678116
0.0659437
0.03668819
0.0005864394
-0.02460131
-0.03730936
-0.06026842
-0.08779605
-0.1129736
-0.1299157
-0.142231
-0.1584111
-0.164939
-0.1722594
-0.1704651
-0.1445203
-0.100094
-0.05007515
-0.006377196
0.04250949
0.1060138
0.1576361
0.168691
0.1536156
0.1269203
0.1054137
0.1002271
0.1016869
0.1158028
0.1332745
0.1495875
0.1643613
0.1840281
0.1999015
0.21415
0.1836552
0.1127143
0.06872287
0.02072997
-0.02752507
-0.07152365
-0.1090483
-0.1336791
-0.1493778
-0.1576295
-0.155265
-0.1405697
-0.1187079
-0.1029375
-0.09589427
-0.09259444
-0.09583177
-0.1024576
-0.1165691
-0.1317517
-0.147942
-0.1664732
-0.1791027
-0.1900257
-0.199735
-0.2063618
-0.1993399
-0.1662041
-0.1273409
-0.09346454
-0.0621504
-0.03516514
-0.01125212
0.01460401
0.04841919
0.08506793
0.1204947
0.154368
0.189599
0.2248768
0.2666082
0.2965015
0.3043577
0.3024892
0.3043417
0.3120479
0.315615
0.2994563
0.2514022
0.212625
0.1779258
0.1338538
0.09086605
0.05604747
0.02895233
-0.0009865609
-0.03305215
-0.06516161
-0.09517904
-0.1120568
-0.1176116
-0.1215323
-0.1248635
-0.1291882
-0.1414025
-0.157959
-0.1677447
-0.1726284
-0.176901
-0.1810206
-0.1833818
-0.1831644
-0.1770881
-0.1598826
-0.1362072
-0.1223493
-0.1064423
-0.08451726
-0.05806341
-0.03297229
-0.01129918
0.01096349
0.02960617
0.0470677
0.05901306
0.07164897
0.08463984
0.09541323
0.09885179
0.09312158
0.08755763
0.08311567
0.07892259
0.07505898
0.07226432
0.06936665
0.06682496
0.06596218
0.0659052
0.06597879
0.06067086
0.04535774
0.03004055
0.01011295
-0.01076528
-0.02725751
-0.04223913
-0.055143
-0.06655666
-0.07297843
-0.07171043
-0.06516597
-0.0591366
-0.04603354
-0.02272537
0.003370448
0.02300253
0.03133097
0.03167792
0.02779798
0.01820298
0.007045348
-0.006563348
-0.01832075
-0.02339408
-0.02380806
-0.01859164
-0.009966377
-0.004452115
-0.003937893
-0.001335731
0.00238537
0.006161551
0.005816932
0.003906613
0.003450814
0.001606794
0.001789515
0.001086875
0.001342015
0.001203435
0.001029154
-0.002421366
-0.01092701
-0.02174295
-0.03440611
-0.04274039
-0.04737819
-0.04778605
-0.04420674
-0.0390709
-0.03208376
-0.02353296
-0.01465985
-0.00660375
-0.005119513
-0.0130407
-0.02491132
-0.03255812
-0.03693379
-0.03564437
-0.02950486
-0.01788284
-0.00428713
0.01475844
0.03391826
0.04263225
0.0464635
0.04261314
0.03766831
0.02946662
0.020656
0.01689743
0.0170322
0.02265049
0.03237122
0.04599039
0.0607795
0.07261265
0.08022504
0.08405017
0.07978364
0.05576991
0.0257851
0.001678553
-0.01974132
-0.03468011
-0.04029406
-0.03899241
-0.03034881
-0.0183188
-0.008439974
-3.504751e-05
0.003066898
0.001878724
-0.002465331
-0.004837725
-0.006542021
-0.01319944
-0.02388891
-0.03356145
-0.03739856
-0.03519932
-0.02407406
-0.006301457
0.007864424
0.01879997
0.02939993
0.04067717
0.04795499
0.04788575
0.03852941
0.01992065
0.007889867
0.002493166
-0.0005616154
-0.001224497
-0.00294818
-0.008270422
-0.01798886
-0.02941785
-0.03911385
-0.04415866
-0.041071
-0.03039149
-0.02121239
-0.01109184
-0.0005398234
0.00615965
0.008828083
0.007640916
0.004979848
0.00212906
0.0005655119
-0.003542937
-0.01240153
-0.02373668
-0.03397328
-0.04055421
-0.04336013
-0.04150056
-0.03512137
-0.02373296
-0.01348389
-0.005592047
-0.005496061
-0.01394563
-0.02123037
-0.02760526
-0.02972268
-0.02969605
-0.02745807
-0.02291795
-0.01608894
-0.009294619
-0.004386277
0.0005761248
0.004008526
0.009038248
0.01371097
0.01699955
0.01979853
0.02406325
0.02941325
0.03526406
0.04008162
0.04280716
0.04561838
0.04595711
0.04613367
0.04368475
0.0351403
0.0214571
0.008750031
0.0002259854
-0.006506941
-0.01088469
-0.007417615
-0.0004917233
0.009291189
0.01825198
0.02769625
0.03913768
0.04622983
0.0493246
0.04289461
0.0358465
0.02920434
0.02397081
0.01965834
0.01447275
0.007481751
-0.0006506227
-0.009528617
-0.01857287
-0.02747841
-0.03921546
-0.05189092
-0.06343826
-0.07327506
-0.0805537
-0.08546491
-0.08938265
-0.090781
-0.08675804
-0.07743515
-0.06740133
-0.05738996
-0.04308642
-0.0275344
-0.01521885
-0.004808651
0.005830025
0.0154589
0.02173401
0.02673617
0.0292179
0.03340405
0.03937317
0.04688758
0.05413985
0.05832191
0.05921857
0.05603318
0.05166357
0.04666156
0.03932273
0.03090576
0.02481541
0.02084971
0.01973288
0.02115177
0.02411391
0.02891818
0.03360616
0.03578494
0.03839723
0.03806885
0.03669803
0.03473561
0.03058836
0.0242583
0.01386252
0.003614638
-0.005160363
-0.01125582
-0.01777765
-0.02334271
-0.02847325
-0.03369151
-0.0392372
-0.0453143
-0.05264805
-0.06141081
-0.06991756
-0.07699528
-0.08020212
-0.07935546
-0.07249387
-0.06051902
-0.04692951
-0.03237916
-0.02096327
-0.01329078
-0.008391671
-0.006462802
-0.003614915
-0.0004141082
0.002373598
0.005452004
0.008585489
0.01186993
0.0187305
0.02581138
0.03144794
0.03351655
0.03505985
0.03748749
0.03990595
0.04334339
0.04368819
0.04024777
0.03406661
0.02832405
0.02366269
0.02197258
0.0208139
0.01701444
0.01138509
0.005932207
0.001345301
-0.002834625
-0.006802391
-0.008835218
-0.004488966
0.006876925
0.0232398
0.04178343
0.0531483
0.06198356
0.06620741
0.0638645
0.05434283
0.03491798
0.01197413
-0.008643107
-0.02264768
-0.02972136
-0.03046797
-0.02703973
-0.01986604
-0.01212524
-0.007140479
-0.006594757
-0.009868936
-0.01485468
-0.01977003
-0.02487919
-0.0289194
-0.03218134
-0.03438962
-0.0346242
-0.03456094
-0.03459969
-0.03380203
-0.0318885
-0.03165286
-0.03298701
-0.03642235
-0.03987606
-0.04179875
-0.03961696
-0.03427623
-0.02672821
-0.0203991
-0.01486152
-0.009631966
-0.004827758
-0.00117513
-0.001476022
-0.002635755
-0.005538668
-0.005935441
-0.005080677
-0.002153272
0.001480992
0.004635856
0.007809079
0.008703622
0.008487384
0.008512887
0.008024308
0.008917828
0.01023363
0.01184625
0.01361493
0.01455536
0.0156335
0.01516736
0.01517756
0.01728079
0.02102929
0.02514396
0.02919336
0.02838449
0.02321921
0.01710634
0.01204305
0.007118484
0.004644975
0.003644346
0.002643717
0.0008709466
-0.000185784
0.0004394648
0.001444153
0.003414781
0.005745468
0.008895215
0.009832582
0.008529007
0.005947372
0.004083816
0.00203258
0.000126184
-0.0002848929
-0.00225759
-0.003775368
-0.004293547
-0.003248066
0.0007146144
0.004844574
0.007127315
0.007761732
0.008299252
0.008157449
0.008380806
0.009394664
0.01006172
0.01008311
0.00954147
0.008254205
0.00898042
0.01093267
0.01185473
0.01139162
0.009842213
0.007960283
0.005301115
0.001665806
-0.002656984
-0.007132774
-0.01169322
-0.0171319
-0.02205241
-0.02571016
-0.02490949
-0.02143847
-0.01729628
-0.01030931
-0.002833769
0.003971636
0.008480001
0.009253125
0.005976847
-0.002475929
-0.01230979
-0.0192091
-0.02301986
-0.02114004
-0.01471816
-0.004744642
0.006099957
0.01513406
0.02049003
0.02135393
0.01856419
0.01479219
0.01153426
0.00763068
0.003816856
0.001698272
-0.001738154
-0.004546259
-0.003515085
-0.001793372
-0.001128379
-0.002062746
-0.003724374
-0.005603263
-0.009175352
-0.01333802
-0.01555555
-0.0161268
-0.01433879
-0.01233556
-0.01094025
-0.009325646
-0.0106262
-0.01201957
-0.0136812
-0.0141168
-0.01292243
-0.01277255
-0.01013488
-0.006070238
-0.003845674
-0.00176493
-0.0006766472
0.002524055
0.007994258
0.01405708
0.01869088
0.02043706
0.02127646
0.01619578
0.01005634
0.005171502
0.0009353815
-0.00324872
-0.003938302
-0.003431424
-0.001266027
0.00226719
0.004263267
0.008228963
0.01298006
0.01780663
0.02054017
0.0225597
0.02199354
0.01972499
0.0167761
0.01128946
0.007171651
0.003897383
0.003450555
0.005646546
0.008114877
0.008466709
0.006175718
0.002248648
-0.002366922
-0.007034512
-0.009886505
-0.01327807
-0.01590975
-0.01578538
-0.01303349
-0.009175926
-0.005447898
-0.002828612
-0.000972286
0.0006025197
0.0004718849
0.00398163
0.007251674
0.01073796
0.01330012
0.01442205
0.01639057
0.01437293
0.01358541
0.01262552
0.0106548
0.00908902
0.005966722
0.001881543
-0.003801976
-0.008866356
-0.01371552
-0.01676234
-0.01720306
-0.01643508
-0.01500206
-0.0129601
-0.01028676
-0.008205026
-0.007979687
-0.00895591
-0.01077261
-0.01404996
-0.01754354
-0.0216991
-0.02529877
-0.02762751
-0.02779488
-0.0279959
-0.02786951
-0.02447197
-0.02009014
-0.01524114
-0.01013103
-0.004167178
0.001615115
0.008181788
0.01296346
0.01540729
0.0157438
0.01255928
0.008993268
0.007480519
0.00895739
0.01214888
0.01514657
0.01566872
0.01578491
0.01446086
0.01103561
0.008358021
0.00507965
0.002097079
0.0001192078
-0.002042264
-0.003625395
-0.006188747
-0.009031579
-0.01156433
-0.0141032
-0.0141696
-0.01431147
-0.01376892
-0.01168822
-0.01007773
-0.007125943
-0.004083377
-0.001437591
0.002381195
0.00525954
0.007848206
0.009510711
0.01197494
0.0157927
0.01852621
0.02024889
0.02106785
0.02095352
0.0208708
0.02072995
0.02093079
0.02049515
0.01787162
0.01457692
0.01039279
0.005715989
0.001107532
-0.002807325
-0.005650162
-0.00635508
-0.005078137
-0.003913395
-0.003494272
-0.00247131
-0.001381028
-0.0008884662
-0.0004469043
0.002042817
0.002469079
0.002109941
0.0005982023
-0.003123876
-0.007761915
-0.01170125
-0.01388007
-0.01354663
-0.01216055
-0.01072245
-0.008719268
-0.006010247
-0.003547046
-0.001606086
-0.0006830851
-0.0008861645
-0.001593124
-0.004008583
-0.003754703
-0.004463702
-0.004265922
-0.003823341
-0.002345461
-0.0003983807
0.00206482
0.00442602
0.00357626
0.00439522
0.003966721
0.002270361
0.001607261
0.002163062
0.004603822
0.008216563
0.01089498
0.01393754
0.01380688
0.01058766
0.008076325
0.003755504
0.001272725
0.0009217454
0.000936946
0.0006471665
-0.001229733
-0.003711492
-0.005581251
-0.00660543
-0.00765919
-0.009103609
-0.009297509
-0.009709688
-0.007378066
-0.005719645
-0.004497783
-0.003931782
-0.003341301
0.0006712807
0.002971282
0.005359004
0.007559046
0.009167488
0.00979775
0.009378433
0.007488274
0.005636877
0.002304439
-0.0004027385
-0.002237816
-0.004010673
-0.00382921
-0.004048607
-0.006114202
-0.00817266
-0.01066258
-0.01212433
-0.01177967
-0.01208066
-0.0114963
-0.01169632
-0.01156585
-0.01174241
-0.0116864
-0.01186296
-0.01115721
-0.008417587
-0.00613288
-0.002899575
-0.0004690087
0.002838757
0.006909484
0.00940941
0.01036608
0.01101878
0.01163477
0.01229768
0.01429475
0.01675898
0.01881214
0.02038999
0.0207061
0.02037145
0.01916572
0.01713175
0.0143542
0.01120333
0.009173439
0.00754441
0.005548181
0.002268792
-0.001712356
-0.008183324
-0.01480627
-0.01854466
-0.02035321
-0.02018091
-0.01831644
-0.01788609
-0.01845227
-0.01631036
-0.01509766
-0.01538539
-0.01329243
-0.01284066
-0.01212776
-0.01055705
-0.008097909
-0.004107752
-0.002053554
-0.002745197
-0.003764258
-0.00439368
-0.004607961
-0.004755942
-0.004660142
-0.003761602
-0.001531962
0.0007629593
0.00353932
0.007888522
0.01141968
0.01446737
0.01721313
0.01946419
0.02031378
0.02233534
0.02282895
0.02538397
0.0271383
0.02758702
0.02724831
0.02458808
0.02302332
0.01995815
0.0150733
0.01141857
0.009989479
0.007130348
0.005412598
0.004170169
0.00210154
0.0005367921
-0.003700355
-0.007184742
-0.01129439
-0.01597931
-0.01834782
-0.02138647
-0.02349487
-0.02519527
-0.02636834
-0.0272609
-0.0281963
-0.02790464
-0.02504769
-0.02234169
-0.01953165
-0.01587807
-0.0127559
-0.01061702
-0.008858601
-0.008085499
-0.006625934
-0.00604459
-0.005681525
-0.00407508
-0.002404374
-0.001511928
-0.0015691
-0.001971032
-0.002842164
-0.002057835
-0.001591745
-0.001869234
-0.001904983
-0.002971952
-0.002572159
-0.001852086
-0.001806232
0.0003632624
0.002637817
0.005030693
0.00780199
0.01042437
0.01214405
0.01299468
0.01431758
0.01671556
0.0184128
0.01841277
0.01761917
0.01746715
0.0176038
0.01666332
0.01726101
0.01566467
0.01422746
0.01405097
0.01421107
0.01606132
0.01699459
0.01621528
0.013397
0.01081127
0.007929741
0.004752416
0.001780111
0.0006591072
-0.001054516
-0.002808939
-0.00383916
-0.004144161
-0.004401221
-0.004425721
-0.005887399
-0.007287876
-0.008890314
-0.00999805
-0.01098644
-0.01375882
-0.01496753
-0.01709016
-0.01977073
-0.02229422
-0.02297763
-0.02155678
-0.01978811
-0.01811532
-0.0149268
-0.01227277
-0.009707471
-0.007651154
-0.005001196
-0.001042577
0.002139823
0.005144744
0.006377926
0.006945049
0.006175973
0.004772458
0.003687184
0.004626611
0.005846539
0.007520367
0.009939817
0.01276421
0.0155886
0.01662391
0.01740015
0.01682896
0.01504908
0.01098134
0.007924415
0.004652274
0.001623915
-0.001639043
-0.00485712
-0.005871997
-0.007351992
-0.006251386
-0.004678519
-0.00280271
-0.001741881
-0.002442591
-0.004570279
-0.006268546
-0.008059633
-0.01064224
-0.0122793
-0.0138929
-0.01491592
-0.01333794
-0.01106432
-0.009198702
-0.007772699
-0.006033554
-0.005043089
-0.005250102
-0.003700674
-0.002492944
-0.001511654
0.001388258
0.003362011
0.003653785
0.003282561
0.003120437
0.003162315
0.003510195
0.003717315
0.004450757
0.00610934
0.007119205
0.009130711
0.009308259
0.009987647
0.01046202
0.01106899
0.01160966
0.01148427
0.01192397
0.01149972
0.01023704
0.007399481
0.004316102
0.0007992235
-0.001924093
-0.005328769
-0.006366023
-0.006648475
-0.007860146
-0.007346996
-0.007411165
-0.006706252
-0.006798977
-0.005775821
-0.004509904
-0.002291305
0.0003526347
0.002401916
0.003093579
0.003499644
0.00341305
0.001984138
0.001117247
0.001096957
0.003000389
0.004077623
0.004865178
0.005934254
0.006963552
0.007575672
0.007450333
0.006234616
0.00376532
0.001260326
-0.001000886
-0.003972017
-0.005638567
-0.005919955
-0.005890241
-0.006727526
-0.008489949
-0.009623031
-0.00995949
-0.009301448
-0.007627485
-0.005939239
-0.004023533
-0.002679025
-0.001875115
-0.001185443
-0.00120875
-0.001501335
-0.001040138
-0.0016887
-0.00310124
-0.006081518
-0.008279456
-0.01017547
-0.01168388
-0.01208253
-0.01007704
-0.006083572
-0.003800638
-0.001574822
-0.000729065
0.0003125341
-0.000129965
0.0003873577
0.001620722
0.001551548
0.001900576
0.001852826
0.001749998
0.001611471
0.001804447
0.001531284
0.002112883
0.003882784
0.006187166
0.009516652
0.01165886
0.01315643
0.01304648
0.01209503
0.01050302
0.008665199
0.007132355
0.005113995
0.003397557
0.00360586
0.004279286
0.004502893
0.004537803
0.004237134
0.004291427
0.003398143
0.00233248
0.0009618393
-0.0003322994
-0.002396536
-0.003431591
-0.004491123
-0.005996394
-0.007140583
-0.00871827
-0.01048975
-0.01061394
-0.01097476
-0.01112546
-0.01095485
-0.01175835
-0.01061058
-0.009259828
-0.008998436
-0.007500802
-0.006755926
-0.006325208
-0.006200487
-0.006331785
-0.00404364
-0.003318133
-0.0003567844
0.002046627
0.00543842
0.008290637
0.01087765
0.01285879
0.0127061
0.01195466
0.01004043
0.01049565
0.01000739
0.01187124
0.01295275
0.01297857
0.01287689
0.01269973
0.01297444
0.01311247
0.01321174
0.01289689
0.01291456
0.01111358
0.01057433
0.0101779
0.008420778
0.006324004
0.004323112
0.001841802
-0.0003294258
-0.001993711
-0.002858314
-0.001774714
-2.505238e-05
0.001724612
0.002439999
0.002794308
0.002233679
0.001013113
-0.0003849301
-0.0006201712
-0.0004198698
-0.000599006
-0.0003946197
-0.0006706509
-0.0004478997
-0.001122746
-0.00382127
-0.006561611
-0.009633449
-0.01342847
-0.0177294
-0.01932529
-0.02145464
-0.0208208
-0.02049618
-0.01848271
-0.01729841
-0.01655134
-0.01541601
-0.01701079
-0.01702769
-0.0172643
-0.01689197
-0.01614307
-0.01455148
-0.01367806
-0.01374237
-0.01334676
-0.01149739
-0.01048891
-0.007588001
-0.004165113
-0.0008421594
0.00331869
0.006718128
0.01010955
0.01233697
0.0141141
0.01426346
0.01356588
0.01336357
0.01269307
0.01234239
0.01123783
0.01065205
0.01152127
0.01281328
0.01408653
0.01509466
0.01490341
0.0155214
0.01377418
0.01064239
0.00866717
0.006269594
0.003621181
0.00147763
-4.637626e-05
-0.0008413228
-0.001881106
-0.001830609
-0.0007799689
-0.0004529713
-0.0002673119
-0.001047933
-0.002119607
-0.004029015
-0.004976662
-0.006399186
-0.006169775
-0.003507253
-0.001705621
0.0002808103
0.001444806
0.00224521
0.002437827
0.002205636
0.0008505587
0.0001088701
-0.0001682307
-0.0001559517
0.001058973
0.001622634
0.001445838
0.001437458
0.00149078
0.001343181
0.001937022
0.002923734
0.002995789
0.003170058
0.003904901
0.004128435
0.003365652
0.002715098
0.00241579
0.002343278
0.001754624
0.0006705269
0.0002366718
-0.0004479295
-0.001150413
-0.0022995
-0.002785545
-0.002667614
-0.003404331
-0.003827044
-0.003829459
-0.003546705
-0.002239453
-0.002115161
-0.001972036
-0.002045973
-0.001834964
-0.00214263
-0.002851472
-0.003378889
-0.003975182
-0.00416683
-0.005103043
-0.00503943
-0.005292342
-0.005157333
-0.00486695
-0.0046929
-0.004148472
-0.003649412
-0.002784557
-0.001811884
-0.000605233
-0.0004095622
0.0001522741
0.0007525459
0.0008786597
0.001604809
0.002054018
0.002683786
0.00313557
0.003087803
0.002994558
0.002744958
0.002555907
0.002385476
0.001701052
0.001541062
0.001817053
0.001929036
0.00181124
0.001909321
0.002081266
0.001954828
0.001730881
0.001548722
0.00139464
0.001092692
0.0005994257
0.0001149862
-0.0002881719
-0.0006007596
-0.0007874016
-0.0008546396
-0.0007213669
-0.0007185554
-0.0005639987
-0.0004356438
-0.0004268544
-0.0004288264
-0.0005892951
-0.0007464513
-0.0009128925
-0.0009067813
-0.0008398236
-0.0007371655
-0.0006679756
-0.0004816743
-0.0002796461
-0.0002262392
-0.0002575068
-0.0002206482
-0.0002723318
-0.0003345323
-0.0003485585
-0.0003636394
-0.0002726153
-0.0001846983
-4.754846e-05
2.51353e-05
6.092116e-05
0.0001117695
0.000135751
0.000189517
0.0002467201
0.0003022954
0.0003312694
0.0003405857
0.00031922
0.0002879569
0.0002415227
0.0001950315
0.0001514816
0.000132021
0.0001152711
0.0001026724
0.000116927
0.0001277501
0.0001364294
0.0001377471
0.0001331562
0.0001239717
0.0001070063
8.385893e-05
5.742007e-05
2.760368e-05
-5.238092e-06
