-0.0003395382
-0.0002590154
0.0008965877
0.002114411
0.001438094
-0.0008630823
0.0001160615
0.001555225
-0.0009489304
-0.001139726
-0.001232601
0.0005737633
0.001610028
0.0002482734
-0.0007728012
-0.001338956
0.00029809
0.001705636
0.000681502
-0.0004629917
-0.001333105
-0.001544298
0.0002916483
-7.254458e-05
0.001787883
0.00102385
-0.002408502
-0.002122954
-0.0008296464
0.001357182
0.00102053
-2.581253e-06
0.001356007
-0.0004280235
-0.0006728744
0.0002909749
-0.001336996
-0.001041246
-5.99598e-06
0.0002826141
-0.001639116
-0.001618765
0.0008648855
0.001491116
-0.0008355528
-0.0007193216
0.0001935297
0.001025801
0.001547993
0.001808045
0.000732917
-0.001465231
-0.002182338
-0.003765426
-0.002057993
0.00182
0.001882173
0.002955167
0.00185658
-0.001973566
-0.001122932
0.0008303218
0.001666676
-0.0003937695
-0.001204715
-6.338013e-05
-0.0009946851
-0.0008784501
0.001475665
0.003004601
-0.0003736836
-0.002775828
-0.0009827118
0.0001851444
0.001488661
0.002720777
0.003010414
0.0008520508
-0.001880572
9.920509e-05
0.002465562
0.00420564
0.001519938
-0.002430564
-0.001109706
-0.001276008
0.0009771305
0.003419989
0.004294088
0.003888087
-4.711427e-05
-0.001568995
-3.335583e-06
0.000400544
0.001813204
0.0009002637
0.0002627238
-0.001390736
-0.001970135
0.0002687251
-0.0003310741
-3.837323e-05
0.002484048
0.003061329
0.00150171
-0.0001160479
0.002187074
0.005414316
0.003586438
0.00121184
-0.0005436175
-0.001903315
-0.003336452
-0.0003397293
0.002615174
0.0006689769
-0.00274398
-0.002047356
-0.0001991525
0.0002628713
0.002385455
0.004418279
0.001908024
-0.003993732
-0.003706127
-0.003681682
-0.003902037
-0.0001647922
0.0008704731
0.001146858
0.0001370241
-0.00210599
-0.0002404443
0.001006982
0.000573448
0.001090554
-0.0006699991
-0.002333652
-0.002267386
-0.001130119
0.0005538684
0.0004283757
-0.0001612168
-0.004700249
-0.008137681
-0.007289073
-0.004416785
-0.0002592974
0.0006443909
-0.0003695205
-0.001771032
-0.001993423
0.0003688658
0.0005014349
0.001070564
0.003266593
0.002184343
0.0006757328
-0.0005574774
0.0003390726
-0.002135477
-0.002409887
0.0002941034
0.000765314
-0.0005749953
-0.002816984
-0.001801093
0.0001684977
0.000757009
0.0005774604
0.000701872
-0.001794096
-0.002186824
-0.001155632
-0.00131478
-0.001918648
-0.0009333555
0.0006771971
-5.315017e-05
-0.0002459573
0.0002272957
0.001525729
0.003196462
0.0008585955
-0.001475191
0.001454223
0.003755317
-0.001247809
-0.002854335
0.001435759
-3.510653e-05
-0.002274032
-0.002453577
0.0006890175
-0.0001525075
-0.001750872
0.002956403
0.003360298
-0.0007605263
-0.001957011
-0.002106975
-0.0008401591
0.001304877
0.001013133
-0.0001813105
-0.004177694
-0.003364777
-0.0007250408
-0.002571264
-0.000468047
0.0001755501
-0.002012373
-0.002054215
-0.0004569178
0.00415652
0.006902337
0.005342735
0.002293933
-0.001602488
0.0001386299
0.002501948
0.001068827
-0.001513834
-0.003550796
-0.001241537
0.0007137823
-0.0005673585
-0.002034139
-0.0016894
-0.00200562
-0.00234938
-0.001992401
-2.586072e-05
0.001160379
0.0006146595
0.00142554
0.00168256
0.000897141
0.001170482
0.0007889824
0.002743283
0.0008940045
-0.001069514
0.001312167
0.0006114083
0.00247289
0.003475531
-0.002257907
-0.003648185
-0.0005882026
0.0009774795
0.001111082
0.001532324
-0.0003863133
-0.00449795
-0.005130368
-0.003111805
0.001078338
0.0006417611
0.002556284
0.003312088
0.001520951
0.004302474
0.003251858
0.0008385224
0.0009160264
0.00133013
0.001289315
0.001232179
-0.0004773567
-0.003512892
-0.004121847
9.379719e-05
0.001121942
0.003392447
0.003359792
-0.001751443
-0.003319197
-0.004253532
-0.002458346
-0.0005938006
0.0005271651
0.002547771
0.000607717
-0.003533497
-0.002590011
-0.001424164
-8.491784e-05
0.001115609
0.0008350955
0.001320602
-0.001043771
-0.0008683439
0.002823023
0.00493237
0.003264658
0.001385805
0.002128353
0.00440906
0.003869468
0.001906976
0.001702964
8.523203e-05
-0.00151414
-0.001405011
0.0006625169
0.004507905
0.007300654
0.005282063
0.003855071
0.0007583405
-0.00278617
-0.002636241
-0.003596072
-0.002800483
-0.001366373
-0.001520404
-0.001331714
-0.001666284
0.0005603655
0.001405935
0.001267205
0.001203956
0.001552786
0.004903476
0.004732107
0.002090297
0.001590488
-0.0002557212
-0.00223147
-0.003339199
-0.004487728
-0.003348397
-0.001749046
0.0001603855
-0.0002384431
1.75685e-05
0.0010804
-0.0004322681
-0.001751136
-0.001681784
-0.001877632
-0.00180216
-0.002000048
-0.001767495
0.0002163969
0.002761289
0.004019962
0.002806155
-0.002871172
-0.004376699
-0.002080686
-0.0006424934
0.00280204
0.002437893
-0.0006659736
-0.00281002
-0.002414267
-0.0004528129
0.001089421
-0.0008567453
-0.001400411
-0.001671737
-0.003384323
-0.0001550091
0.003663865
0.0007680795
-0.005486566
-0.006446391
-0.001017957
0.003643438
0.003146693
0.004382928
0.003193603
0.002400038
0.001570773
0.0004712083
0.004313544
0.002476519
0.0006772346
0.00123211
-0.0008578741
-0.003478258
-0.005613122
-0.004462566
-0.00179629
-0.002079854
-0.000984378
0.0006975983
-0.0009068653
0.0007077912
0.001347328
-0.0001214756
4.886114e-05
0.0007863179
0.002008275
-0.001376088
-0.001094571
0.003414846
0.002235723
-0.001386299
-0.003018302
-0.0008722246
-0.000627427
-0.001603569
-0.0002612517
-0.0003581539
-0.001806556
-0.003913878
-0.00206462
-0.001117042
-0.001148664
0.002745695
0.002355033
-0.001871849
-0.00370173
-0.001823911
0.0007332271
0.0007475059
0.0009260047
0.002073504
0.002178563
0.0006893616
-0.002140119
-0.00101506
-0.003345761
-0.005623421
-0.001106862
0.002245878
-0.0002714828
-0.002446123
-0.002070763
-0.0006101236
-8.074372e-05
0.002206096
0.006895036
0.008773876
0.007906877
0.003874817
4.471714e-05
-0.006456762
-0.009193423
-0.004735001
-5.422083e-05
-0.0043576
-0.004592199
0.001239141
0.002970082
-0.0003173767
-0.002819436
-0.003203974
-0.0008783734
0.006053548
0.00896769
0.00575367
-0.003935308
-0.005198066
0.003375035
0.008819798
0.008681078
0.00294562
-0.002442018
-0.003182536
-0.003228434
-0.002484852
-0.0007865495
-0.0005121673
-0.004508525
-0.01110996
-0.01122522
-0.008334538
-0.003014215
0.002777347
0.00067105
0.0004721527
0.002114355
0.003266958
0.008426121
0.006962424
0.0001988074
-0.001139429
0.002453014
0.006039337
0.00564766
0.008106884
0.006652367
-0.001001709
-0.004416666
-0.002734682
-0.002683679
-0.005568235
-0.008194731
-0.004308527
0.003424097
0.007310301
0.009408445
0.006138329
-0.002208327
-0.005802803
-0.006942138
-0.004771574
6.935034e-05
0.003039595
0.003132419
0.0007027839
-0.0003314914
0.0005875332
0.002563278
0.005971103
0.005312188
-0.0009771274
-0.002404102
-0.002882477
-0.005591592
-0.001911427
0.0002662781
0.002761203
-0.001089291
-0.007451026
-0.00573232
-0.003114995
0.00260619
0.003269196
0.0004274818
-0.003737172
-0.005657827
-0.003110881
0.001168025
0.004612571
0.003386537
0.002776583
0.004397369
0.006303755
0.002820461
0.0005132276
-9.264616e-05
-0.00434706
-0.01055069
-0.007239767
0.001004899
0.003246866
-8.546734e-05
-0.002323341
-0.003455534
-0.007964947
-0.00752634
-0.004316393
0.002276893
0.00322448
0.001708767
0.002556394
0.005018682
0.004171068
-0.0006219042
-0.004477497
-0.008248429
-0.008117862
-0.006550115
-0.001076788
0.0065314
0.009166068
0.005312515
-0.002062077
-0.00618695
-0.004736502
-0.0003668143
0.005171793
0.004892321
-0.001446971
-0.004831323
-0.006668335
-0.004577327
0.002211801
0.003191009
0.003871357
0.0008001457
-0.004867986
-0.005061778
-0.00549935
-0.003955061
0.001833447
0.006621335
0.009054045
0.009370254
0.005714581
0.00310441
-0.0001799812
-0.004204892
-0.005267724
-0.004921935
-0.002299506
0.0006901228
-0.0003329283
0.001121601
0.00382665
0.003758319
0.006073728
0.007941357
0.005712666
0.004074555
0.004062324
0.003973594
-0.0005041968
-0.003536647
-0.003920158
-0.004897309
-0.004615779
-0.00391401
-0.00208106
-0.004615751
-0.005450101
-0.003875211
0.0001038183
0.003178108
0.005163038
0.008728967
0.008279157
0.002034727
-0.002072803
-0.0004152928
-9.398287e-05
0.005694527
0.005583357
-0.001355693
-0.005542782
-0.01047141
-0.004966462
-0.0009007321
-0.002258342
-0.002698971
-0.008131482
-0.01084263
-0.00761228
-0.00454411
-0.0009557395
0.002116511
0.003878061
0.003116132
0.006577002
0.01175861
0.01250118
0.008151914
9.800521e-05
-0.002581524
-0.005404873
-0.008368983
-0.004662291
0.0001062192
-0.00106983
0.001652561
0.005210332
0.005112422
0.007338074
0.005659165
0.003825216
0.005417447
0.007526818
0.00906091
0.00770126
0.003090872
-0.007978157
-0.009390846
-3.23343e-05
0.005551157
0.008844749
0.00647938
-0.002479269
-0.008248377
-0.006670426
0.004597525
0.01620514
0.01691915
0.01106028
0.004969872
-0.001541797
-0.005649325
-0.003576673
-0.003228842
-0.008543031
-0.01119298
-0.009284546
-0.004308974
0.004936317
0.00824317
-0.0007358791
-0.008175747
-0.003333795
0.005975756
0.008943968
0.00446618
0.003362553
0.003335025
0.003950097
0.008139249
0.004061301
-0.004924887
-0.008127676
-0.008772303
-0.01315625
-0.013042
-0.008862027
-0.004510694
0.001337998
0.002541611
0.004996763
0.005457815
0.003814608
-0.0002714999
-0.004710527
-0.002785775
-0.002329823
-0.00379351
-0.006589318
-0.007460385
-0.008157033
-0.00820292
-0.009454447
-0.009067855
-0.002927442
0.00371073
0.007224642
0.005318275
0.002301128
0.0064658
0.01155255
0.01165763
0.007957078
0.002613311
0.0004101242
0.005017477
0.008808831
0.007405322
0.003270255
0.0005121883
0.005052221
0.006968814
0.003644647
-0.00234172
0.002925573
0.01263395
0.01587348
0.01261051
0.0001981445
-0.009491843
-0.01382683
-0.01082088
-0.005631103
-0.00517923
-0.004356077
0.0001064358
-0.001078791
-0.009377499
-0.01517006
-0.01184791
-0.009179578
-0.003003465
0.005728767
0.005131061
0.004001934
0.002203687
0.0006431004
-0.002458706
-0.001742653
0.00161928
-0.003176746
-0.01128879
-0.02044838
-0.02524135
-0.01887449
-0.00740866
-0.0001697068
-0.0002115134
-0.0023688
-0.004350647
-0.002602353
0.00071062
0.007669073
0.01325767
0.0108821
0.01020381
0.009013487
0.00552204
0.003299474
-0.001281333
-0.009275059
-0.007265646
0.007304047
0.0148745
0.01588941
0.01926155
0.02281932
0.02307229
0.01535601
0.01012036
0.009677696
0.007758069
0.0005834028
-0.0007252437
0.00458285
0.0115617
0.01308662
0.01319373
0.0137629
0.007054378
0.009047472
0.01027046
0.004417719
-0.003268988
-0.01067315
-0.01349446
-0.007620267
0.004759487
0.01165878
0.01097845
0.002670568
-0.005261959
-0.006757265
-0.009568371
-0.01224688
-0.01182254
-0.00828007
-0.008167856
-0.008278003
-0.002883209
0.0008367444
0.002163778
0.003066492
0.003140965
0.002903319
-0.001677487
-0.008171813
-0.0130678
-0.01538727
-0.01789849
-0.0205617
-0.0203128
-0.02260677
-0.02348294
-0.01839312
-0.01111031
-0.005530896
-0.004821983
-0.01110109
-0.01871333
-0.02424784
-0.02675601
-0.02642347
-0.02107662
-0.008097107
-0.0008336732
-0.0002940795
-0.0004368658
-0.005946892
-0.01414156
-0.01010846
0.001008529
0.009348062
0.01433384
0.01429203
0.01339138
0.01025082
0.008392392
0.01139528
0.01635352
0.02365571
0.02828652
0.02840078
0.02867211
0.02790815
0.02564376
0.02383939
0.01859457
0.01322224
0.01029587
0.008485389
0.01028162
0.01159336
0.006173089
0.0001765235
-0.0006017228
-0.002000129
0.002899964
0.001771858
-0.006810408
-0.007260215
-0.004039041
-0.002659987
-0.005572074
-0.008821781
-0.01220817
-0.01605253
-0.01352598
-0.003530986
0.001640427
-0.001589899
-0.007685405
-0.01345145
-0.0126538
-0.0009696847
0.01240049
0.01636524
0.01738934
0.01838283
0.009479264
-4.752364e-05
-0.00138983
0.008693903
0.02018932
0.01080125
0.0001830637
-0.005503423
-0.01029129
-0.008144176
0.0001219175
0.003487931
-0.006110255
-0.01925294
-0.02527093
-0.02334719
-0.02253322
-0.02138469
-0.01689565
-0.01055022
-0.007088328
-0.003261275
0.0001363579
0.002445651
0.003927724
0.005617878
0.009660151
0.01250494
0.006474717
-0.002676709
-0.006633275
-0.01022264
-0.00851107
-0.007941896
-0.006036523
-0.00205647
-0.004289236
0.001195317
0.01052119
0.0110057
0.007684597
0.004409389
0.003607682
0.003222135
0.003656668
0.01300906
0.02161991
0.02113339
0.009791
-0.007112426
-0.01707577
-0.0110394
-0.005810867
-0.005196814
-0.002392821
-0.001289168
0.005023624
0.01204226
0.01647417
0.01817656
0.01473
0.01086625
0.01226672
0.009719795
0.001284408
-0.008677919
-0.01406759
-0.01545681
-0.01065464
-0.006858188
-0.01699698
-0.02648296
-0.03303645
-0.03399116
-0.03167574
-0.03315473
-0.03142888
-0.02390127
-0.01075141
-0.003389041
-0.007665889
-0.006724416
-0.003062604
-0.002574011
-0.002371018
-0.006326566
-0.005879793
-0.002272041
0.001099071
0.01201002
0.0202394
0.02197239
0.0198559
0.01470287
0.01625227
0.01781798
0.01622679
0.01341466
0.0104475
0.009496868
0.00376754
-0.003004228
-0.006642555
-0.008249044
-0.004465851
-0.001806699
-0.0001777467
0.003973665
0.006741957
0.00483151
-0.0006866781
0.003167914
0.01498871
0.02414118
0.02773771
0.0296645
0.03114453
0.02858435
0.01874442
0.01036309
0.009981622
0.01232049
0.01104959
0.008776017
0.01691461
0.02282654
0.01980327
0.01494706
0.01088442
0.004606328
-0.00290698
-0.008341529
-0.008386396
-0.004839845
-0.003147653
-0.0001957615
0.00227673
-0.002353038
-0.01520605
-0.02555597
-0.03295606
-0.03401175
-0.02962982
-0.02050285
-0.0130191
-0.01188689
-0.006712415
-0.002488583
0.001473108
0.003364199
0.001754651
0.000911122
-0.002534427
-0.009615255
-0.01602492
-0.02338625
-0.02648704
-0.02647071
-0.02640236
-0.02770081
-0.03200418
-0.03140849
-0.02793741
-0.02391248
-0.02019865
-0.01671942
-0.01103903
-0.007823979
-0.01134093
-0.0163328
-0.01805557
-0.01512102
-0.008623605
-0.002430155
0.001677396
0.004808807
0.01126134
0.01640113
0.01545764
0.008383949
0.0016948
-5.856899e-05
0.003574682
0.01009555
0.0129179
0.01513641
0.009916065
-0.001008126
-0.0004828152
0.005051715
0.008359585
0.009665196
0.006985666
0.0003862768
-0.0002716128
0.002601737
0.003400408
-0.002810362
-0.01098565
-0.01174656
-0.008779372
-0.003443741
-0.0009620711
0.0004455391
-0.0005407908
-0.001124221
0.005762829
0.01534574
0.02271933
0.02220016
0.00904115
-0.007064641
-0.01439639
-0.0112048
-0.006352651
-0.002917281
0.0008546883
0.002476498
0.005116268
0.01012958
0.01156473
0.01429936
0.01305905
0.005532475
0.005397845
0.01169635
0.02430152
0.03639975
0.0412315
0.03826127
0.03112332
0.02183317
0.01032758
-0.005213129
-0.01724198
-0.02062429
-0.01512036
0.001555628
0.0125543
0.01602129
0.01653945
0.0141649
0.008614073
-0.0009412775
-0.008178169
-0.01035382
-0.00928893
-0.009327681
-0.007598772
-0.002250903
0.003727325
0.005320574
0.004452563
0.006455852
0.001841381
-0.00777415
-0.009938582
-0.006950993
-0.0008758646
-0.0002699759
-0.01088613
-0.01987946
-0.01805875
-0.007492561
0.005785807
0.01696195
0.01727306
0.01071447
0.0072628
0.00941705
0.0145089
0.01880922
0.01319515
0.000695062
-0.00941823
-0.01325138
-0.009824173
-0.0136257
-0.01778832
-0.02217533
-0.02757928
-0.02722635
-0.0243785
-0.01765976
-0.01195897
-0.007321021
-0.006263273
-0.008954026
-0.02079826
-0.03489465
-0.0355148
-0.02322889
-0.009755707
0.001260301
0.006535748
0.004273396
0.002463924
0.003826651
0.005709579
-0.0005266937
-0.01444663
-0.02548404
-0.02924681
-0.0238765
-0.005734777
0.01369011
0.02492134
0.02307718
0.01817303
0.0138819
0.008607487
0.01522117
0.03386984
0.05351403
0.06683115
0.06472996
0.04462883
0.01835262
-0.006141657
-0.02222705
-0.03142234
-0.03880612
-0.03998625
-0.0283358
-0.004912516
0.01999997
0.03671064
0.04078044
0.04317031
0.04494818
0.04518584
0.04721769
0.03986146
0.02179624
6.412953e-05
-0.0170229
-0.02568372
-0.01967183
-0.0009997051
0.01589966
0.02049783
0.02079465
0.02935348
0.0397942
0.04311533
0.03827034
0.02671068
0.01232665
0.008282357
0.018209
0.02720031
0.03085701
0.0285457
0.02134859
0.01100273
-0.004064702
-0.01144746
-0.01322633
-0.0129448
-0.0155407
-0.01740831
-0.01759497
-0.02160152
-0.0273329
-0.03074275
-0.02996551
-0.02330898
-0.01397496
-0.00980213
-0.008438385
-0.01401268
-0.02378325
-0.04188417
-0.04996052
-0.05153948
-0.05359171
-0.04853659
-0.04164852
-0.03195954
-0.02645663
-0.02542949
-0.02330176
-0.01257748
-0.001378893
0.006171151
0.01423528
0.01849684
0.01592543
0.007259511
-0.004015564
-0.0080109
-0.001915375
0.005892729
0.007011674
0.001230319
-0.003889057
-0.005843371
-0.01008351
-0.006633863
0.0066394
0.02044
0.02925893
0.02829605
0.0214692
0.016053
0.01893145
0.01884985
0.01488409
0.01548896
0.01786046
0.01373967
0.0005755511
-0.01313834
-0.02006516
-0.02207966
-0.02544769
-0.02510395
-0.01593517
-0.001110482
0.01326948
0.02048599
0.02193235
0.01427113
0.004503617
0.0008703803
-0.007987296
-0.01822095
-0.01825359
-0.003118826
0.009240518
0.009855581
0.01443742
0.02318597
0.02559419
0.02353277
0.02429064
0.02642958
0.03086862
0.03093391
0.02625109
0.02488021
0.02686004
0.02683352
0.01864904
0.005471665
-0.003699152
0.003405151
0.01342971
0.01447522
0.0093793
0.0113836
0.01777084
0.01189361
0.00513917
-0.006511267
-0.0213135
-0.02544042
-0.01675104
-0.004774197
-0.003978594
-0.009096953
-0.006965149
-0.007335407
-0.0120784
-0.013282
-0.01291582
-0.01146742
-0.008012677
-0.005187274
-0.006004292
-0.008406389
-0.007478187
-0.003769465
0.003871356
0.007062938
-0.004706839
-0.01924592
-0.03233353
-0.03840457
-0.03944089
-0.03871873
-0.03591067
-0.03613813
-0.03561486
-0.0308739
-0.02193768
-0.01775772
-0.02786082
-0.04363818
-0.05134427
-0.05250809
-0.04971839
-0.04441031
-0.03968261
-0.03161135
-0.01831565
-0.004877146
0.002750415
0.004713916
0.003381797
0.003665358
0.008081959
0.00941408
0.009416122
0.0117458
0.0162542
0.02353496
0.02698154
0.02839935
0.02472021
0.01570239
0.003651089
-0.00796773
-0.01436007
-0.01526889
-0.01149081
-0.007285347
0.0009521729
0.01558815
0.03227229
0.04262732
0.04791297
0.04869837
0.04526505
0.04184397
0.0345418
0.0265042
0.02328712
0.02603398
0.03060154
0.0256984
0.0143662
0.006826358
0.006871238
0.01031374
0.004726178
-0.005452403
-0.01559018
-0.01717628
-0.007289422
-0.001295902
0.0005309178
-0.001469302
-0.006682522
-0.009598704
-0.006468323
0.002908536
0.01108792
0.01663672
0.01646841
0.009674196
0.004609894
0.005153554
0.01128579
0.009484473
-0.0005543677
-0.008461409
-0.01409589
-0.01488741
-0.01406427
-0.01454673
-0.01409385
-0.01338699
-0.008407354
0.002331205
0.0139235
0.01898474
0.01559426
0.01118786
0.002898321
-0.01077274
-0.02340646
-0.03530374
-0.0426151
-0.0440227
-0.04799968
-0.04911557
-0.04962047
-0.04450211
-0.03789149
-0.03547817
-0.03154199
-0.02650217
-0.02150112
-0.02055558
-0.02326776
-0.02852892
-0.03279864
-0.03007524
-0.02116045
-0.01187029
-0.006360249
-0.007032431
-0.01290559
-0.01696825
-0.01417856
-0.008862318
-0.007979
-0.01188764
-0.008581824
0.003493954
0.02196513
0.04076067
0.05032521
0.04683782
0.0359942
0.02461304
0.01371128
0.006918077
0.005443155
0.009693493
0.01857769
0.02794027
0.03189582
0.03066774
0.02954676
0.03102984
0.03460188
0.03957947
0.04025675
0.03532607
0.02887559
0.02199772
0.01919782
0.01497706
0.008129796
0.001563033
-0.009650849
-0.01466721
-0.01285569
-0.004626338
0.005751139
0.01356638
0.01586851
0.00853267
0.002461627
0.0003522645
4.626146e-05
0.0001513184
-0.003048425
-0.01134715
-0.01804345
-0.01847695
-0.01379108
-0.00703154
-0.003109644
-0.001405227
-0.00314841
-0.006603153
-0.0117613
-0.0188503
-0.02156146
-0.02200109
-0.02216225
-0.02383913
-0.02791812
-0.02670738
-0.02048028
-0.01446739
-0.01459387
-0.02062105
-0.0219083
-0.01584032
-0.009569366
-0.01132071
-0.01474893
-0.01228768
-0.006090161
0.001891334
0.00861619
0.01145587
0.009858543
0.006225299
0.006160015
0.005170611
0.006628187
0.01522984
0.02151814
0.02732805
0.03123261
0.03208431
0.03484238
0.0368579
0.03841645
0.03912535
0.03095208
0.01662006
0.008205057
0.009015952
0.01365491
0.01793278
0.01898338
0.02102439
0.02648955
0.0295628
0.02978108
0.02761358
0.02173531
0.01858045
0.02462088
0.0329349
0.03772787
0.03506363
0.0250819
0.0097462
-0.005855726
-0.01219299
-0.01309978
-0.01481338
-0.01573138
-0.01313141
-0.009985735
-0.00672684
-0.000589505
0.00320285
0.001655505
-0.0051938
-0.01159328
-0.01191153
-0.004765415
0.003627139
0.007756093
0.005458029
-0.004926596
-0.0190077
-0.03197191
-0.03782671
-0.02999516
-0.0161966
-0.01522047
-0.02641293
-0.0319954
-0.02845294
-0.02137313
-0.01643837
-0.01699326
-0.02127726
-0.02593765
-0.02503394
-0.02398844
-0.02447091
-0.02473509
-0.02402212
-0.021619
-0.01742681
-0.01162404
-0.003755762
0.0002569125
-0.001879993
-0.004024039
-0.0101267
-0.01738197
-0.02343364
-0.02163436
-0.01469735
-0.01340297
-0.01364574
-0.01833265
-0.02186491
-0.0161162
-0.006954564
-0.00207183
-0.001689336
-0.0009223019
0.000614832
0.002866986
0.00516402
0.005446553
0.001191107
-0.004430119
-0.009029305
-0.009802472
-0.007209637
-0.001090664
0.00476923
0.007420204
0.008252518
0.004259211
0.004018485
0.008869598
0.01429599
0.02044353
0.02495498
0.02669101
0.02578321
0.02246718
0.01921847
0.02232233
0.02883808
0.03341685
0.03250905
0.02882888
0.03177565
0.03737035
0.04366986
0.04445015
0.03776405
0.02755078
0.02309439
0.02682045
0.02867174
0.02881045
0.02704687
0.01948968
0.006273534
-0.003249193
-0.0028718
-0.001189827
-0.002902414
-0.00525148
-0.007808627
-0.004763934
0.004327319
0.01051055
0.01038202
0.008253278
0.005959291
0.001312164
-0.005849263
-0.01143887
-0.01438872
-0.0147957
-0.01372063
-0.01120022
-0.01060659
-0.01498851
-0.02064748
-0.02641661
-0.02844131
-0.03141768
-0.03611479
-0.04106383
-0.0450449
-0.04488579
-0.03720826
-0.02675326
-0.02668595
-0.03167172
-0.03041917
-0.02704501
-0.02685938
-0.03151773
-0.03990213
-0.04320082
-0.04177079
-0.0322338
-0.02013966
-0.01549459
-0.01623206
-0.01858113
-0.01826289
-0.01410436
-0.01325981
-0.01599648
-0.01927884
-0.02055487
-0.01423292
-0.008266947
-0.004083935
0.001017077
0.00566827
0.01035312
0.01538987
0.02181077
0.02945872
0.03256869
0.02820104
0.02207798
0.02080603
0.02417814
0.02736971
0.03185974
0.03600298
0.03803175
0.03587546
0.03107941
0.02890273
0.03284706
0.04068167
0.04543996
0.04754829
0.04617435
0.04276346
0.03975445
0.03697698
0.03575196
0.03208811
0.02486956
0.02044275
0.02053557
0.0212312
0.02281117
0.02347518
0.02404943
0.02460941
0.02243578
0.02176665
0.02068442
0.01744999
0.01350667
0.0109638
0.01273145
0.0161566
0.022093
0.02684721
0.02545898
0.02027227
0.0112218
0.001463456
-0.005276712
-0.0074942
-0.004149628
0.001609284
0.002668036
-0.0003205719
-0.00554604
-0.01096429
-0.01405388
-0.01609184
-0.01812981
-0.02015758
-0.01948949
-0.02087874
-0.02120106
-0.02221597
-0.02635412
-0.02844309
-0.031855
-0.03401944
-0.03590135
-0.03554538
-0.03612781
-0.03818108
-0.03722432
-0.03074631
-0.02268322
-0.02020463
-0.02362674
-0.02877468
-0.02939587
-0.02454884
-0.01757001
-0.01445392
-0.0160645
-0.02002211
-0.02127264
-0.01820959
-0.0146243
-0.01196211
-0.005626894
0.000980658
0.006592689
0.008343002
0.008522514
0.007669785
0.003933517
0.002243369
0.004208901
0.009357853
0.01372854
0.01687524
0.01744541
0.0188479
0.01774221
0.01845824
0.0205727
0.02093071
0.01848882
0.01128149
0.008269424
0.0117976
0.01978419
0.02335826
0.02077867
0.01641816
0.01408644
0.01554911
0.02035024
0.02519217
0.02854184
0.02547979
0.01943731
0.01470042
0.01199435
0.01403842
0.01499007
0.01206063
0.007468579
0.004131131
0.002251263
-0.0004833646
-0.002525413
-0.002437701
-0.002627429
-0.002550937
-0.005104004
-0.005468152
-0.00583944
-0.004135028
-0.003127276
-0.008115084
-0.01373733
-0.02162398
-0.02653427
-0.02649552
-0.02263074
-0.01762663
-0.01490222
-0.01427799
-0.01685452
-0.02389762
-0.02835809
-0.02900376
-0.02740951
-0.02571835
-0.02573264
-0.02596827
-0.0240517
-0.02018795
-0.01962593
-0.02172714
-0.02591731
-0.0290732
-0.02683532
-0.02320311
-0.02157928
-0.01958825
-0.0176727
-0.01324794
-0.009201612
-0.006635299
-0.005859087
-0.008041895
-0.008813022
-0.00803681
-0.005928478
-0.001773005
6.400687e-05
0.0002516792
-0.0003276883
-0.002675736
-0.002869543
0.0001312889
0.005370001
0.008472834
0.008877767
0.007565019
0.001235911
-0.002752296
-0.0008755038
0.004183689
0.01082898
0.01595141
0.01776701
0.01458256
0.01175103
0.01201826
0.01261088
0.01247011
0.01029138
0.008838895
0.008987807
0.00885316
0.01135113
0.01181319
0.01202432
0.01039333
0.008443084
0.008325778
0.01098593
0.01040146
0.007446515
0.002599468
0.001223481
0.003154334
-8.621308e-05
-0.00160092
-0.006887587
-0.009453914
-0.008795001
-0.008504308
-0.009114275
-0.01122772
-0.01345541
-0.01469574
-0.01268838
-0.01001089
-0.008499256
-0.009025584
-0.01122879
-0.0130138
-0.01550362
-0.01713971
-0.0176283
-0.0197142
-0.02019769
-0.01986212
-0.02086988
-0.02265999
-0.02130034
-0.01963264
-0.01477439
-0.009064437
-0.004711084
-0.0008248903
0.002378923
0.006113137
0.00493809
0.001801584
0.002463557
0.003437651
0.0002787048
-0.001074842
0.002767492
0.009074147
0.01229326
0.01284303
0.01241259
0.01210148
0.009911535
0.009553508
0.01212492
0.01231362
0.01519919
0.01540522
0.0126094
0.01138743
0.009843147
0.01105694
0.01203511
0.01180561
0.01274604
0.01509816
0.01353959
0.01199632
0.01192492
0.01206771
0.01135065
0.01131086
0.01200446
0.01204933
0.01473295
0.0147615
0.01755731
0.01761749
0.01837228
0.02040616
0.02134149
0.02354367
0.02326112
0.0212201
0.02103241
0.01936063
0.01799076
0.01681266
0.01217369
0.009617566
0.00671974
0.003179315
0.0007292702
-0.0006324347
-0.00141274
0.0006955954
0.00335881
0.005779265
0.00621378
0.005902676
0.003032391
-0.001617794
-0.005108238
-0.005993603
-0.005500948
-0.005010332
-0.002818357
0.0004456385
-0.000436666
-0.00251135
-0.002678635
-0.005518319
-0.006526084
-0.009421868
-0.009090372
-0.009006736
-0.01160978
-0.01120586
-0.01135479
-0.006964713
-0.003630337
-0.001223142
0.0004149744
-0.00128333
-0.003978173
-0.007184037
-0.01043376
-0.01082136
-0.00937909
-0.006487392
-0.005575516
-0.004922719
-0.003807864
-0.005490867
-0.005198131
-0.005381733
-0.005104298
-0.005300141
-0.005402144
-0.005067588
-0.005071671
-0.007160634
-0.007865458
-0.007234081
-0.003457024
0.0004842526
0.003167869
0.004461226
0.004544863
0.00445612
0.002600738
0.0009422148
-0.000440908
0.001584809
0.004101146
0.004881444
0.005024241
0.004108278
0.001869376
0.002546653
0.001891811
0.003127028
0.005121126
0.005378164
0.004842661
0.002735339
0.002605797
0.002513995
0.002720033
0.002400771
0.004017469
0.007787387
0.01065256
0.009651944
0.006876521
0.005755539
0.005736157
0.003963396
0.002233474
0.0002526327
-0.003927329
-0.00605709
-0.005786792
-0.005628693
-0.005406333
-0.006319236
-0.006835357
-0.007518758
-0.0088927
-0.00854488
-0.009910661
-0.009806622
-0.008506123
-0.009929024
-0.01186702
-0.01075523
-0.008600988
-0.005938787
-0.007363728
-0.009002869
-0.009311929
-0.00681905
-0.00108359
0.002292609
0.001314429
-0.001611951
-0.002907351
-0.003666232
-0.003160312
-0.003084832
-0.001628272
0.0006463282
0.0008482884
-0.0001768116
-7.379135e-05
-0.0001921111
-0.0001706908
-0.00232085
-0.00264113
-0.002633989
-0.002538109
-0.0002512683
0.001857072
0.002910733
0.002605754
0.002812815
0.002687356
0.002700616
0.004203077
0.003160639
0.0025466
0.004817121
0.005879962
0.004476443
0.002681245
0.002927066
0.002692468
0.002899529
0.001526611
-0.0005807074
-0.002871626
-0.001826124
0.001292018
0.002872
0.005003802
0.003897104
0.002621086
0.002617008
0.00249665
0.003430972
0.006500154
0.008587078
0.00851568
0.008737023
0.007386545
0.002369167
-0.0001604297
-0.001610867
-0.002889944
-0.003292841
-0.005799998
-0.005277755
-0.006970952
-0.008489729
-0.005991745
-0.005267542
-0.005900959
-0.009887116
-0.01269823
-0.01555321
-0.01623048
-0.01369578
-0.01345302
-0.01227593
-0.01285019
-0.01333061
-0.01297564
-0.01070716
-0.007099413
-0.004587149
-0.005046144
-0.00795824
-0.007140195
-0.005228711
-0.003225426
-0.001204802
0.002106123
0.005342588
0.005476213
0.006750196
0.006795083
0.006861388
0.004798953
0.002041898
0.0007944436
0.000978049
0.0007352945
0.00163596
0.005536445
0.008184371
0.008472018
0.006466703
0.003554609
0.0002345149
-9.799901e-05
0.0003038871
0.002214353
0.00429924
0.005017326
0.005703792
0.004131979
0.003947366
0.003392492
0.001593219
0.001758466
0.002978393
0.00581604
0.009412568
0.01218595
0.01197584
0.009475829
0.007211436
0.007565383
0.008518072
0.008346718
0.006428106
0.004440134
0.004448302
0.006109889
0.008372259
0.008470187
0.01012973
0.01041738
0.00797857
0.006648499
0.004945108
0.006668916
0.008159145
0.005760114
0.003067323
0.0004071717
-0.0007352193
0.0004408498
0.002533899
0.001228308
-0.0009085824
-0.002893493
-0.002798623
-0.001712314
-0.003186204
-0.005387354
-0.007967944
-0.01032107
-0.01131046
-0.009591755
-0.008373865
-0.007392614
-0.008434024
-0.01079225
-0.01008946
-0.008835871
-0.005636121
-0.00372973
-0.004750739
-0.005259708
-0.004198897
-0.003839846
-0.003667454
-0.003585843
-0.004681312
-0.00540448
-0.004583368
-0.002346497
0.002076235
0.006171547
0.008115679
0.008524712
0.007528183
0.008215676
0.008982728
0.00783014
0.007987233
0.009357107
0.006746938
0.004880351
0.002580264
-0.0006878025
-0.0009999094
-0.001590476
0.0008809972
0.002325331
0.0004832241
-0.001803602
-0.005213448
-0.006184474
-0.004539201
-0.0008457668
0.001019827
0.0001355016
-0.001265964
-0.00213499
-0.002124775
-0.00181264
0.000750634
0.003183349
0.004495084
0.004582819
0.006067954
0.006007789
0.002685664
0.0015953
0.002893775
0.002284851
-0.0001213132
-0.001753297
-0.003567861
-0.002729405
-0.001297309
-2.331311e-05
0.0004091832
0.0006356396
0.0004989762
0.0009845129
0.00151697
0.001667946
0.001808723
0.0006602205
-2.214233e-05
-0.001514385
-0.003042328
-0.00497317
-0.003710392
-0.002279315
-0.002313977
-0.002421059
-0.004656881
-0.005417783
-0.005500385
-0.005520766
-0.004519108
-0.004125369
-0.003146151
-0.002099612
-0.001733413
-0.003728514
-0.006262175
-0.007211775
-0.005731736
-0.003986497
-0.004463837
-0.005386917
-0.006033578
-0.005955018
-0.005350138
-0.003664058
-0.004776857
-0.004124037
-0.002842897
-0.002500156
-0.001309795
-0.0008701545
0.002256166
0.004543027
0.004181968
0.00393413
0.005037791
0.005741613
0.005649835
0.005686575
0.005649878
0.00569886
0.004860442
0.004160744
0.004096506
0.002972489
0.0006428316
-0.001588906
-0.001678643
-0.00055458
0.001070303
0.001933246
0.002426949
0.003369453
0.001418216
-7.605996e-05
2.49438e-05
0.001102088
0.002727992
0.002907536
0.00218744
0.001905944
0.004225449
0.006468453
0.005850358
0.003301403
0.001005408
-0.001320167
-0.002107581
-0.002125916
-0.00261957
-0.003706865
-0.004173999
-0.003120313
-0.002206367
-0.001364841
-0.003309149
-0.005110734
-0.004529908
-0.003793869
-0.002774902
-0.003508821
-0.005501376
-0.00611779
-0.006078802
-0.005406561
-0.004764375
-0.00422356
-0.004137794
-0.002490296
-0.0005402748
0.0007991547
0.001785539
0.002196335
0.003483284
0.004635821
0.004761462
0.004697069
0.005182719
0.006256991
0.007868712
0.007398075
0.007203964
0.005837335
0.002761012
0.001252734
-5.779406e-05
0.0009631085
0.002758649
0.001479472
0.002341995
0.002629934
0.003613317
0.004040182
0.004137688
0.004897194
0.003521316
0.0007785752
-0.003153291
-0.004296971
-0.003911115
-0.002399722
-0.0009946112
0.0007758432
0.001603878
0.002418345
0.0009496679
-0.001457789
-0.002962619
-0.004444767
-0.003642222
-0.002894615
-0.001605932
3.170985e-05
-0.0003767658
0.000357661
0.001813957
0.003557039
0.005092701
0.005155453
0.004876338
0.004013709
0.002271083
1.688136e-05
-0.001372806
-0.001478384
-0.0003292679
-0.0005737225
-0.001978958
-0.003487614
-0.003909191
-0.00456705
-0.004195132
-0.00246155
-0.002002713
-0.001217895
-0.0005132233
7.804471e-05
0.0006716228
-0.0006353829
-0.001115199
-0.0003376506
-0.001034159
-0.0007891554
-0.001153059
-0.00113985
-0.001239257
-0.001555204
-0.001922839
-0.001909096
-0.00233037
-0.002924298
-0.002931206
-0.002718114
-0.002032331
-0.001287014
-0.000894254
-0.0002368849
0.00102046
0.0001832677
-0.0001706989
-0.001424825
-0.001541125
-0.0009844483
-0.001187503
-0.0007881815
-0.001351548
-0.001623987
-0.0009988304
0.0004731832
0.001982055
0.00289892
0.003150563
0.002932771
0.003415852
0.004410471
0.005150538
0.004700271
0.003022604
0.00137784
-1.550337e-05
-0.001900464
-0.002361284
-0.0015032
-0.001656222
-0.001409964
-0.001623146
-0.0007482368
0.0006826619
0.0007302073
0.001154126
0.0007877721
-0.0003322177
-0.0007571601
-0.0001158117
-0.0001759812
-0.001069432
-0.001889376
-0.001833653
-0.00122836
-0.0006658855
-0.0002325101
0.000231471
0.0006323873
0.001106307
0.0009322817
-0.000972102
-0.002925923
-0.00378639
-0.003918776
-0.003676007
-0.002797976
-0.001502007
-0.0001808519
0.0007285388
0.001816789
0.002040847
0.001545303
0.0009973207
0.0008975506
0.0009701636
0.001196657
0.001296867
0.0007453033
0.0003180239
0.0002524941
5.80267e-05
-0.0009287863
-0.001414988
-0.001438999
-0.00107738
-0.001357632
-0.001458158
-0.001052182
-0.0009698678
-0.0005339279
-0.0003890238
6.536659e-05
0.0002521164
-0.0003351534
-0.0007283499
-0.0002297884
0.000273717
0.0007003627
0.001107265
0.001287148
0.001334942
0.0009705207
0.0009234546
0.001096273
0.001264676
0.00127228
0.001016724
0.0007647437
0.0006371755
0.0007012645
0.0005035032
0.000523184
0.0004572295
0.0002565717
0.0002927933
0.0002357659
0.0002335731
0.0002468399
3.295819e-05
-0.0002466052
-0.0003820492
-0.0003018623
-3.33211e-05
-8.110831e-06
-5.148e-05
-2.622372e-05
1.630459e-05
2.346158e-05
3.959229e-05
0.0002206845
0.000213008
7.24145e-05
1.755059e-05
-4.983649e-05
-9.748922e-05
-0.000116115
1.872271e-05
0.0001480917
0.0001592797
0.0001312201
2.984959e-05
8.527442e-05
0.0001579538
0.0001487382
0.0001719869
0.0002383695
0.0002569763
0.0002935895
0.0003746005
0.0004471513
0.0004682746
0.0004007428
0.000356692
0.0002650041
0.0002102067
0.0001970777
0.0001881702
0.0001883186
0.0001817024
0.0001494428
7.106349e-05
5.876187e-05
6.218404e-05
7.605989e-05
9.211026e-05
8.378643e-05
8.760087e-05
5.415878e-05
3.628787e-06
-3.469743e-05
-6.069921e-05
-7.248519e-05
-8.344502e-05
-9.155588e-05
-9.927193e-05
-0.0001046015
-0.0001093806
-0.0001108377
-0.0001117152
-0.0001124569
-0.0001100577
-0.0001055865
-9.952071e-05
-9.241917e-05
-8.548429e-05
