-0.004281452
-0.003338419
-0.0004594266
0.005046064
0.004219393
-0.001407398
-0.002712452
0.002491113
0.002007157
-0.00275978
-0.003190699
-0.000823759
0.004836759
0.004175316
-0.002943748
0.0004044267
0.00468182
0.008608331
0.001520882
-0.01467517
0.001524998
0.006388884
-0.00204395
-0.006176467
-0.006568644
0.009172516
0.003536516
-0.006361045
-0.004314409
0.003893027
0.002598141
-0.002987886
0.001910666
0.002558876
-0.001309475
-0.007931827
0.000153199
-0.0002083959
-0.003690172
0.00156537
0.001330251
0.0003933711
0.0005397295
0.002603687
0.003518103
-0.003425563
-0.005858789
0.007793382
0.0001153132
-0.009734336
-0.001656469
-0.001148022
0.003898403
0.004599627
-0.00514191
0.003447992
0.005644532
0.001738411
0.001957169
-0.001164574
0.001924461
0.0008518953
-0.01038089
-0.00587304
0.00548003
-0.002889621
-0.01029231
-0.001461707
0.008131858
0.006690042
-0.0004199154
0.001034046
0.008341787
0.004862005
-0.003340377
-0.0003350007
0.006707534
-0.004692551
-0.003942399
0.005073832
0.001364543
-0.008980868
-0.00503812
0.007378787
-0.002496408
-0.008264064
0.002740138
0.00728264
0.0023167
-0.00976476
-0.005128422
0.006035914
0.00150857
-0.007943336
-0.007542042
0.01009623
0.010879
-0.0009444107
-0.0006951023
0.002212325
0.01106023
0.005899455
-0.002472281
0.001785621
0.002570422
-0.003904118
-0.005491839
0.002342178
-0.0002624852
0.0001449099
0.004493584
0.002615157
0.005409348
0.001469499
-0.01113729
-0.001738604
0.002517243
-0.004092971
0.009761074
0.007037057
0.005714519
-0.00430556
-0.00715198
-0.0004471211
-0.002095043
0.002290333
-0.004586112
-0.009849937
0.008371735
0.01206147
-0.003325862
-0.01208523
0.005704976
0.0269591
0.001347289
-0.01377893
-0.000972442
0.01721148
0.01811864
-0.01547366
-0.0113994
0.01451204
0.0133078
0.004791173
-0.01027793
-0.01181062
0.008485714
0.01536701
-0.003093604
-0.01169183
0.003723793
-0.001121859
0.005213726
0.002670211
-0.0200744
-0.001453942
0.03152506
0.01622032
-0.01648868
-0.0204857
0.007283134
0.02915127
-0.01703397
-0.01343812
0.02488669
0.01172802
-0.007642446
0.001604203
0.004032151
-0.002585261
-0.009120055
-0.02950135
-0.02852487
0.01034156
0.008793539
0.00214246
-0.00105592
-0.0008577016
-0.006358224
0.005767872
0.01528889
0.001997603
-0.008401985
0.0006437083
0.0150138
-0.01914057
-0.02932086
-0.008056593
0.01326377
0.00442988
0.006803745
0.01220599
0.005204012
0.007069914
-0.0008174251
-0.02365388
0.006388494
0.02116963
-0.01919247
-0.0009157963
0.01866546
-4.714805e-05
-0.01948497
0.0005471161
-0.0004072933
0.0113118
0.001754705
-0.002684028
0.01824158
-0.008140417
-0.02464677
-0.0003857679
0.004901194
-0.008370744
-0.002608464
0.01913416
0.02715471
-0.008826509
-0.02279613
0.006954503
0.002691198
-0.01163339
0.01522452
-0.0008228446
-0.007257734
-3.58447e-05
-0.01418296
-0.006536748
0.001550098
0.01296112
0.005536828
-0.01164071
0.01185527
0.001218996
0.003188896
0.0338361
0.006002615
-0.01555685
-0.01155919
-0.02253819
-0.01402806
0.002009674
-0.008054394
-0.008351962
0.01297957
0.0113509
0.005115909
-0.007478782
-0.0003731951
0.02124495
-0.01130706
-0.01594372
-0.01075472
-0.01581875
-0.007280071
-0.01023169
-0.01175939
0.001961908
0.01901044
0.01623324
-0.007892561
-0.008316626
0.01648595
0.00896472
-0.006035147
-0.01376956
-0.007347385
-0.02164958
-0.02321707
-0.0193194
-0.008708093
0.003056833
0.01593764
0.03582686
0.02623298
-0.002153373
0.001971749
0.01090515
0.005269888
-0.01182303
-0.01936059
0.007225942
0.0009858177
0.003428953
0.002198047
0.0020361
0.009355853
0.01070044
0.02164629
0.02199638
0.01130395
-0.01563198
0.004709088
-0.01693203
-0.03890974
-0.003939836
0.02037107
0.01871685
0.02069077
-0.004360207
-0.004130487
0.02668903
0.01691561
-0.005135552
-0.0118908
9.544013e-05
-0.009138405
-0.01968703
-0.02207158
-0.01168879
-0.01361331
-0.006466983
0.007881566
0.003650815
-0.01059634
-0.0002931093
0.01421762
0.01496752
-0.01176749
-0.01475181
0.001893774
-0.004759483
-0.009071843
-0.01093824
-0.008008603
0.002521057
0.008920735
0.01046419
0.04211601
0.02186716
-0.02541168
-0.004861547
-0.01293261
-0.03444014
-0.03178693
-0.00935898
-0.006234529
-0.00541936
-0.01035597
-0.008368824
0.006890563
0.007004988
0.01563539
0.01593852
0.0129909
-0.004406037
-0.01969973
-0.001157994
0.01040389
-0.01075073
-0.006703196
-0.0155097
-0.0152178
0.005392495
0.001511571
0.009552406
0.0192487
-0.0003188072
0.001798885
0.024287
0.006654427
-0.006371822
0.002437067
-0.006044064
-0.02948452
-0.02154161
0.009064677
0.02540626
0.02325831
-0.00918365
-0.02629705
-0.01017986
-0.01231864
-0.01129848
-0.007621221
0.009129379
0.01850538
-0.006486505
-0.0006611286
-0.001592232
-0.01252954
0.006463018
0.01792185
0.01224571
0.01998868
-0.007177849
-0.0154397
-0.001593048
0.006931241
0.00806563
0.01853302
0.02715829
0.01227153
0.003001919
-0.04221351
-0.05696461
-0.03759467
-0.03315344
-0.03854502
-0.00664234
0.01931068
0.03810228
0.04055858
0.03031996
0.02274456
0.02491525
0.02674221
0.01458089
0.01017972
-0.02870866
-0.04258359
-0.02370529
0.01477944
0.02687167
0.01678298
0.01441467
0.0146443
0.02951603
0.03670716
0.01881852
0.009464232
0.01440218
-0.0002979359
-0.01370265
-0.02566917
-0.0181037
-0.03232748
-0.05309252
-0.04540364
-0.01758608
-0.03294002
-0.05126623
-0.027749
0.009657581
0.05233654
0.01895715
-0.02459979
0.02219283
0.0324062
-0.007538925
-0.02440043
-0.004127819
0.03786875
0.02199154
-0.02632064
-0.008831615
0.01973155
0.0002710838
-0.02601319
-0.06330734
-0.04448721
0.004035313
0.05110128
0.0319519
-0.02757723
-0.01221083
0.01721321
-0.01210964
-0.03230758
0.005309099
0.0331603
0.03059612
-0.002454841
-0.04279778
-0.03470398
0.02451119
0.04852923
0.03042942
-0.02082548
-0.04573174
-0.04118857
-0.01183798
0.02423748
0.03816873
-0.005992079
-0.01984053
0.007940283
-0.008708067
-0.0194853
0.01839963
0.02120166
-0.01370775
-0.006226986
-0.00146962
-0.005090534
0.02466295
0.03311169
0.0307362
0.02691128
-0.04524139
-0.04626029
0.004593928
0.03061319
0.03075709
-0.00386979
-0.005100851
0.03005965
0.003565225
-0.01723046
0.02226504
0.04508353
0.04647183
0.009826366
-0.05872164
-0.0470752
-0.001768772
-0.005480479
-0.04180669
-0.06030635
-0.04321006
-0.04427895
-0.05091092
-0.02238043
-0.01739766
-0.03368292
0.003297251
0.01726112
0.001867345
0.00607287
0.01281922
0.02744812
0.05181496
0.06133775
0.04364489
0.01380791
-0.0103344
-0.007747621
0.04152252
0.0314256
-0.01155
-0.00491484
0.02316378
0.03762744
0.01678481
-0.01375597
0.003639169
0.001017826
-0.02003492
-0.008266104
-0.006566729
-0.02683917
-0.01604344
0.02623561
-0.0121194
-0.05121696
0.01358573
0.0237001
-0.02782515
-0.01456102
0.006745809
0.01232016
0.03406355
0.007724134
-0.005166578
0.006225848
0.01061801
0.02543764
0.001008686
0.01040905
0.03882323
0.000810939
-0.008514878
0.02250642
0.02428943
0.03753213
0.03395503
0.03188447
0.04073505
0.007514711
-0.04348933
-0.02796285
-0.003391012
0.01886441
0.03583112
0.0294276
0.006282817
0.002627173
-0.01069093
-0.03687124
-0.02812266
-0.001994308
0.01170738
0.02161162
0.03728089
0.01033456
0.01083031
0.01005821
0.0162425
0.004093307
-0.008185423
0.003763906
0.008105056
0.02769724
0.02242285
-0.003183201
-0.01117895
-0.01936443
-0.02284872
0.01736786
0.01062569
-0.01498649
-0.02670116
-0.02178576
0.009534385
-0.01258633
-0.04053941
-0.02147865
-0.01673053
-0.007517864
-0.004162044
-0.02477214
-0.04467844
-0.0566012
-0.05485393
-0.05801182
-0.05350545
-0.007792091
0.02485915
0.03285188
0.03419422
-0.01590714
-0.02497391
-0.008389715
-0.0317069
-0.03418344
-0.01002167
-0.0009813984
0.01092915
0.02896787
0.0272247
0.01739089
0.03487472
0.007410213
-0.002955017
0.01921163
-0.01830906
-0.03036137
0.006253581
0.00939927
0.004682797
0.01421674
0.03567857
0.0326706
0.001804385
-0.01595891
-0.0400105
-0.0140872
0.02626707
0.03842241
0.01501647
0.009863438
0.01859566
0.02537866
0.009759407
0.001313809
-0.01047637
-0.03632827
-0.02746039
-0.03415261
-0.03304387
-0.02083855
0.01393427
0.01534391
0.01562135
0.02686889
0.009138225
0.01014802
0.01281124
0.007582715
-0.006407608
-0.01567941
-0.01911172
-0.009727722
-0.003387406
0.0005661083
0.009224883
0.01177896
0.01103945
-0.01172798
-0.0401003
-0.03172815
-0.01506238
-0.006951349
0.0160629
0.007318431
0.001040323
-0.0005712868
-0.001677997
-0.004804308
6.006132e-05
0.00544463
-0.01609982
-0.02811849
-0.003840466
0.01824456
0.02083739
-0.007708345
-0.008466219
0.007873147
-0.001358887
0.009015519
0.02828636
0.0009850275
-0.006046868
0.02283339
0.02485808
0.007394642
0.001209345
-0.000370652
-0.00286355
0.005931892
-0.01591857
-0.04061686
-0.0234258
-0.001023563
-0.007948363
-0.027156
-0.004700723
0.01763318
0.008432756
0.007575933
0.004113012
-0.01624111
-0.006726572
0.03386838
0.02907946
0.002182039
-0.0002384441
0.03694869
0.05028211
0.01368244
-0.0007189611
0.007834733
0.01843353
0.002872383
-0.01774388
0.01005517
0.05276866
0.04874576
0.02947181
0.01877912
0.006230035
0.006172887
-0.01158024
-0.03017895
-0.009491339
0.03552021
0.04483686
0.004025613
-0.006794578
0.01064025
0.01313106
0.01668879
0.00289224
-0.02449071
-0.01919388
-0.02374413
-0.02900227
-0.01263742
0.001284527
-0.001353226
-0.02225
-0.03265403
-0.02455119
0.00861816
0.04045742
0.05778413
0.03710665
0.007200219
-0.01142502
-0.02711367
-0.02978713
-0.01626502
-0.001924881
0.02399532
0.02662076
0.0009320278
-0.01107443
-0.02170593
-0.01231177
0.001435756
0.01561474
0.02729574
0.0277598
0.03846976
0.0237042
0.01847054
0.01591132
-0.01205916
-0.01616164
-0.03035498
-0.04991964
-0.03252766
-0.03560301
-0.02967685
-0.04140383
-0.05962515
-0.04776157
-0.04246884
-0.03957718
-0.01274714
0.001906132
-0.01198121
-0.02264944
-0.00624482
0.01437341
0.02605951
0.04003958
0.0449335
0.01746485
-0.01835147
-0.02114938
-0.006477742
-0.007170368
0.0132918
0.0272321
0.01001037
-0.0001019559
-0.013107
-0.02166995
-0.03433126
-0.01176177
0.02637802
-0.004792203
-0.03314519
0.0096764
0.03895341
0.01144192
-0.01126741
0.007532161
-0.002483268
-0.01755076
0.001173331
-0.01080458
-0.02605873
0.0003979788
0.001532168
-4.684365e-05
-0.01119141
0.008612854
0.031777
0.03953609
0.03318858
0.01790382
0.01483969
0.03832718
0.05369954
0.05026923
0.0307882
0.002972745
-0.01277203
0.01303494
0.01409568
-0.0003751115
0.008351955
-0.009506261
-0.02289076
-0.01089255
0.007512273
-0.009640102
-0.04280342
-0.05620117
-0.01256257
-0.005615406
-0.003353102
0.009339721
-0.0112419
-0.008168692
0.00744643
-0.01007825
-0.02782018
-0.006598121
-0.006337059
-0.03006742
-0.03687903
-0.02380473
-0.01611195
-0.01825299
-0.02853261
-0.03262491
-0.02548191
-0.008951846
0.004564114
-0.009273265
0.009262114
0.04125333
0.02526987
0.01229745
0.01534107
0.007040253
0.01526037
0.02367735
0.02179233
0.03350901
0.02040501
0.02126787
0.02769993
0.016283
0.01467236
0.00392558
-0.001646741
0.02049944
0.03744157
0.03221197
0.01559203
0.001869906
0.01235952
0.0078225
-0.02147502
-0.02302651
0.01255205
0.01585577
0.005341542
-0.01106318
-0.02370716
0.00552087
0.006421466
-0.01317484
0.0005889768
-0.001056348
-0.01148999
-0.008977797
-0.03147804
-0.02431363
0.01483493
0.00542944
-0.02467184
-0.02013291
-0.001324176
-0.0143578
-0.02449973
-0.01031771
-0.01579722
-0.02467945
-0.02821891
-0.03619232
-0.03374235
-0.03733995
-0.01745104
0.01088143
0.01181365
-0.002788741
-0.01258285
-0.008916017
0.01222036
-0.002446291
-0.04300054
-0.01477211
0.03216822
0.002162817
-0.004391771
0.02842054
0.04117047
0.04710374
0.04963531
0.06544422
0.05352444
0.02054165
-0.004709541
-0.00179139
0.01088408
0.02433985
0.0243306
0.01338491
-0.003612437
-0.01264155
0.002286084
0.003297854
-0.01542126
-0.01887403
-0.0200675
-0.005102126
0.01721132
0.01807213
-0.0004643974
-0.01080829
-0.002629998
0.007136431
-0.02608096
-0.04926359
-0.03578946
-0.02563033
-0.01224392
-0.01037535
-0.02701265
-0.01943616
0.01120355
0.01042216
-0.006274291
-0.002760463
-0.009010075
-0.02148373
-0.01895624
-0.03325365
-0.03695326
-0.008097535
-0.008347506
-0.03254912
-0.02824785
-0.009958302
0.004398125
-0.004230127
-0.03588998
-0.02054925
-0.002201565
0.0007114823
0.02110121
0.01828594
-0.001807116
0.003293831
0.009133258
0.008159086
0.02330295
0.02619968
0.002887506
-0.006087547
-0.01402934
-0.03280251
-0.01754339
0.01410816
0.01279229
0.009181413
0.02502194
0.02999334
0.01951583
0.008553818
0.009272845
0.03042247
0.050139
0.04255726
0.04593951
0.05558149
0.0479814
0.04599131
0.05513144
0.04388894
0.02792994
0.03293807
0.03932728
0.0211559
0.006080229
-0.007695965
-0.007754179
-0.01286343
-0.006161087
0.01541694
0.01340848
0.01036677
-0.006708106
-0.02956128
-0.05174023
-0.04925661
-0.05146396
-0.04492176
-0.02874871
-0.05309313
-0.07566682
-0.0608106
-0.02471797
-0.01777287
-0.02240476
-0.02864316
-0.01872679
-0.01399509
-0.01357186
0.02522376
0.03642941
0.006930934
0.01354454
0.03825396
0.03231545
0.007927174
-0.002338181
0.003739924
0.01909493
0.02895417
0.02500262
0.01066848
0.004010869
-0.007918106
-0.009504281
0.0008200837
0.01489499
0.01013151
0.008699358
0.004789623
0.002642448
0.01542603
0.01444166
-0.004283577
-0.03070777
-0.03340269
-0.01800688
-0.009867358
-0.01663207
-0.01444833
-0.02560618
-0.0136692
-0.01203625
-0.03307281
-0.0402241
-0.04605858
-0.05206135
-0.03060777
-0.02041294
-0.02148504
-0.008638214
0.003505832
0.0138863
0.002599922
-0.02896609
-0.02126007
-0.005508283
-0.005080978
-0.004649593
0.02090235
0.0245549
0.01782078
0.01393859
-0.007643667
-0.003099642
0.01059378
-0.005163251
-0.01767669
0.02086394
0.05134656
0.05377613
0.04290999
0.03660836
0.0266796
0.01623677
0.02590528
0.007233082
-0.005951512
0.02454335
0.03819802
0.01922288
0.001592109
0.01776923
0.01378096
0.001770386
0.02672971
0.01654086
-0.008322736
-0.01205907
0.01608673
0.01127226
-0.01172167
-0.006619707
-0.01564168
-0.03601421
-0.03873667
-0.04120412
-0.04044634
-0.01905803
-0.02891844
-0.01093082
0.0006471279
-0.008490106
-0.0109647
-0.01240195
-0.02331093
-0.0095614
0.01346707
0.009665453
0.005782238
0.01233567
0.01658899
0.0006667196
0.001213366
-0.002608647
0.01426718
0.01632955
0.004001754
0.001205861
0.01663227
0.03832453
0.04613562
0.03946271
0.03983596
0.03599762
0.01980913
0.01663482
0.01155821
0.007451614
0.02773118
0.05529967
0.03212214
0.005891745
-0.007361186
-0.0084547
-0.01854563
-0.0166842
-0.01334173
-0.004042467
-0.0151483
-0.02689469
-0.02659488
-0.04145941
-0.0335708
-0.03170224
-0.03573947
-0.02536512
-0.02866795
-0.04200044
-0.04810419
-0.0257938
0.009686824
0.0006485332
-0.007377917
-0.001911808
-0.01862356
-0.02104715
0.01609098
0.01658867
0.002145398
-0.007964912
-0.01622494
0.005921227
0.02282868
0.01560905
0.0157375
0.008978907
-0.007858304
-0.002344253
0.007748577
0.03610451
0.0293806
-0.002254771
0.005204419
0.02095927
0.02753718
0.02271659
0.01716568
0.02269401
0.01577018
0.01378417
0.01949101
0.01450824
-0.01668343
-0.02289428
-0.006498867
0.006837563
-0.002286405
-0.002824013
0.008928359
0.03279935
0.04120306
0.01760937
-0.008580214
-0.00693094
-0.005069508
-0.03486377
-0.03956604
-0.02247193
0.0009900422
-0.01062476
-0.02794137
-0.03220402
-0.03054965
-0.02925533
-0.00106362
-0.0001793462
-0.03066415
-0.03729218
-0.01767254
0.005457928
0.000355822
0.008386217
0.02094541
0.01037304
0.001268458
0.01383377
0.02670815
0.02639086
0.006229475
-0.002176409
0.004840106
-0.006794079
-0.001834904
0.007471511
-0.002078814
0.005362021
-1.203243e-06
-0.01487593
-0.02547073
-0.02538716
-0.01814114
-0.01025354
-0.009672208
-0.01264761
0.004919784
0.00547766
-0.001619563
-0.02719307
-0.04407821
-0.01816823
0.02163312
0.0231192
0.0008260177
-0.006840365
0.01533335
0.00421019
-0.003328693
0.001507065
-0.005603417
0.005386001
0.009624038
-0.0107393
-0.0352367
-0.02651271
0.01184841
0.03840915
0.03560715
0.02285301
0.02345781
0.0227621
0.01621772
0.01633088
0.0100364
0.008333963
0.02321366
0.0367133
0.04073408
0.03710282
0.03683756
0.03569102
0.03011666
0.04167218
0.0351023
0.009860304
-0.008342676
-0.03063789
-0.03394479
-0.009417933
0.002333429
-0.007774829
-0.01207521
-0.03050463
-0.03938582
-0.03363206
-0.03229796
-0.01995602
-0.008153657
0.001040566
-0.007666211
-0.02498485
-0.02091307
-0.0172503
-0.03659364
-0.04018206
0.01558843
0.04940443
0.02784565
0.004676297
0.01242926
0.0225884
0.01383879
0.01908153
0.005854117
0.01604386
0.04173047
0.03689969
0.005266376
-0.01919838
-0.0002988539
0.01832527
0.0265607
0.03013268
0.01934001
0.009334774
0.0101497
0.002537385
-0.01071655
-0.01113582
0.01082982
0.03194683
0.01881836
0.0004725847
-0.01209489
-0.0004506212
-0.002103074
-0.01336087
0.004886881
0.004198329
-0.009470744
-0.01739721
-0.04043397
-0.07169293
-0.07302103
-0.0487512
-0.03382355
-0.04731616
-0.06072207
-0.03775173
-0.01599416
-0.02935213
-0.04820994
-0.06004505
-0.0543739
-0.05230947
-0.04690046
-0.04078867
-0.03597432
-0.02239511
-0.005440717
0.01575075
0.02287642
0.03873023
0.04608949
0.01926956
-0.0005531702
0.002198741
0.02799143
0.0487137
0.03516092
0.03810969
0.05300368
0.06615755
0.06158791
0.04960898
0.04844307
0.0506809
0.03358464
0.01467277
0.02598963
0.02266132
0.01545191
0.01100875
0.01665542
0.02464198
0.008680972
-0.007136213
0.009830421
0.03394828
0.01935101
-0.003506213
0.003961162
0.03069838
0.02399285
-0.02799863
-0.04818243
-0.0452561
-0.04501644
-0.03324364
-0.03778575
-0.04229725
-0.02627921
-0.02168722
-0.0332153
-0.03078264
-0.01614466
-0.01320813
-0.02317969
-0.01572455
0.01176339
0.0264187
0.01402872
-0.006475358
-0.01415396
-0.00521676
-0.001092941
-0.01915208
-0.0326967
-0.0202252
0.0138652
0.01671912
0.005085978
0.000673418
0.01542972
0.03673034
0.02948524
0.01404648
0.0173849
0.0318811
0.02866602
0.02227059
0.02802641
0.03540607
0.03479607
0.03448493
0.02376062
0.0113737
0.01896348
0.02261402
0.01666535
0.03265585
0.03195813
0.004659838
-0.01505068
0.01440077
0.04578511
0.02369085
-0.0105669
-0.0248755
-0.006161592
0.01862131
0.0203818
-0.008451598
-0.01840071
-0.01723591
-0.02051932
-0.02806735
-0.01375067
0.02358436
0.01267542
-0.01016751
-0.0180654
-0.03734242
-0.04182331
-0.038695
-0.01357957
0.03919519
0.0518248
0.03557005
0.02362786
0.01701822
0.01424583
0.0141897
0.00677835
0.0101331
-0.00780057
-0.02660124
-0.02683383
-0.03284676
-0.01933995
0.003709976
0.02091735
0.02162214
0.009912508
-0.0159843
-0.01986033
-0.02258988
-0.02404443
-0.03329076
-0.03114369
-0.01895267
-0.0233795
-0.01633031
-0.0276962
-0.04306967
-0.04821151
-0.02851534
-0.02472607
-0.05193153
-0.05370942
-0.03593697
-0.02171616
-0.009192622
-0.02136023
-0.02309323
-0.00879898
-0.003742866
-0.0002595913
-0.01717122
-0.02967644
-0.01410209
0.006628368
0.0178055
0.005725619
0.0006429354
0.007311671
0.009505667
0.0112427
-0.00305364
-0.01340768
-0.02041511
-0.02114341
-0.009709232
0.001043585
0.008402864
0.01086512
0.01801632
0.01924744
-0.001260705
-0.02278885
-0.02066625
-0.009783889
-0.01822747
-0.02459127
-0.002266552
0.006795107
-0.0007569931
-0.003960833
-0.01272469
-0.01251459
-0.01264109
0.002170308
0.01195821
0.01279663
0.02764271
0.04851291
0.05049781
0.02180111
-0.005030004
-0.005160582
0.01416024
0.01287196
0.01159592
0.01880833
0.01416527
0.01387659
0.03860444
0.04361568
0.006293864
-0.01648887
-0.02834639
-0.03161856
-0.02750798
-0.01506706
-0.01323209
0.0002104735
0.02508316
0.02111228
0.01322971
0.02055533
0.01672726
0.008811026
0.01810117
0.0280074
0.02117746
0.01443423
0.02076434
0.009168965
0.004354552
0.006748479
0.01875897
0.01354777
-0.001838938
0.01578053
0.02167612
0.004394247
-0.003321045
-0.003737216
0.004227953
0.009996043
0.001463731
0.00703394
0.00657799
-0.0042279
-0.00565387
-0.0007639998
-0.005261189
-0.01650058
-0.02107223
-0.01534188
-0.006735126
-0.01964833
-0.0159692
0.0002181878
-0.00182284
2.845145e-05
0.006363663
0.007345916
0.006454428
-0.01100594
-0.01107837
0.003593307
0.01616888
0.01089649
0.01230205
-0.0104817
-0.02922624
-0.02933437
-0.03090926
-0.01131506
0.01916049
0.03400761
0.0315188
0.02099444
0.01594849
0.01590055
0.002650743
0.007109159
0.0008065754
-0.01003399
-0.001170192
0.007729304
0.002711921
-0.006373221
-0.009005845
0.009114452
0.01280175
-0.001784252
-0.02026257
-0.0330238
-0.04129804
-0.0230023
-0.01350916
-0.04727014
-0.0547243
-0.03711196
-0.02410288
-0.02545336
-0.02497601
-0.02848073
-0.02799623
-0.01011359
-0.01196285
-0.01554202
-0.01509934
-0.02407432
-0.0159031
0.008690118
0.01214894
0.005934081
0.01051898
0.01077398
0.003483027
-0.007983809
-0.000847888
0.01822815
0.006300277
-0.005304259
-0.006182476
0.002510987
0.02132897
0.01662371
0.008323979
0.04206864
0.06353658
0.03027133
0.01662679
0.03121178
0.02997554
0.02556507
0.03528057
0.03117814
0.02243369
0.02220827
0.01909728
0.01003968
0.01222861
0.0156242
0.01087814
0.01441143
0.0123388
-0.002432835
-0.02316841
-0.01846314
-0.002194132
0.006859395
-0.008906737
-0.01503081
-0.00710744
-0.008050931
-0.01526436
-0.01718093
-0.004665524
0.002106265
0.01676367
0.02175658
0.02307137
0.01839468
0.003845414
0.001372944
0.005875236
0.0003070654
0.0003805163
0.008112128
0.01162298
0.007432829
-0.004587858
-0.01924423
-0.02022953
-0.002796703
-0.0001242908
-0.01512644
-0.01821703
-0.009812214
-0.01338526
-0.02117805
-0.01289869
0.004738139
-0.001408367
-0.01623201
-0.01151756
-0.01151142
0.003141909
0.01126826
0.0200872
0.02380307
0.03212017
0.03049226
0.008227719
0.01730675
0.04325047
0.0391511
0.01949164
0.01347366
-0.0002137065
-0.01563507
-0.01401631
-0.007022156
-0.01545754
-0.02829524
-0.02128782
-0.01756277
-0.03913881
-0.05462851
-0.06295781
-0.05712951
-0.04640114
-0.04801476
-0.04138372
-0.02583176
-0.005282823
-0.002176904
-0.02101526
-0.02909568
-0.03411712
-0.04133462
-0.03359383
-0.02154659
-0.01477479
-0.009627845
-0.003230385
0.006125076
-0.0001213832
-0.008251783
0.001323999
0.0074328
0.0121901
0.0214609
0.01139659
0.001311868
-0.0006006101
-0.007543728
-0.008995165
-0.009088982
0.0002409803
0.01701796
0.02113471
0.02559723
0.03264749
0.02335634
0.02515972
0.03189684
0.01802997
0.01703957
0.01967528
0.0203128
0.01704271
0.01459983
0.0162288
0.02079536
0.01866155
0.02062303
0.0271888
0.009843725
-0.01414767
-0.0259776
-0.003568177
0.00997949
0.001134076
-0.003113177
0.01160137
0.0340669
0.03959328
0.03169545
0.02113644
0.02644149
0.03612743
0.03553382
0.02872841
0.02025428
0.01454435
0.01189442
0.01507582
0.01242385
0.002717563
0.003492792
0.004379201
0.005462471
0.01120816
0.02188045
0.03011392
0.02981101
0.002858561
-0.01568807
-0.0183839
-0.02489351
-0.02002298
-0.009164026
-0.005359394
-0.0104563
-0.01065211
-0.01696078
-0.02534821
-0.02562664
-0.01355184
-0.009143373
-0.01767258
-0.02195451
-0.01868741
0.001655498
0.01994719
0.0220321
0.02169758
0.02247995
0.01917212
0.009740217
0.0002787314
-0.0001639146
0.006077498
0.01239643
0.01553093
0.008740822
0.007089477
0.01452327
0.006357186
0.005247462
0.01732226
0.02266607
0.01281087
0.002876103
0.0001139789
0.002407995
0.006630831
0.006179007
-0.001363857
-0.0007701804
0.0008802162
-0.01029385
-0.02442489
-0.03011237
-0.03405668
-0.03647302
-0.03669534
-0.03361286
-0.02646875
-0.02752951
-0.02395845
-0.02564651
-0.03828835
-0.0413677
-0.02950098
-0.03048422
-0.03825454
-0.03500886
-0.02528414
-0.01834198
-0.02271264
-0.01856834
-0.006788326
-0.003935346
-0.01497069
-0.02545625
-0.02075605
-0.01462377
-0.01046825
6.125389e-05
0.006200674
-0.002686545
0.004644236
0.01681288
0.01122638
0.01025946
0.01330012
0.004915761
0.007099623
0.02063098
0.02040153
0.01456105
0.01626959
0.01850241
0.01557505
0.01847088
0.01690318
0.01098008
0.005220184
-0.01065199
-0.02445357
-0.02414039
-0.01869762
-0.02418314
-0.02350174
-0.009480774
-0.00568123
0.0007366539
0.007075998
0.008848803
-0.0005545341
-0.008368711
-0.01188359
-0.007936141
0.003013603
0.0003412482
0.007196713
0.01808934
0.0203089
0.01562001
0.01227445
0.01115046
0.0112627
0.01377909
0.01139743
0.01299174
0.01655363
0.01211769
0.00971156
0.0146535
0.02134067
0.0247669
0.01911716
0.02197423
0.02232618
0.01438246
0.004621112
0.003248239
0.01197235
0.006099233
-0.003073579
-0.001644512
0.004775416
0.008057824
0.01014479
0.01006528
0.01035501
0.01639651
0.01238082
-0.004762268
-0.02004284
-0.02100363
-0.01255288
-0.005035434
0.005675635
0.004374164
-0.0003718472
0.005485042
-0.001498849
-0.0113061
-0.01039213
-0.00681392
-0.008473412
-0.01972192
-0.02305217
-0.0152226
-0.009988932
-0.01230632
-0.01153923
-0.003481182
-0.006278991
-0.007333621
0.002714449
0.00508192
0.00237591
0.01107656
0.01891123
0.02320548
0.02454479
0.01446826
0.0007503362
-0.0004501525
0.01225196
0.01211635
0.004096142
0.001391153
-9.799497e-05
-0.0002254432
0.008237548
0.0173921
0.01959025
0.02208624
0.01070208
0.001134529
0.009865781
0.02125005
0.02302185
0.01334618
0.0002218914
-0.002441276
0.001435797
0.0003393498
0.005652583
0.009318515
0.007654949
0.004002382
-0.006348525
-0.008961711
-0.011427
-0.01385046
-0.005987231
-0.006344177
-0.012866
-0.01677765
-0.02597902
-0.02429086
-0.01570139
-0.02059325
-0.0320886
-0.03296983
-0.02740873
-0.02876834
-0.01533182
-0.00870483
-0.01665975
-0.0039403
0.01442995
0.01369255
0.003996484
-0.006211621
-0.008918646
0.0004388884
0.004115023
0.003354158
0.005537013
0.009133589
0.01191416
0.001740739
-0.003122565
0.00176023
-0.003471295
-0.005275619
0.008287376
0.02195135
0.01756541
0.003834223
0.004162719
0.007270714
0.00928119
0.01813791
0.01309304
-0.001401102
-0.004817025
-0.0002942894
-0.006918113
-0.006448857
0.002858699
-0.0002889645
0.0008483919
0.007545768
0.003122085
-0.01399244
-0.01923926
-0.01401273
-0.009246211
-0.01807221
-0.02775603
-0.03111994
-0.03775192
-0.02217034
-0.007603668
-0.01602167
-0.02637359
-0.02499246
-0.02224962
-0.02289318
-0.01937107
-0.004331109
0.006033167
0.01159732
0.01963702
0.01269496
0.005735556
0.01033071
0.02023701
0.02539929
0.02570433
0.02396222
0.0184094
0.01564628
0.01446008
0.01255273
0.008530931
0.009807009
0.008438226
0.008514784
0.01705224
0.02431266
0.0212823
0.01381187
0.01247879
0.00892517
0.009892189
0.01424765
0.0122689
0.01024426
0.01240672
0.01845334
0.01999257
0.01813215
0.01716321
0.01056591
0.006138147
0.006363625
0.009015684
0.004031001
-0.006608561
-0.008244582
-0.006690044
-0.008381147
-0.01157471
-0.01561997
-0.02021297
-0.02839025
-0.02686632
-0.0201159
-0.02250264
-0.03093186
-0.03668052
-0.03374898
-0.03262387
-0.03300325
-0.03056641
-0.02679439
-0.02107111
-0.01990826
-0.01816094
-0.01449398
-0.01332806
-0.01406852
-0.01259253
-0.002258848
0.00217719
0.002787209
0.01066065
0.01972748
0.01649822
0.01219694
0.01344344
0.01535906
0.02460337
0.02415565
0.01220641
0.005946729
0.01153333
0.01183327
-0.001708196
-0.009688619
-0.00573708
0.003993777
0.005931835
0.001446953
-0.003501009
-0.007478951
-0.01160683
-0.01381405
-0.004525877
0.00546712
0.0005874983
-0.003185424
0.006867754
0.01515021
0.01167513
0.01354689
0.02252192
0.0294692
0.0347702
0.02927042
0.01813513
0.01211107
0.01271599
0.01140739
0.008205665
0.008838122
0.01058136
0.01427484
0.01639751
0.01007459
0.001541329
0.004006726
0.0120199
0.0156736
0.008791718
-0.0001587259
-0.004526309
-0.006146012
-0.007622915
-0.001474298
0.004331598
-0.003826304
-0.0008957879
-0.003457971
-0.01083455
-0.01404546
-0.0253215
-0.0306795
-0.02381485
-0.02202775
-0.02842003
-0.02815478
-0.02101676
-0.01563519
-0.01308411
-0.009105034
-0.01320232
-0.01441912
-0.007933905
-0.00721373
-0.01031447
-0.01090296
-0.005485683
-0.004110668
-0.002138952
0.008698603
0.008023419
0.005606074
0.01287057
0.01775234
0.01619282
0.01129483
0.00334909
-0.0005594946
-0.0008746197
-0.008360345
-0.01476385
-0.01887643
-0.01365806
-0.001068146
0.004682668
0.001227983
0.003458777
0.01750219
0.01838761
0.00797346
0.003105054
0.002076948
0.004410762
-0.0005800441
-0.01154295
-0.009577357
-0.005367763
-0.01388471
-0.02188554
-0.02475474
-0.01754635
-0.01769624
-0.02866322
-0.03430173
-0.0290191
-0.01337326
0.0009537083
-0.000127439
-0.009048306
-0.005722034
0.007258538
0.005382811
-0.006636817
-0.006488865
0.008919307
0.00829716
-9.126918e-05
0.002203782
0.0002189142
0.004274486
0.01104428
0.006540009
0.00449802
0.01244999
0.0198889
0.02257767
0.01852628
0.01510831
0.0112191
0.01051331
0.01916705
0.02166406
0.01569303
0.0188357
0.02734561
0.02685708
0.01487519
0.005630975
0.006311365
0.009454034
0.003667623
-0.0001257075
0.008157761
0.00957051
0.002843659
0.005015288
0.006589196
-0.002439795
-0.008214987
-0.006769598
-0.00427361
-0.004519383
-0.001464435
0.002453433
-0.00104716
-0.005034292
-0.005532005
-0.003932598
-0.0007134308
0.004915996
0.009664143
0.01349021
0.01199086
-0.004162838
-0.008456992
0.003035394
0.0031864
0.004359446
0.01114759
0.009757378
0.002113543
0.0004071281
-0.003063887
-0.0107934
-0.01612898
-0.007220252
0.007371912
0.008736716
0.00786874
0.0128015
0.01567489
0.01361351
0.016849
0.01287308
0.007830244
0.008363746
-0.000338851
-0.007827648
-0.008303945
-0.008232503
-0.00610168
-0.008488438
-0.008977996
-0.007307194
-0.005418113
-0.007784471
-0.01029057
-0.008285208
-0.01190617
-0.01093611
-0.004077586
0.004757695
0.004922975
-0.002211885
-0.006721264
-0.008382804
-0.009256905
-0.008391905
-0.003120506
0.006139093
0.01250801
0.004160371
-0.00556937
-0.008519172
-0.01249203
-0.0153531
-0.01088036
-0.00649738
-0.005704802
-0.004407325
0.0008589722
0.007348249
0.002180966
-0.0003863373
0.002024979
0.002615595
0.006227451
0.007442306
0.007644303
0.01404382
0.02302087
0.02438261
0.01345742
0.003946978
-0.0002523272
-0.004750493
-0.008655019
-0.0151789
-0.01597141
-0.01461376
-0.01800216
-0.01859679
-0.02140584
-0.02595909
-0.02662613
-0.02123132
-0.01575899
-0.01660658
-0.01709921
-0.01130149
-0.001194283
0.002128908
0.0007713185
0.001525129
-0.0004516006
0.0002971095
0.003161299
0.004970809
0.006788478
0.009266087
0.01273208
0.01497712
0.01409383
0.01617466
0.01306675
0.007554698
0.01156435
0.01282101
0.0130689
0.01748043
0.01571891
0.01225298
0.01264469
0.007958833
0.0004373785
-0.006517976
-0.00898533
-0.008065265
-0.004856321
-0.003702676
-0.006681052
-0.008759789
-0.006111844
-0.0063454
-0.01076504
-0.01063037
-0.005239651
-0.003187388
-0.005991346
-0.008864664
-0.01065576
-0.0128824
-0.01822004
-0.01845258
-0.01485706
-0.01456022
-0.01481112
-0.01553428
-0.01113908
-0.006231837
-0.003829718
0.001479401
-0.0010512
-0.007930062
-0.005600364
-0.001633566
-0.001772268
-0.0004533907
0.004055026
0.007311903
0.00767504
0.007280316
0.008066753
0.01010779
0.01238648
0.01524352
0.01763747
0.02128909
0.02184806
0.02165938
0.02424101
0.02592912
0.02694812
0.02513967
0.02283346
0.02316395
0.02343733
0.01881572
0.01324653
0.009962141
0.009397072
0.01280592
0.01229593
0.0116615
0.01077003
0.0101611
0.009414471
0.00352194
-0.001085391
-0.005143963
-0.005587655
-0.008440587
-0.01033982
-0.005514194
-0.006784086
-0.009915481
-0.01118537
-0.008706768
-0.008391584
-0.0141352
-0.01303053
-0.01081917
-0.01414436
-0.01290506
-0.01435142
-0.01602625
-0.01445953
-0.01511437
-0.01186567
-0.008977025
-0.008857682
-0.008062081
-0.009968461
-0.01569678
-0.01992672
-0.01797342
-0.01305192
-0.01103028
-0.01303254
-0.0152031
-0.01301622
-0.01217269
-0.01273981
-0.01603135
-0.01865377
-0.01505624
-0.01334978
-0.01473903
-0.01575087
-0.01517457
-0.0108049
-0.007756126
-0.007778572
-0.007740838
-0.006739204
-0.003642491
0.0001417014
0.001472794
0.0002722459
0.005668037
0.01007953
0.009213541
0.01241939
0.01455424
0.01722765
0.0205865
0.02355571
0.0234945
0.01956035
0.01469595
0.01298132
0.01523959
0.01480812
0.01225708
0.01421751
0.02067613
0.02074446
0.01713569
0.01558425
0.01511503
0.01557198
0.01258132
0.009635546
0.01013533
0.01189481
0.01080645
0.008750114
0.005360635
0.002988096
0.002782037
0.002774877
0.002723856
0.004147756
0.003118555
-0.0002535868
-0.001147129
-0.000416831
-2.721369e-05
0.0009601232
0.0030409
0.0004592558
-0.002901668
-0.002957793
-0.001025938
-0.001529844
-0.00365249
-0.004329796
-0.004125823
-0.00551407
-0.004743998
-0.005555946
-0.006056794
-0.004746123
-0.003923012
-0.002528702
-0.002418572
0.001361517
0.003354566
0.001573615
-0.0002593568
-0.004390389
-0.005188062
-0.005294175
-0.007518828
-0.008061503
-0.006213296
-0.004809811
-0.0007808466
0.002602458
0.003371501
0.005354345
0.009441448
0.00763601
0.002896033
0.006237514
0.005508175
-0.0002905637
0.0009425766
0.002724476
3.061595e-05
-0.000533485
0.001045433
-0.0009334084
-0.002182951
-0.0006993896
-0.002610345
-0.004466574
-0.004363018
-0.002112082
-0.003033956
-0.001666685
-0.002589889
-0.005775975
-0.005684377
-0.005397053
-0.004729937
-0.002587869
-0.001041053
-0.000751574
-3.374148e-05
0.002220279
0.002993623
0.003676117
0.006942346
0.005142031
0.003947382
0.002309329
0.001867833
0.004593837
0.005189688
0.006715603
0.006550615
0.0054877
0.007890444
0.006707426
0.00522805
0.006945443
0.007368623
0.007452116
0.007774636
0.00880408
0.008214627
0.008248458
0.005806319
0.003359983
0.00134129
-0.0001828625
-0.001069803
-0.004832111
-0.006229594
-0.003302722
-0.0007205823
-0.003140704
-0.006587936
-0.008436075
-0.00752233
-0.008627676
-0.008433092
-0.007145057
-0.008026618
-0.008704692
-0.01105473
-0.01277565
-0.01310874
-0.01497771
-0.01711601
-0.01927896
-0.02026257
-0.0183714
-0.01825934
-0.01847755
-0.01817865
-0.01716276
-0.01668401
-0.01637132
-0.01602297
-0.01430018
-0.01140932
-0.009829339
-0.009196901
-0.007243565
-0.004515493
-0.004089011
-0.002417438
0.002950223
0.0074062
0.008815956
0.01120703
0.01369771
0.01422009
0.01525129
0.01496681
0.01483197
0.01662606
0.01788304
0.01609103
0.01326955
0.01367083
0.01251293
0.009877626
0.008261763
0.008215728
0.005864425
0.004890914
0.004166379
0.002553041
0.002359453
0.003018697
0.002787564
0.002067509
0.005431901
0.004988607
0.001067673
0.0001418518
0.002389347
0.004003027
0.003987114
0.003859987
0.005497682
0.007770787
0.007208651
0.004914617
0.004189029
0.00493469
0.00493421
0.004193228
0.002837133
0.001464615
0.001707854
-0.0001567246
-0.001678056
-0.0009783537
-0.002296311
-0.003765074
-0.004476777
-0.005170156
-0.004720677
-0.003892477
-0.003746482
-0.005480521
-0.006908265
-0.006554821
-0.005673347
-0.006626052
-0.008106064
-0.008417614
-0.008545081
-0.008419272
-0.008102621
-0.006154859
-0.00536864
-0.0065719
-0.006507542
-0.005422235
-0.00475089
-0.004693745
-0.004821066
-0.004625294
-0.005107798
-0.004880083
-0.003315654
-0.003109415
-0.004037459
-0.004112581
-0.00399243
-0.003679667
-0.003334729
-0.004072142
-0.004138727
-0.004002908
-0.00396226
-0.003280286
-0.001327847
0.001149918
0.003312323
0.004419326
0.004360537
0.003819001
0.003334974
0.002736145
0.003206348
0.003673763
0.002802603
0.003514868
0.004220378
0.004782563
0.004796488
0.004171552
0.00482711
0.005180839
0.0047461
0.004650924
0.004463195
0.003783818
0.003024926
0.003369816
0.003823801
0.003834289
0.003998002
0.004242395
0.004668342
0.003990797
0.002414908
0.0006340007
0.0001882514
0.001038438
0.001205002
0.001260712
0.001062513
0.0007634624
0.0007197781
0.0002848462
-2.422541e-05
0.0001331391
0.000319464
0.000454031
2.182188e-05
-0.000439063
-0.0001563219
0.0001744611
0.000134083
-0.0004401917
-0.000528828
7.762238e-05
1.814411e-06
-0.0005296238
-0.0008512729
-0.0007737796
-0.0007974132
-0.0009542809
-0.001555822
-0.00215533
-0.002163407
-0.001642085
-0.001573456
-0.001879804
-0.002033485
-0.002033223
-0.00166666
-0.001334796
-0.001222072
-0.001441758
-0.001645256
-0.001632106
-0.001579742
-0.001653358
-0.001312173
-0.00075825
-0.0006092683
-0.0006824778
-0.0005786365
-0.0003958701
-0.0001909782
-5.448815e-05
-5.558503e-05
-0.000114504
-2.303417e-05
0.0002180525
0.0003287185
0.0003089503
0.0004392147
0.0004827607
0.0004417238
0.0005205621
0.0005515436
0.0005679402
0.0006128246
0.0006687392
0.0006841397
0.0006686793
0.0007060058
0.0007420672
0.0006770243
0.0006198281
0.0006275178
0.0006167088
0.000608148
0.0006156502
0.0006491195
0.0006295289
0.0005815495
0.00053027
0.0004570786
0.0004127601
0.0003626923
0.0003582085
0.0003363775
0.0002622646
0.000220169
0.0001968581
0.000163161
0.0001271862
9.959309e-05
7.520082e-05
4.7207e-05
1.270066e-05
-1.74258e-05
-4.184042e-05
-6.099955e-05
-7.492604e-05
-8.35184e-05
-8.763741e-05
-8.828393e-05
-8.471072e-05
