-4.489392e-07
3.090065e-06
8.424443e-06
1.39793e-05
1.183061e-05
7.442312e-06
1.106941e-05
2.265188e-05
4.793377e-05
5.540316e-05
6.452809e-05
7.413517e-05
8.346227e-05
8.557932e-05
5.189163e-05
8.106127e-05
2.694839e-05
2.205093e-05
2.786698e-05
2.731734e-05
2.875343e-05
2.847373e-05
7.054069e-05
0.0002703326
0.000427492
0.0001348546
-5.491953e-05
-1.199697e-05
-2.968433e-05
-2.601492e-05
-3.75101e-05
-4.375316e-05
-4.165444e-05
1.74145e-05
0.0003245455
0.00035145
0.000342555
0.0003676142
0.0007278961
0.0008623229
0.0006249507
-6.063307e-05
-0.000407736
-0.0002617408
0.0004734056
0.001037745
0.0002914826
-0.0006251103
-0.0005762029
-0.0005823353
-0.0006084168
-0.0006283804
-0.0006279179
-0.0006313464
2.593553e-05
0.00131726
0.001188369
0.00116036
0.00113494
0.001077237
0.0009772735
-0.0002258177
-0.001591019
-0.001274485
-0.001431645
-0.001311765
-0.001366525
-0.0009322904
-0.001329459
-0.001473766
-0.001361854
-0.0002500178
0.001727466
0.001250141
0.0004383898
-0.001899835
-0.001776592
-0.0008489879
0.001479932
0.001233213
0.0006160144
-0.0021506
-0.002309011
-0.002170654
-0.0004194462
0.001556812
0.001090482
-6.907618e-05
-0.0008339786
0.0004152474
0.0004375975
-0.002028689
-0.002833669
-0.001348955
-0.0006713445
-0.0009679669
-0.0008152788
-0.0004293038
0.001212334
0.001980921
0.003031518
0.001271652
0.0001079221
-0.001398257
-0.0007941304
0.000852346
0.0004156476
-0.0005308453
-0.003223403
-0.002675249
-0.001115999
0.0001382009
-0.0001556466
-0.00219
-0.001769359
-0.001663639
-0.0003305873
-0.001947568
-0.003803476
-0.004224879
-0.002395595
-0.001419126
-0.001645345
-0.0007189153
0.001373934
0.003473326
0.005374316
0.004887918
0.004795104
0.004376471
0.004148952
0.001613193
-0.001130246
-0.002058315
-0.004353068
-0.005556927
-0.006764646
-0.007539867
-0.006912684
-0.005382328
-0.004107705
-0.004172397
-0.002304673
-0.0002339878
0.001600295
0.00296588
0.003067676
0.003458642
0.005120622
0.004825411
0.004419432
0.002626736
0.001642993
0.001619137
-0.000183289
-0.0008122852
-0.0005692874
-0.0006665789
-0.0005785426
-0.0006566156
-9.848061e-05
0.001399191
0.00176524
0.001344989
0.00147658
0.001598866
0.003400778
0.003509799
0.002885813
0.0009326056
-0.0006829841
-0.003771271
-0.003879577
-0.001022438
0.001245146
0.0006833969
0.0008402144
0.0006959117
0.001051039
0.003608403
0.005663823
0.004675133
0.004384528
0.002129103
0.002770517
0.004193536
0.003865794
0.00362322
0.003266135
0.001473636
-0.0007183168
-0.001939345
-0.001792306
-0.001697254
-0.0001901949
0.002502368
0.002889921
0.002508754
0.002363165
0.002732907
0.004433035
0.004824842
0.003066379
0.001204147
0.0009571674
0.0001857266
-0.001628115
-0.002384687
-0.001768471
0.0003950047
0.003168869
0.005471541
0.004536147
0.003183852
0.001540948
0.001909542
0.002674544
0.002930821
0.0003062592
-0.001155748
-0.001674726
-0.001421947
-0.001676236
-0.001580199
-0.001160202
0.0005129758
0.0003978587
0.0007052695
0.001074256
0.000989671
0.002016354
0.001976557
0.001162394
-0.0006725645
6.921298e-05
0.002896538
0.003688889
0.003230961
0.002923506
0.002674665
0.001272873
-0.0005677386
-0.002002059
-0.003053189
-0.002668843
-0.003325771
-0.004918132
-0.006114943
-0.003984217
-0.002385925
-0.002809654
-0.002587329
-0.002067307
0.0006970952
0.002033552
0.001738583
0.001815604
0.003342668
0.003163746
0.0007404465
-0.003062151
-0.004572553
-0.004024171
-0.004212077
-0.004023194
-0.004151941
-0.003231282
-0.001231258
0.0005546355
0.0009712806
0.001230668
0.0004595321
0.001789795
0.003188002
0.00176192
-0.0007306345
-0.002170308
-0.004660411
-0.00111968
-0.000500074
-0.0007145601
-0.0004438088
0.001717969
0.003622785
0.003175577
0.0009832116
-0.002082858
-0.00186253
-0.001763904
0.0001031739
0.002393021
0.002422439
0.001999211
0.001893785
0.00157804
-2.198949e-05
-0.003377731
-0.003410913
-0.003336378
-0.00338852
-0.003400093
-0.003447888
-0.003357021
-0.003405515
-0.003325789
-0.003449357
-0.003203308
-0.003078541
2.952442e-05
0.002222304
0.004485628
0.00594762
0.004804862
0.004676776
0.001607681
-0.000762894
-0.0005884838
-0.001155488
-0.004219678
-0.005836241
-0.005210095
-0.005352621
-0.005184782
-0.005119648
-0.005005063
-0.004890033
-0.004863752
-0.004565553
-0.003903689
-0.0002584157
0.000880877
0.003720466
0.00485921
0.004008097
0.003949877
0.00357556
0.003428848
0.003166806
0.002931511
0.002659949
0.001871177
7.548617e-05
-0.001314208
-0.003414685
-0.005413615
-0.005217482
-0.003054737
-0.002165507
-0.002343949
-0.002205899
-0.0009533823
0.002217704
0.002168036
0.001834947
-0.0002745505
-0.003247989
-0.004085129
-0.005482873
-0.003749151
1.610758e-05
0.001898918
0.001783312
0.002118411
0.00448357
0.006025568
0.005426435
0.00321792
-0.0002025767
-0.003570319
-0.004911642
-0.004259248
-0.003743327
-0.001775089
-0.001986246
-0.001131541
0.0003742853
0.001433029
0.001713997
0.0008737346
-0.0010607
-0.002997629
-0.004683863
-0.005120851
-0.004760963
-0.004797979
-0.004495649
-0.004007261
-0.0007578914
0.00257863
0.004576696
0.004836751
0.004302923
0.004078216
0.002301765
9.360568e-05
-0.001311176
-0.001234043
-0.001248626
-0.001261476
-0.001319704
-0.001360378
-0.001313478
-0.00136788
-0.001402165
-0.001378386
-0.001410497
-0.001386568
-0.001408356
-0.001429854
-0.001630133
-0.002945869
-0.003817148
-0.002043365
0.0006244313
0.003712987
0.003288948
0.003158782
0.002902542
0.002105951
0.001166368
0.002710711
0.002005402
-2.139037e-05
-0.00290045
-0.00419655
-0.005117111
-0.004515262
-0.0043896
-0.002491506
-0.003508197
-0.003523857
-0.001624724
-0.001573189
0.0001020162
0.0007347274
0.001314574
0.002858312
0.001893457
0.002710759
0.004500516
0.005311397
0.006590075
0.005749649
0.002654399
-0.001239285
-0.003488621
-0.00364704
-0.003885237
-0.006228421
-0.007933192
-0.00747563
-0.005004008
-0.001717987
0.0009844994
0.003604943
0.005553461
0.007052749
0.005944514
0.004149105
0.001896641
0.0002341327
-0.0002234672
0.001329851
0.001816335
0.003335896
0.002198354
0.0006115776
0.0004085283
-0.0003623822
-0.001993763
-0.0005115283
0.0009805706
0.002621202
0.004287657
0.002233705
0.002097634
0.0005342235
-0.0004087602
-0.0002301225
-0.0003054351
-4.239434e-05
0.0003497463
-0.0005249544
-0.0004455513
-0.000461799
-0.0004847698
-0.0006245423
-0.002103841
-0.003223711
-0.003950056
-0.004972261
-0.00165039
0.0004134466
0.0002265721
0.00308979
0.004875777
0.00425512
0.004191357
0.00394867
0.003719659
0.00361295
0.003321066
0.002450177
-0.001101642
-0.001851457
-0.001430209
-0.001567892
-0.001427426
-0.001448647
-0.001149058
0.0006773831
0.003142088
0.003091859
0.001850518
0.0008970973
0.00276441
0.002699176
0.002472597
0.002441806
0.002356025
0.003482661
0.002790183
0.001521807
0.001789268
0.0010232
-0.001856469
-0.003609246
-0.002867018
-0.00312727
-0.002749486
-0.002899669
-0.002577032
-0.002750178
-0.002394753
-0.002135806
0.00126851
0.003738112
0.006498301
0.006743443
0.006092668
0.006037534
0.005435405
0.003910155
0.0012211
0.002030796
0.002329999
0.004427212
0.004694167
0.004058019
0.001251132
-0.001699882
-0.003799871
-0.005398327
-0.005049563
-0.004867524
-0.004657958
-0.002316753
0.0007432238
0.00158194
0.0001919333
-0.0001528613
0.0001324417
0.002217467
0.004126553
0.003691159
0.004318285
0.003658097
0.003786149
0.003341268
0.003382534
0.003001947
0.003012494
0.002781842
0.003379994
0.00230986
-9.025619e-06
-0.002823484
-0.00223369
0.0003715746
0.002740337
0.002786416
0.006567754
0.006292485
0.006038776
0.00548482
0.003869106
0.0001534156
0.0001265911
-0.0001907845
-0.002098957
-0.005130609
-0.004456663
-0.004710167
-0.004289941
-0.00453978
-0.005120837
-0.008087416
-0.005076704
-0.002223832
0.0007129731
0.001162332
0.00219621
0.005319861
0.004422842
0.0005505298
-0.0001208368
-2.518009e-05
-0.0005774117
-0.00357189
-0.005069399
-0.004458922
-0.00452379
-0.004276594
-0.004222221
-0.004062866
-0.002618748
0.001420328
0.005412261
0.007832116
0.006964413
0.006862257
0.006809574
0.008283819
0.007161549
0.004002511
0.00181391
-0.0007630605
-0.001278065
-0.0003960591
-0.002657129
-0.002331242
-0.002499104
-0.002311613
-0.002495145
-0.002367175
-0.002440442
-0.002357129
-0.002382617
-0.002288797
-0.00229549
-0.00220205
-0.000818421
0.002032413
0.004066769
0.007960629
0.01124704
0.01054156
0.01011647
0.009379079
0.008495207
0.005501118
0.002738269
-0.001123412
-0.002286643
-0.005553001
-0.006669378
-0.006187062
-0.006054828
-0.005618026
-0.002208185
-0.0008146211
-0.002716289
-0.005377418
-0.001543344
0.001376313
0.002110583
-0.001574911
-0.001537073
-0.001684951
-0.001525677
-0.001790895
-0.001637646
-0.001648143
0.0003214956
0.002536435
0.001073938
-0.004070657
-0.007758429
-0.009654544
-0.0109067
-0.01126133
-0.01052522
-0.01029325
-0.007583076
-0.004670212
-0.003054188
0.0009526473
0.003271412
0.004653469
0.00232992
-0.001882821
-0.006167088
-0.009577403
-0.008696283
-0.004613979
-0.001804314
-0.0001792162
0.0002658748
-1.424356e-05
0.000100626
0.0002365543
0.002193887
0.004369789
0.005273517
0.006572073
0.007478944
0.008197253
0.00748276
0.007240221
0.007019059
0.007700672
0.006565634
0.005441594
0.005546459
0.006943322
0.008795729
0.00649422
0.002919513
-0.003272981
-0.009491992
-0.01641622
-0.01885577
-0.02071042
-0.02060409
-0.01953161
-0.01692688
-0.01368401
-0.01076648
-0.006377022
-0.002016513
0.002666225
0.006176637
0.006958473
0.008027333
0.006841494
0.004188879
-0.0002396959
-0.006259673
-0.01151472
-0.01586102
-0.01870382
-0.02100572
-0.02047114
-0.01632442
-0.007861433
0.001192949
0.007335096
0.0097477
0.009349397
0.009559081
0.01098755
0.01165233
0.0136727
0.01728715
0.02206962
0.02220955
0.02077616
0.01681217
0.01366073
0.0106983
0.007395538
0.00254992
-0.00202643
-0.006346206
-0.007366745
-0.005308924
-0.005515305
-0.005743174
-0.00862509
-0.0101249
-0.009118145
-0.008406255
-0.004488417
-0.002686054
0.002060232
0.007065714
0.009878276
0.009889393
0.01177866
0.01359382
0.01240805
0.01175528
0.008253198
0.00240184
0.0008672378
0.001032008
0.0007886883
0.0007422564
0.002075493
0.001889055
-0.0001579687
-7.261836e-06
-0.0004125555
-0.002355447
-0.006597338
-0.01110577
-0.01658645
-0.01847297
-0.01576352
-0.009009573
-0.0017172
0.001336431
0.002856084
0.004541533
0.006090129
0.00524987
0.004337177
0.005819048
0.006617095
0.007734757
0.008657253
0.0086911
0.007904016
0.007662956
0.008513505
0.01163179
0.01430982
0.01829434
0.01868405
0.01684803
0.01016678
0.001063052
-0.007001708
-0.013721
-0.01807753
-0.02103988
-0.02085699
-0.01797399
-0.01050906
-0.0009130643
0.006624928
0.008729184
0.008037398
0.00741498
0.004694815
0.001388199
-0.0001404892
-0.004864224
-0.00839209
-0.01421986
-0.01759684
-0.01624525
-0.01607627
-0.01387858
-0.008331236
-0.002531381
0.0006075438
0.003335999
0.005100018
0.007968161
0.01058974
0.009259275
0.005219127
0.002261929
0.0004334012
-0.000722242
-0.004692595
-0.006135156
-0.009351821
-0.009419894
-0.0130584
-0.01039603
-0.007197182
-0.00498458
-0.002285672
-0.002972311
-0.004544818
-0.007319443
-0.004041236
-0.001887961
-0.0007037366
0.003972
0.008893849
0.0114176
0.01010523
0.007399851
0.001074496
-0.002475482
-0.005887698
-0.008706111
-0.00996938
-0.009143595
-0.009132445
-0.009565685
-0.01303144
-0.0162841
-0.0156365
-0.01019495
-0.004694314
-0.0003088929
0.003087454
0.007296709
0.01171384
0.01315675
0.01559136
0.01495588
0.01406038
0.01194113
0.006070044
0.001514561
-0.001442413
-0.002140172
-0.002203826
-0.00418405
-0.004523882
-0.004307631
-0.004368379
-0.004535605
-0.006057642
-0.006509184
-0.005724477
-0.002815612
0.00232752
0.007552669
0.01198909
0.01183626
0.01098883
0.01045296
0.00831279
0.003021963
-0.00271485
-0.01073672
-0.01808251
-0.01850525
-0.01716972
-0.01301334
-0.01186524
-0.01162843
-0.010558
-0.006854003
-0.00559182
-0.006462988
-0.008345567
-0.005669945
-0.004626867
-0.00359611
-0.00011865
0.0002380846
3.923742e-05
0.000179571
0.0002739948
0.0009406517
-3.417656e-05
0.0001078343
0.0005130628
0.003791565
0.007532402
0.01103631
0.01406957
0.01632214
0.01750934
0.01757282
0.01399864
0.008913699
0.00379653
-0.001402134
-0.005622334
-0.007186095
-0.006913876
-0.006697076
-0.006746849
-0.00800478
-0.007265863
-0.005792943
-0.003881302
-0.0006426925
0.002088133
0.005517757
0.006733524
0.005978211
0.006003505
0.005550852
0.00549923
0.00579164
0.008308719
0.009285455
0.008772932
0.008329258
0.007130938
0.003287904
0.0004492729
0.0009521923
0.002941657
0.005648056
0.007851689
0.009598134
0.008413719
0.00490775
0.003235599
-0.0005799556
-0.003228978
-0.008400426
-0.01074124
-0.01302601
-0.01296103
-0.01319032
-0.01429804
-0.01253403
-0.01063251
-0.01045962
-0.007837501
-0.001773514
0.005623838
0.01139172
0.01353588
0.01119805
0.007601931
0.007241122
0.007054323
0.007698287
0.01113908
0.01439462
0.01705871
0.01898644
0.02169232
0.02196049
0.01897858
0.01267234
0.005333809
0.0001752903
-0.0003071298
0.0005439583
0.004360743
0.008246357
0.008862776
0.009558089
0.008078845
0.004789314
0.0008868015
-0.002849035
-0.003523537
-0.003379689
-0.003297275
-0.001454487
0.003771983
0.007364363
0.01037987
0.01246225
0.01181326
0.007805558
0.00641992
0.0042885
0.00419679
0.003622442
0.003289893
0.00138233
0.000229788
0.0004144673
0.002649874
0.008236438
0.01310601
0.01683469
0.01640377
0.01504315
0.01168413
0.006792477
0.00264387
-0.001897958
-0.006776505
-0.009658005
-0.00891817
-0.00562316
-0.002031789
0.0006049491
0.0006601802
-0.002164711
-0.003022131
-0.002970711
-0.003295007
-0.00357132
-0.006042804
-0.008649185
-0.007981202
-0.006346657
-0.001950438
0.003134499
0.00521935
0.0007074298
-0.00518289
-0.007818986
-0.006195748
-0.004168987
-0.001857648
-0.0006919586
-0.003178933
-0.006662149
-0.01192509
-0.01688597
-0.01950596
-0.01919147
-0.0174866
-0.01416966
-0.009947985
-0.002649535
0.002120174
0.002876531
0.0006299457
-0.003649032
-0.006470955
-0.009463624
-0.009588848
-0.01128884
-0.009515533
-0.007195651
-0.003825705
-0.00143324
0.0009363646
-0.001013039
-0.001528069
-0.0004878236
-0.002767184
-0.00795467
-0.01114791
-0.01380126
-0.01286149
-0.01060595
-0.007003662
-0.00766026
-0.007815707
-0.01148097
-0.01245952
-0.01283675
-0.0097844
-0.005840919
-0.004432648
-0.001858604
0.003558338
0.01083114
0.01598359
0.01759646
0.01499421
0.00886219
0.0006122786
-0.005349014
-0.012481
-0.01720545
-0.02137244
-0.0205124
-0.01761922
-0.01013832
0.000860383
0.01189026
0.01686518
0.01672074
0.01215756
0.008785948
0.006917205
0.00991527
0.0119806
0.01433741
0.01444112
0.01383335
0.01321335
0.0138354
0.01236256
0.009494976
0.008295057
0.008296026
0.009321454
0.007526159
0.005460149
0.003412948
0.0001340195
-0.00214048
-0.003579
-0.006927313
-0.008577719
-0.008430088
-0.004507664
0.001875814
0.008615199
0.00992353
0.008796692
0.00401415
-0.004493847
-0.0135608
-0.02063836
-0.02397426
-0.02604955
-0.02651004
-0.02378541
-0.01647985
-0.007655289
0.000194157
0.004661174
0.008054023
0.009669626
0.009852863
0.00727102
0.00645652
0.003378751
-0.002597729
-0.01022723
-0.01526509
-0.0182677
-0.0185572
-0.01553264
-0.0104062
-0.00477498
-0.00197072
-0.004224144
-0.009421957
-0.0137957
-0.01544059
-0.01294615
-0.009242956
-0.008831789
-0.008319556
-0.005749413
-0.002836051
-0.003317303
-0.006383121
-0.01066578
-0.0113554
-0.00795998
-0.00453404
-0.001570638
0.000260933
0.002471666
0.009382097
0.01399195
0.01550522
0.0136885
0.01207612
0.01188103
0.00880795
0.004343196
-0.001516176
-0.00633927
-0.008622822
-0.009516618
-0.008994887
-0.009871307
-0.007500785
-0.004782838
-0.0008009853
0.0005645392
0.0004228243
0.001486448
0.004709515
0.005496398
0.005010515
0.005222207
0.005283883
0.008328731
0.01000648
0.00916257
0.009146014
0.008812644
0.009504272
0.01232049
0.0127859
0.0120749
0.01172764
0.01135738
0.01087422
0.01042236
0.007362408
0.004203851
0.001237345
0.001246661
0.006602244
0.01036901
0.01474813
0.0190393
0.02281819
0.02504488
0.02525866
0.02629995
0.02802227
0.02593548
0.02381688
0.01758523
0.01208196
0.006434051
0.002165695
-0.001686676
-0.004025809
-0.009264363
-0.01291988
-0.01191013
-0.009307099
-0.004427001
-0.004984568
-0.006587309
-0.009467813
-0.01062857
-0.009865821
-0.01076566
-0.01358444
-0.01388371
-0.01309299
-0.01118595
-0.00769183
-0.005494408
-0.001714493
0.001135885
0.0004138493
-0.003418417
-0.005512382
-0.006528755
-0.006714451
-0.01025319
-0.01617733
-0.0204604
-0.02212304
-0.02360148
-0.02216888
-0.02031715
-0.01578686
-0.007558275
0.002837818
0.01212191
0.01860092
0.01977021
0.01869605
0.01522314
0.008627694
0.001830227
-0.003922591
-0.007513374
-0.008848796
-0.007910004
-0.007127295
-0.00339483
-0.001934872
-0.0003368571
0.000105985
-0.001248191
-0.002140292
-0.001605085
-0.001456961
0.0002176489
0.004101917
0.01009738
0.014653
0.01650307
0.01896024
0.02145536
0.02404272
0.0207961
0.01754665
0.01517765
0.01383378
0.01323513
0.009503346
0.004415336
0.0006653177
-0.002555425
-0.005095149
-0.007795438
-0.009033733
-0.008469307
-0.007224896
-0.004014146
-0.002959099
-0.003704954
-0.007180421
-0.007633113
-0.006528163
-0.002431992
0.002812643
0.005864614
0.007882318
0.007108067
0.004983484
-0.0009963493
-0.007354486
-0.0131498
-0.01862237
-0.02209367
-0.02477793
-0.02363523
-0.01927534
-0.008900723
0.0003304527
0.005420742
0.007436348
0.009262998
0.008448786
0.005936884
0.000281734
-0.006462149
-0.01325407
-0.01484724
-0.01386803
-0.01237631
-0.01064771
-0.0121916
-0.01161516
-0.01078025
-0.007939144
-0.00492947
-0.004268852
-0.001145801
0.002231135
0.006577654
0.009891543
0.009662919
0.01086344
0.01268606
0.0134768
0.01194829
0.00731851
0.001050067
-0.005181977
-0.01007798
-0.01474589
-0.01733187
-0.01940994
-0.01576548
-0.009136659
-0.001713151
0.00187606
0.004838749
0.007406526
0.01031864
0.01260278
0.0143263
0.01327565
0.01325733
0.01285234
0.01508741
0.01841862
0.02058749
0.02073733
0.02072589
0.02094111
0.02338446
0.02349473
0.02118069
0.01638347
0.01199058
0.007348556
0.002165412
8.419539e-05
-0.0001623134
-0.001563496
-0.004695034
-0.007397407
-0.01107811
-0.01309825
-0.009926668
-0.001353651
0.01209366
0.02448641
0.03295405
0.03511372
0.03256936
0.03089324
0.02604609
0.02278689
0.01853719
0.0136145
0.01126621
0.01071682
0.00888633
0.004799247
0.001933154
-0.001202123
-0.000821508
0.001211559
0.003150673
0.001471757
0.001430284
0.002195552
0.004427908
0.006421545
0.00691933
0.00428532
0.00245123
-0.001310616
-0.005567855
-0.009419979
-0.0130757
-0.01609401
-0.01913722
-0.02198984
-0.02588523
-0.03053958
-0.03300764
-0.03298472
-0.03095258
-0.02555327
-0.0207776
-0.01467642
-0.008941493
-0.004024028
-0.0008992158
0.0005021865
-1.382855e-05
-0.001015939
-0.004080633
-0.008135151
-0.0130708
-0.01428527
-0.01316262
-0.008992329
-0.004515364
0.0007175571
0.00348904
0.004643526
0.001338185
-0.002327356
-0.005461727
-0.008707634
-0.01123464
-0.01161668
-0.01076813
-0.007275577
-0.00388214
-0.0002185569
0.003071462
0.004962742
0.005196271
0.004445411
0.002183084
-0.002166197
-0.005164295
-0.007488283
-0.007492312
-0.007014803
-0.004100369
-0.001917744
-0.001933052
-0.003881368
-0.006880543
-0.007284677
-0.006985249
-0.006813471
-0.006656798
-0.007761811
-0.008829794
-0.008314652
-0.008319609
-0.009483773
-0.01019413
-0.009461227
-0.008997351
-0.005347823
-0.001782531
0.001490516
0.00475264
0.007632168
0.009317685
0.007822121
0.004312624
-0.00124295
-0.007656347
-0.01313219
-0.01472161
-0.01269495
-0.008620965
-0.00423757
-0.0007385172
0.00336175
0.005529924
0.005385288
0.0008669482
-0.005294753
-0.01141988
-0.01729647
-0.01986357
-0.01985345
-0.01599095
-0.0126297
-0.009447834
-0.005354101
-0.003663388
-0.003494911
-0.004932245
-0.004088626
-0.003650775
-0.002896933
-0.004669079
-0.00700083
-0.009273592
-0.009082159
-0.006311708
3.299104e-05
0.006908004
0.01331302
0.01896369
0.02389196
0.02802971
0.02939961
0.02896007
0.02758698
0.02625074
0.02207109
0.01950266
0.01641812
0.0135794
0.01378459
0.0128519
0.01221451
0.008389443
0.006497939
0.004542406
0.001860033
0.004523553
0.006080451
0.005486389
0.003423066
0.002948202
0.001775225
-0.001175486
-0.001931013
-0.001766798
-0.001647766
-0.001526285
0.001088334
0.004576295
0.007053265
0.007512944
0.006715306
0.006030837
0.002304122
-0.0009853672
-0.004772828
-0.007739301
-0.01036224
-0.01538614
-0.01999828
-0.02043259
-0.01927538
-0.01853642
-0.01767768
-0.01401593
-0.009996684
-0.00679492
-0.004525878
-0.0008909214
0.0004221751
0.001380354
-0.0004405784
-0.002107217
-0.005883309
-0.00886784
-0.009603693
-0.008536304
-0.00842226
-0.007611753
-0.007348559
-0.004818255
-0.0006630603
0.002460374
-0.000262789
-0.004253511
-0.007362943
-0.009859231
-0.009321813
-0.008757033
-0.008143176
-0.00761682
-0.007027155
-0.005529046
-0.001419491
0.001581489
0.004423852
0.009328126
0.0131316
0.01852888
0.0198545
0.0188383
0.01549669
0.01114015
0.007459603
0.004319903
0.0009356367
-0.001268446
-0.003027937
-0.0005019344
0.001630168
0.004896212
0.004624315
0.004782304
0.006287691
0.01014527
0.01254518
0.01451095
0.01687342
0.01921568
0.02146111
0.0242228
0.02539688
0.02630522
0.02624297
0.02175481
0.02075735
0.01978953
0.01907627
0.01830025
0.01758037
0.01679217
0.01603763
0.01482006
0.01161452
0.008701344
0.005559243
0.003255301
0.002555079
0.0004004722
0.0009375198
0.00262475
0.006202637
0.006934203
0.006225415
0.005683891
0.00336287
-0.001354465
-0.007217446
-0.01234128
-0.01636058
-0.01733791
-0.01579087
-0.01570924
-0.01197279
-0.008760382
-0.008309932
-0.006932896
-0.006311329
-0.009805724
-0.01150247
-0.01244147
-0.01177958
-0.01148271
-0.009895763
-0.01002868
-0.01102244
-0.01154464
-0.01327523
-0.01286182
-0.01086908
-0.009754342
-0.006481874
-0.004338228
-0.0004929413
0.002569519
0.003388891
0.003913007
0.001223904
-0.001723026
-0.007104823
-0.01035648
-0.01431705
-0.01657915
-0.0155507
-0.01476841
-0.0116115
-0.006891906
-0.002470964
0.0009446991
-0.001098714
-0.004129761
-0.00577391
-0.004635439
-0.001741397
0.001943908
0.004952607
0.006839395
0.006230317
0.006246906
0.005875597
0.005831923
0.004500155
0.004308842
0.005611861
0.006213514
0.006865056
0.00301078
-0.0007247491
-0.004938501
-0.007203946
-0.006329467
-0.004379438
-0.000257772
0.003659437
0.008502543
0.01166787
0.01466655
0.01928968
0.02169538
0.02170192
0.02044278
0.01724623
0.01387336
0.01497303
0.01400045
0.01186313
0.01008738
0.009522492
0.008869476
0.007623653
0.005515141
0.002862697
-0.000433168
-0.0008987805
-0.001867578
-0.004174867
-0.005956002
-0.008927545
-0.01130729
-0.01393262
-0.01462671
-0.01381839
-0.01352302
-0.01283893
-0.01012312
-0.006993533
-0.006048996
-0.004846037
-0.005825962
-0.0058859
-0.00708891
-0.007603655
-0.0098874
-0.0107994
-0.01060946
-0.00898454
-0.008585741
-0.00739503
-0.005884707
-0.004079418
-0.002885238
-0.002194906
-0.001706305
0.0002437395
0.003328695
0.009018774
0.01058393
0.0103862
0.008216681
0.005732891
0.0004018767
-0.003196722
-0.007340544
-0.008604994
-0.007956449
-0.007038273
-0.007425174
-0.005442282
-0.001217316
0.003133808
0.006165692
0.00683294
0.006176812
0.006128815
0.00563801
0.005530111
0.005097571
0.005579157
0.007146169
0.008718802
0.009893363
0.01002612
0.005815814
0.003101062
-0.002183488
-0.007905665
-0.01312947
-0.0169474
-0.01951373
-0.01971838
-0.01877935
-0.01676731
-0.01455001
-0.01219164
-0.00807305
-0.006407778
-0.006250883
-0.004642173
-0.004402521
-0.003648813
-0.003184991
-0.003370233
-0.005052411
-0.005928244
-0.006395568
-0.002452171
-0.0008054892
0.0006904486
0.00342656
0.004647168
0.001019654
-7.708109e-05
-0.001923717
-0.004728858
-0.007361293
-0.009703759
-0.0121435
-0.01479901
-0.01776737
-0.01938585
-0.01912161
-0.01627832
-0.01512068
-0.01442953
-0.0135692
-0.01254476
-0.008943181
-0.00481244
-0.001872873
0.002519432
0.006982017
0.01127761
0.01570466
0.01762353
0.01809475
0.01518552
0.01253622
0.008291827
0.006551358
0.003685544
0.002663057
-0.0001838872
-0.001284141
0.0003638686
0.001766578
0.001637428
0.003193278
0.004770301
0.006304258
0.008781675
0.0116209
0.01314387
0.01604657
0.01770011
0.0177413
0.01891719
0.01770609
0.01663306
0.01246032
0.009667052
0.004951909
0.001184098
-0.001548082
-0.002851857
-0.004454914
-0.003312555
-0.002973784
-0.00132062
-0.00150214
-0.0003844809
0.0008104349
0.001173414
0.003645885
0.006981162
0.01000838
0.01247148
0.01405794
0.01584757
0.01630967
0.01640395
0.01580806
0.01378925
0.01042852
0.009810473
0.008381843
0.006474198
0.005398922
0.001740868
-1.709858e-05
-0.003404898
-0.003936384
-0.006922188
-0.007800026
-0.004620414
-0.0003995053
0.003851481
0.008988751
0.01331836
0.01559891
0.01811749
0.01728242
0.01500768
0.01401438
0.00944798
0.007103909
0.002478079
0.0004995409
-0.0006456119
-0.00358421
-0.003854543
-0.00197157
-0.003472429
-0.004436512
-0.004090085
-0.004129405
-0.004161706
-0.004350805
-0.005671858
-0.005746693
-0.006363316
-0.00625049
-0.006013255
-0.004309065
-0.002159514
-0.0008999119
0.0003685616
0.001059198
0.0005956611
0.0005230302
0.0001375745
-0.001363818
-0.002392348
-0.002252057
-0.004400737
-0.007059543
-0.007085122
-0.006807316
-0.00669403
-0.006580299
-0.006305004
-0.004809213
-0.001843825
-0.0008432504
0.0007594164
0.002477558
0.001917351
-0.0001650385
-0.0001120568
-0.001047147
-0.0003059884
-0.00309921
-0.005304808
-0.005081592
-0.006776319
-0.00736412
-0.008349124
-0.008746806
-0.006406834
-0.006219425
-0.005782714
-0.005328309
-0.006044511
-0.005838431
-0.007155608
-0.007881117
-0.007969952
-0.0093131
-0.008401136
-0.008283358
-0.006231576
-0.006453093
-0.00782025
-0.006735835
-0.007098847
-0.00762185
-0.005144004
-0.005927457
-0.006811463
-0.005598128
-0.001817685
-0.0009887186
0.0007147784
0.001345285
0.002739838
0.002844494
0.003667773
0.003863354
0.002497968
0.002574971
0.002449063
0.002459763
0.003860567
0.004594675
0.005508825
0.006445517
0.005787612
0.005569204
0.003613935
0.0003315583
-0.0007822609
-0.002595247
-0.00353825
-0.003025153
-0.003901163
-0.004551412
-0.004140519
-0.004784791
-0.007684371
-0.008771467
-0.007986881
-0.007953344
-0.007075376
-0.004595915
-0.002234187
-0.001931179
-8.125288e-06
0.0001837046
0.0001135608
0.0001394759
0.0002496487
0.0008109754
0.0004409486
-0.001040534
-0.001717065
-0.002558456
-0.002642053
-0.005784188
-0.007112569
-0.00829885
-0.009130605
-0.01025506
-0.009890634
-0.01095552
-0.01138876
-0.01063091
-0.01022364
-0.009794006
-0.009203427
-0.007521939
-0.00362283
-0.001032033
0.002040453
0.003012352
0.005947227
0.0063601
0.005569225
0.003698679
0.003521889
0.003558927
0.003482499
0.003354713
0.001974763
0.001075052
0.001862894
0.002816267
0.001324076
0.0007791177
-0.0009198562
-0.0008470392
-0.00160054
-0.00268818
-0.004434859
-0.001964809
-0.0003364464
0.0004308141
0.002870889
0.002556444
0.0007711236
0.0004491456
0.0006324037
-0.000739227
-0.003267362
-0.003959218
-0.003946138
-0.00282042
-0.002662482
-0.002311189
-0.001189299
0.0005723198
0.0005015248
0.0007166516
0.0008142508
0.001094468
0.002278744
0.00390244
0.0035825
0.00364051
0.003577611
0.003663207
0.003719663
0.004500914
0.006305402
0.007487883
0.0102818
0.01056033
0.01008727
0.009816967
0.008452266
0.006679942
0.006729718
0.004793112
0.001804314
0.001871781
0.002031371
0.00206212
0.002268901
0.003764644
0.006519434
0.006740485
0.006615511
0.006789025
0.009539962
0.01126338
0.01195446
0.01162756
0.009895252
0.009244398
0.008923262
0.008650018
0.008276536
0.006601036
0.005251245
0.00534611
0.005052278
0.004917609
0.005969148
0.007092727
0.006624436
0.007321211
0.008705146
0.01071148
0.009990472
0.01067889
0.0117026
0.01181329
0.01290216
0.01231029
0.01236378
0.01315618
0.01127504
0.01216427
0.01063432
0.008486723
0.007780801
0.007233486
0.006233372
0.002057877
0.002199674
0.00183511
0.001315363
-0.000864071
0.001223838
-0.0003993302
-0.001948213
-0.003441485
-0.004275541
-0.004054136
-0.004066875
-0.004088341
-0.004046732
-0.002706526
0.0006700788
0.002728566
0.005040892
0.004271769
0.005729418
0.006021863
0.005220623
0.0032501
0.001970505
0.001070928
-0.002625121
-0.003241557
-0.003962675
-0.004638207
-0.003308573
-0.003955017
-0.00629679
-0.005789344
-0.003265228
-0.003724289
-0.003679877
-0.004185954
-0.005933608
-0.006583103
-0.006832583
-0.005946444
-0.004078962
-0.001051551
0.0009283293
0.002394971
0.003882447
0.00374833
0.002837346
0.001283369
-0.001394834
-0.001729337
-0.004271879
-0.006358328
-0.006300294
-0.006413745
-0.007372556
-0.009983313
-0.01089109
-0.01044417
-0.01033847
-0.01007009
-0.00987193
-0.009590139
-0.009434099
-0.009102869
-0.009037905
-0.009135237
-0.01191174
-0.01197348
-0.0106309
-0.009473503
-0.00672658
-0.006160779
-0.002208894
-0.001407005
0.002129469
0.002211252
0.003620349
0.004060081
0.002913244
0.0008238337
0.0008400172
0.001373769
0.004078956
0.005148596
0.004666534
0.004232034
0.002584009
-0.001542995
-0.003615501
-0.006111502
-0.006701244
-0.008280232
-0.01143177
-0.01066404
-0.01046991
-0.008483074
-0.004884181
-0.002513508
-9.280294e-05
-0.0005513552
0.0001140025
-0.00122435
-0.0008041781
-0.001331292
-0.001182356
-0.00162744
-0.002394277
-0.005912074
-0.006233783
-0.006760222
-0.007407818
-0.01016306
-0.009835375
-0.009425653
-0.009802515
-0.0110985
-0.01052303
-0.008655344
-0.00734845
-0.007300477
-0.006544423
-0.004790513
-0.003318884
-0.002648102
-0.003867518
-0.003559979
-0.003353383
-0.003106383
-0.002952961
-0.002818715
-0.002687232
-0.003122852
-0.004155288
-0.003291526
-0.003854662
-0.003277385
-0.003841974
-0.004984542
-0.004691572
-0.004417555
-0.005255012
-0.005051456
-0.005232079
-0.004409056
-0.002283402
-0.001752088
-0.00162502
-0.002499975
-0.003085929
-0.002530779
-0.004111831
-0.00589991
-0.004905601
-0.003561893
-0.0001858431
0.0009605254
0.002917464
0.003524015
0.002767067
0.001652
0.001317503
0.001873457
0.002910562
0.004243161
0.004365947
0.005340513
0.006592857
0.006292394
0.005935001
0.004572093
0.004503099
0.004675647
0.004546805
0.003450546
0.003428201
0.005237701
0.006108431
0.008201879
0.009261349
0.01016815
0.009798822
0.01003327
0.009977301
0.01013735
0.00812783
0.006808675
0.006231343
0.006360203
0.006018646
0.006044392
0.006065575
0.007308448
0.007763802
0.008051989
0.007903272
0.007528427
0.007210865
0.006939485
0.006627551
0.006312747
0.006477246
0.006514054
0.006023665
0.006529711
0.005865566
0.005251228
0.003871306
0.003717275
0.003456112
0.003055507
0.002150479
0.0007296462
4.354418e-05
0.0002774015
0.0004499533
0.000420802
-2.153442e-05
0.0001828103
0.000557129
0.001292615
0.001016972
0.001635461
0.001971092
0.001682053
0.001207669
0.000903663
0.0001859026
0.0004045755
0.0006655582
-0.0001628913
-0.000169126
-0.0002380632
0.0002077333
0.0006513862
0.00049015
0.000990253
0.0003705994
0.0002355269
0.000887218
0.0005931992
0.0002014049
8.50463e-05
0.0001986843
0.0001075925
-0.0006045402
-0.0006849094
-0.001426914
-0.001946248
-0.002538465
-0.002742231
-0.002668311
-0.002545831
-0.002795239
-0.002482042
-0.002132658
-0.001803917
-0.001534326
-0.001602843
-0.001302635
-0.0006864023
-0.0006640865
-0.0008031061
-0.0008494095
-0.0009342108
-0.001039036
-0.001357073
-0.001446705
-0.001406094
-0.001619755
-0.001811047
-0.001954953
-0.00203714
-0.002093165
-0.001812024
-0.00135423
-0.00122424
-0.001036615
-0.001059767
-0.001045547
-0.001102886
-0.001291675
-0.001391378
-0.001310804
-0.001243898
-0.001172484
-0.001115316
-0.001053922
-0.0009984521
-0.0009279857
-0.0007788275
-0.0006322555
-0.0006137189
-0.0006039113
-0.000592521
-0.0005835211
-0.0005709494
-0.0005535917
-0.0005347107
-0.0005167618
-0.0004988454
-0.0004811278
-0.0004613699
-0.0004432119
-0.0004223351
-0.0004039005
-0.0003822826
-0.0003643391
-0.0003548251
-0.0003700988
-0.0003457873
-0.0003111934
-0.0002821307
-0.0002532361
-0.0002266154
-0.0002008474
-0.0001757626
-0.0001424295
-0.0001159055
-0.0001139324
-9.997455e-05
-8.025625e-05
-6.359392e-05
-4.842714e-05
-3.867575e-05
-2.314629e-05
-7.11269e-06
6.659119e-06
1.937383e-05
3.074726e-05
4.100973e-05
5.019172e-05
5.866868e-05
6.654775e-05
7.243248e-05
7.749535e-05
8.226353e-05
8.606876e-05
8.90579e-05
9.172423e-05
9.404999e-05
9.589564e-05
9.728156e-05
9.818826e-05
9.864594e-05
9.867201e-05
9.829071e-05
9.752074e-05
9.63776e-05
