-0.006563444
-0.001298046
-0.0007092869
-0.000287747
0.001944353
0.0009879945
0.000153076
-0.001911902
-0.003307701
-0.001174239
0.003068642
0.004692223
0.003114084
0.001362603
0.003379062
0.0052487
0.003745257
0.004267593
0.008187607
0.00818986
0.007106892
0.006903221
0.006859749
0.004467274
0.003058137
0.0001782184
-0.006540923
-0.004697107
0.001256345
0.003242055
0.0003675225
-0.008162854
-0.01033245
-0.006429936
-0.006706303
-0.009500993
-0.01086151
-0.01011057
-0.007390969
-0.005442435
-0.006597707
-0.005787383
0.002457776
0.006650531
-0.00216166
-0.006406235
-0.003510756
-0.001932043
-0.004290475
-0.006413232
-0.002920836
0.0005195945
0.0003003189
-0.002078243
-0.005902091
-0.008339706
-0.005168287
-0.004645755
-0.009268051
-0.009067733
-0.001281622
0.005586541
0.008095276
0.007337005
0.002632405
0.001058238
-0.001774558
-0.004953081
-0.007615433
-0.006601653
-0.005771422
-0.01131104
-0.01596219
-0.01797556
-0.01228381
-0.008812541
-0.01424582
-0.01857134
-0.02196146
-0.01718949
-0.001515711
0.009518136
0.01561421
0.01090956
0.00398442
-0.0004875735
-0.007591117
-0.01195489
-0.009987478
-0.007982275
-0.008163903
-0.009182903
-0.01335773
-0.01283847
-0.00935097
-0.005066795
-0.002177933
-0.001284143
-0.006897905
-0.009369
-0.003222067
-0.001772187
-0.00644022
0.0001219945
0.006791356
0.007560064
0.007261899
-0.004742759
-0.01099661
-0.01001862
-0.0105818
-0.00813083
-0.006926257
0.001271481
0.02308218
0.02034969
0.0003710895
-0.00871999
-0.01242338
-0.0005003342
0.007588581
0.008687481
0.01053613
0.007076736
0.00861131
0.01484201
0.01611657
0.0150258
0.01050889
-0.002621879
-0.01177154
-0.01114752
-0.0003938352
0.008377013
0.009612144
-0.004944322
-0.02423864
-0.02062984
-0.006697582
-0.001278197
2.553016e-05
-0.00016092
-0.000395268
0.008405587
0.0159121
0.00111942
-0.0126165
-0.0127364
-0.004420857
-0.001314414
-0.01688515
-0.03050764
-0.03676671
-0.04195067
-0.0329831
-0.00556063
0.0119791
0.009331028
-0.004069841
-0.009354532
-0.001368981
0.01624949
0.02382814
0.002986568
-0.01685332
-0.01455509
-0.008927547
-0.00788486
-0.01330485
-0.01637983
-0.005860207
0.006689254
0.01585133
0.01672187
0.01435293
0.001405607
-0.01246784
-0.01301699
-0.01120276
-0.009745492
-0.003084148
0.008675194
0.01382599
0.01263753
0.008531905
0.005696215
0.009452823
0.01574417
0.0007675279
-0.02214569
-0.0299894
-0.02680279
-0.01471154
0.007140119
0.02400402
0.02257017
0.01644028
0.008824289
0.0008523494
0.007208386
0.01883276
0.02876294
0.03824233
0.04630394
0.04438693
0.03074506
-0.002208436
-0.062401
-0.1111461
-0.134082
-0.1013576
0.0180689
0.1638543
0.2181743
0.2326327
0.2368473
0.2564241
0.2466525
0.2744057
0.192252
-0.01410819
-0.1093322
-0.2429387
-0.2960642
-0.2657995
-0.273744
-0.2814988
-0.2876276
-0.2465315
-0.03116826
0.1384684
0.2804681
0.3922504
0.35273
0.2881259
0.1615261
0.04891158
0.05158872
0.09159892
0.1359298
0.1575454
0.1137015
0.05015835
-0.02240564
-0.1458207
-0.2790461
-0.38466
-0.4380489
-0.4645087
-0.4785133
-0.4727044
-0.4376204
-0.3140055
-0.1289784
0.01467343
0.1477081
0.2704082
0.4019221
0.5338257
0.5489271
0.5370516
0.5114775
0.4958311
0.2467791
0.0496309
0.004902328
-0.109073
-0.1993486
-0.2833593
-0.3343414
-0.3482699
-0.3459212
-0.2335553
0.008524997
0.108143
0.1239527
0.1446105
0.1239798
0.1613789
0.2081019
0.2376358
0.2714436
0.2720841
0.2141327
0.03860903
-0.0702056
-0.1495371
-0.2215939
-0.2462126
-0.1222193
0.05486916
0.1221944
0.1065223
0.02480823
-0.04541141
-0.06266141
-0.02675001
-0.02535435
-0.0397493
-0.04939713
-0.06397869
-0.09430901
-0.183834
-0.2019896
-0.1532423
-0.1535468
-0.09745341
-0.03604886
0.01448556
0.06297286
0.0848545
0.0002032969
-0.1384589
-0.1897632
-0.2608147
-0.2799594
-0.2928882
-0.2270056
-0.005370021
0.1218931
0.2186705
0.3346872
0.3705564
0.3646658
0.2527074
0.1360744
0.1014026
0.04474358
0.01625293
0.01290735
0.02815231
0.02319721
-0.005752351
-0.03007517
-0.05002624
-0.06337484
-0.05608371
-0.007983386
0.02375208
0.02033225
0.014034
0.004787971
-0.01877578
-0.03866852
-0.03263081
-0.0205455
-0.02493521
-0.041009
-0.040673
-0.02456575
-0.02757736
-0.06164285
-0.1173058
-0.1363874
-0.07727078
-0.006944289
0.04123394
0.07969669
0.1058858
0.1245565
0.1178109
0.06512751
-0.002253008
-0.05766789
-0.09549489
-0.08342858
-0.03031641
0.008867661
0.02595855
0.04490994
0.05305955
0.05816346
0.04297958
0.008024047
-0.01479041
-0.03050973
-0.03250494
-0.03594751
-0.03508974
-0.009066513
0.01245445
0.01806241
0.01688841
0.01872648
0.03166014
0.08549784
0.1309675
0.1315214
0.07895689
-0.004727857
-0.06618373
-0.1230108
-0.1561668
-0.1630709
-0.1371362
-0.117555
-0.1123099
-0.09089479
-0.02982915
0.02724626
0.04045557
0.03084239
0.001236212
-0.004036834
-0.001323265
-0.004361461
-0.006590783
-0.0009936295
0.01450774
0.02887386
0.03464242
0.02873199
0.02402926
0.0218949
0.01407507
0.006102262
0.01405574
0.03078838
0.04400509
0.05224728
0.04831373
0.03606619
0.009422374
-0.02207255
-0.03855101
-0.04421849
-0.04521843
-0.03532985
-0.01618579
-0.003006671
0.00325788
0.001808185
-0.002043598
-0.0009667279
0.009521695
0.01979695
0.03526606
0.05668586
0.07370233
0.07091143
0.06175779
0.05867826
0.05294674
0.03765783
0.0005419575
-0.03375463
-0.07294312
-0.1037503
-0.1131741
-0.1156222
-0.1006384
-0.07359722
-0.04352969
0.002700778
0.0430428
0.0549819
0.05747073
0.05133444
0.04036948
0.03958821
0.04202098
0.03435779
0.001424116
-0.03644125
-0.0618626
-0.07911783
-0.09358436
-0.1121564
-0.1163107
-0.09611761
-0.03886892
0.01678654
0.04444606
0.05420561
0.04687916
0.03119789
0.02116948
0.02414301
0.03313863
0.03661096
0.03845028
0.04626987
0.04772059
0.03835524
0.008195156
-0.0225045
-0.02848138
-0.01987736
0.007113187
0.02978609
0.03604923
0.03032943
-0.006721704
-0.03620851
-0.05183249
-0.06607436
-0.07319764
-0.07415195
-0.06761232
-0.0530055
-0.02967258
-0.00272374
0.02402212
0.04043437
0.04384979
0.03547606
0.02941977
0.02892555
0.02976958
0.02288916
0.006773658
-0.001259352
-0.004986936
-0.0006299934
0.01414728
0.01832573
0.005185615
-0.005733955
-0.007542878
0.002245604
0.01795213
0.03145241
0.04191003
0.04333454
0.03636445
0.005278511
-0.02660608
-0.03827733
-0.04302277
-0.03147473
0.006789159
0.04007443
0.05111657
0.0517231
0.03476931
0.006350728
-0.01482789
-0.02386034
-0.02631787
-0.02624273
-0.02676837
-0.03033666
-0.02830106
-0.01385411
0.009217975
0.02841304
0.03555783
0.03092265
0.01546527
-0.008723299
-0.03339739
-0.05335295
-0.06444674
-0.06610249
-0.06248584
-0.05236873
-0.02828883
0.008200387
0.03547493
0.047884
0.04580397
0.03141051
0.01520859
0.00260931
-5.210326e-05
0.003972587
0.002412781
0.0006204189
-0.00190226
-0.005455136
-0.007366827
-0.008646117
-0.0125825
-0.02159441
-0.03279217
-0.03448964
-0.0221968
0.002750171
0.03526554
0.054831
0.06310913
0.06397594
0.05451221
0.02089386
-0.01673105
-0.03934156
-0.05076675
-0.03956629
-0.006116578
0.02573174
0.04677418
0.05857032
0.05838147
0.05107098
0.02568303
-0.002266142
-0.01955019
-0.04045523
-0.05746286
-0.06885232
-0.07347306
-0.06427484
-0.04806004
-0.02867609
-0.007011428
0.01251532
0.02578029
0.03212557
0.025422
0.0009816571
-0.02716231
-0.04282658
-0.04308476
-0.03731577
-0.02808999
-0.02136015
-0.01859404
-0.01725082
-0.017764
-0.01702258
-0.01604758
-0.016624
-0.0205756
-0.02438745
-0.01925289
-0.00650097
0.007415792
0.02278299
0.03162322
0.03990142
0.0381112
0.02054669
0.00235385
-0.008471528
-0.0125904
-0.007573142
0.00148128
0.01026744
0.02934642
0.04850496
0.06240336
0.07008792
0.06842826
0.06100968
0.05811072
0.055581
0.04507182
0.02245626
0.001716471
-0.008939594
-0.01251686
-0.005979806
-3.129498e-05
-0.01095052
-0.03382007
-0.06452118
-0.0925754
-0.1047329
-0.0984325
-0.06101088
-0.0271919
-0.01337818
-0.001240321
0.009125798
0.01837909
0.02578619
0.02119604
0.007651313
-0.001522717
-0.0006140489
0.003482117
0.008892041
0.01726404
0.02151014
0.01571842
0.00290604
-0.01267259
-0.03006069
-0.04217642
-0.04192669
-0.02925847
-0.01374852
0.001080056
0.009020576
0.006987532
0.008433707
0.01331014
0.01332117
0.01296295
0.01427856
0.009934178
-0.0002619426
-0.007644906
-0.01008495
-0.008028843
-0.002757695
0.002534869
0.01466755
0.02859543
0.03461422
0.0421518
0.04846639
0.04602121
0.03636056
0.02294936
0.01345394
0.01456345
0.02104224
0.01639181
0.002367571
-0.01147715
-0.02126431
-0.02108302
-0.01189717
0.004077799
0.01496908
0.0147342
0.009261616
0.003656428
0.0005614563
0.003427361
0.01235104
0.02011294
0.01560321
0.0007119196
-0.01206798
-0.01370641
-0.007004317
0.004012375
0.01279934
0.01361909
0.01053631
0.003259286
-0.004224802
-0.003322454
0.002663569
0.01333955
0.02578114
0.02747091
0.0183905
-0.01213542
-0.0326429
-0.03192827
-0.03082196
-0.02841006
-0.0201046
-0.0003863641
0.01329856
0.01627961
0.01467473
0.01276385
0.005466336
-0.01546144
-0.03666666
-0.04425794
-0.04592405
-0.04093568
-0.02868492
-0.009173808
0.01114412
0.02111415
0.02196945
0.01382733
0.003937936
-0.006923518
-0.01290122
-0.01523242
-0.01760137
-0.01390643
-0.006449731
-0.002910857
-0.00913747
-0.01795999
-0.02252197
-0.02487974
-0.02714163
-0.02209727
-0.008965335
0.0004068746
0.005346158
0.008253597
0.007407429
0.006270556
0.005878278
0.003408253
-0.002085057
-0.007727293
-0.009341554
-0.003896402
0.0113132
0.03209914
0.04633056
0.05090971
0.04615993
0.02968219
0.01200696
0.0007301832
-0.004119578
-0.01145407
-0.01453414
-0.005859739
0.004088635
0.01676652
0.03233304
0.04489566
0.04898003
0.04811943
0.02764423
0.009572139
0.006555243
0.005570181
0.002941892
-0.001655003
-0.003387744
-0.01197183
-0.01066703
-0.006284888
-0.004282415
-0.006851589
-0.01541327
-0.01476028
0.008843729
0.03628395
0.04672382
0.02242861
-0.01597117
-0.02647906
-0.01768039
0.006540666
0.02121146
0.01867586
0.0142961
0.006311656
-0.01097418
-0.02246846
-0.02658815
-0.03322418
-0.03642486
-0.03218363
-0.02698259
-0.02771285
-0.03350538
-0.02810954
-0.01282888
-0.007292293
-0.01192613
-0.01251772
-0.004349548
0.006943892
0.01526709
0.01141963
-0.01135903
-0.03666117
-0.04716823
-0.04314641
-0.0266959
-0.004034617
0.0253505
0.04968253
0.06644513
0.07813424
0.07926431
0.06229957
0.040754
0.02861181
0.01514361
0.00279944
-0.01093194
-0.02792528
-0.03969113
-0.03385281
-0.009744257
0.01200401
0.02280869
0.02752294
0.03500852
0.04348146
0.05039277
0.04976117
0.03138972
0.00805087
-0.01369985
-0.0346458
-0.04538971
-0.038812
-0.01513603
0.01020457
0.02504528
0.02041011
-0.01330935
-0.0430294
-0.04849488
-0.03586556
-0.01152972
-0.001074037
-0.008849845
-0.01823012
-0.0240353
-0.02966199
-0.03470117
-0.04356434
-0.05231735
-0.05288997
-0.03275252
-0.007752743
0.0005220915
0.001212199
-4.386218e-05
-0.003468451
-0.01048957
-0.01132541
-0.009358304
-0.004738183
0.0002838096
-0.004675926
-0.01318629
-0.01674252
-0.01294456
-0.006394646
-0.00339332
-0.006749662
-0.007172493
-0.001450851
0.005491723
0.01095631
0.01075275
0.0101473
0.008525919
0.009088354
0.01851866
0.02752566
0.03424989
0.03794573
0.03496159
0.03269653
0.03248065
0.02771454
0.02473955
0.02347406
0.02109269
0.01455583
0.0096071
0.004533924
-0.002489501
-0.01344809
-0.02974435
-0.04398124
-0.04180022
-0.0290928
-0.01441271
0.001974845
0.006278457
0.0003739012
-0.01213822
-0.01451461
0.008159165
0.04380224
0.06380972
0.06189638
0.05059392
0.03096419
-0.002111201
-0.02521304
-0.0281964
-0.01897241
-0.01272377
-0.01352232
-0.02000737
-0.04116412
-0.06778603
-0.06509009
-0.01423587
0.01101123
0.002174007
-0.0001892836
0.01467726
0.03723051
0.05432267
0.05885965
0.05523152
0.0424397
0.0121355
-0.009091735
-0.0296825
-0.04446743
-0.04013756
-0.02524969
-0.0224172
-0.02756929
-0.01953379
0.001831047
0.0243954
0.04030119
0.0519699
0.05191164
0.0436332
0.039345
0.03887771
0.02960169
0.006309839
-0.02354878
-0.04337774
-0.04294849
-0.03254569
-0.03250711
-0.03719523
-0.03364787
-0.02115716
-0.00518622
0.001226295
-0.01030912
-0.04152952
-0.05574143
-0.04048248
-0.009868468
0.01632282
0.01387148
-0.003894145
-0.00856502
-0.001770082
0.007709488
0.01763581
0.02959906
0.04376449
0.03914355
0.0241798
0.005613409
-0.01419025
-0.03114404
-0.02371882
0.006462592
0.0261941
0.03682924
0.04287029
0.04273727
0.03680249
0.02652454
0.005145923
-0.01424778
-0.01457769
-0.0004623754
0.0144414
0.01859028
0.008401019
-0.00097633
-0.002968887
-0.007019811
-0.0177344
-0.03434256
-0.04392395
-0.03504946
-0.01841788
-0.00113861
0.009711595
0.01441119
0.02298882
0.02770574
0.02112412
0.00201383
-0.01105705
-0.007863013
0.001359214
0.008714835
0.01210673
0.007371254
-0.001575806
-0.006874334
-0.008290748
-0.01733983
-0.02702948
-0.02866011
-0.01151052
0.02041785
0.0288393
0.01430257
-0.001622376
-0.002856273
0.002248103
-0.01000283
-0.03496908
-0.05308605
-0.06235758
-0.05581402
-0.02741288
0.0009066474
0.01733909
0.02737306
0.03260181
0.03318752
0.02593349
0.01786448
0.01393768
0.01424082
0.01261921
0.01066813
0.006219071
0.001191661
-0.001772295
-0.01056046
-0.02029519
-0.03026044
-0.03686378
-0.03179935
-0.01286496
-0.0008268052
-5.761174e-05
-0.003871284
-0.005415464
-0.001213989
0.0021164
-0.002606118
-0.01429422
-0.02560187
-0.03128525
-0.01780895
0.005836743
0.02089607
0.02587473
0.0243825
0.02075745
0.01671623
0.003075792
-0.01841152
-0.02989059
-0.02717127
-0.002042559
0.02949889
0.04276295
0.04434903
0.04314642
0.04076264
0.03165196
0.01861224
0.004739164
-0.008241414
-0.01992761
-0.03032862
-0.03728918
-0.03756771
-0.03113568
-0.02199759
-0.0166386
-0.01019741
9.530908e-05
0.009974918
0.01597546
0.008953661
-0.005589625
-0.0200401
-0.02850011
-0.02872669
-0.02520784
-0.02292625
-0.01686149
0.0002947485
0.01777024
0.02674097
0.02842481
0.01999841
0.01100285
0.0108313
0.01471832
0.0199497
0.02277796
0.02547871
0.02735019
0.02609027
0.02192743
0.01807364
0.01622517
0.01593424
0.01395213
0.009131371
0.00222164
-0.006634253
-0.01686613
-0.02454903
-0.0260283
-0.02761671
-0.02968861
-0.02909626
-0.02063361
-0.006244756
0.001093853
0.004797178
0.005078399
-0.001188784
-0.01501723
-0.02426486
-0.02319418
-0.01892069
-0.01284794
-0.009957582
-0.002927051
0.006253636
0.01836172
0.03053814
0.03649153
0.03511419
0.02943346
0.02425762
0.01432451
-0.002491573
-0.02212184
-0.03450908
-0.03680139
-0.03108773
-0.0186849
0.002509297
0.02109331
0.03166931
0.0335294
0.02579333
0.01357129
0.002425356
-0.001802944
-0.001444306
0.005686108
0.01677004
0.02662691
0.03734159
0.04323984
0.04370556
0.0413367
0.03563039
0.02741285
0.01579666
0.005691089
-0.002223523
-0.0110796
-0.01956236
-0.02708632
-0.03271104
-0.03777884
-0.04247843
-0.04478407
-0.04303522
-0.0358508
-0.02570939
-0.01814247
-0.01384974
-0.01280878
-0.01303364
-0.01201921
-0.01197683
-0.0107686
-0.006606443
-0.003652992
-0.003238322
-0.001670033
-0.001133986
-0.00179338
-0.002327315
-0.002444072
-0.003588989
-0.002291008
0.001552892
0.008326232
0.01337781
0.01270311
0.006248063
-0.001189242
-0.001829267
-0.0002089731
0.00167754
0.003498773
0.005591325
0.006377256
0.007830267
0.009372016
0.007282567
0.001810797
-0.003161173
-0.001608204
0.004483764
0.009799513
0.01340268
0.01541465
0.01505818
0.01307379
0.0102632
0.004860784
0.000848633
0.000799182
0.005209171
0.01130624
0.01675051
0.02056074
0.02039093
0.01794652
0.01641706
0.01657671
0.01814498
0.02054251
0.02061751
0.01786099
0.01317156
0.009284879
0.007713598
0.009395097
0.01131222
0.01556616
0.02120016
0.02386291
0.02174287
0.0155408
0.007229367
-0.002141844
-0.009730093
-0.017148
-0.02243716
-0.02354943
-0.02088871
-0.01862987
-0.01772151
-0.01356445
-0.005997523
-0.001832296
-0.003826846
-0.01142221
-0.02076178
-0.02546137
-0.02869419
-0.03255023
-0.036291
-0.0368402
-0.03183651
-0.02391358
-0.01413833
-0.004054014
0.001202644
0.003045365
0.0005949089
-0.004603424
-0.008139154
-0.008860702
-0.004239486
0.003210192
0.008645375
0.009597661
0.008933248
0.00719988
0.007708477
0.009447196
0.0126486
0.01562662
0.01596183
0.01528317
0.01473608
0.01601378
0.01603995
0.0149074
0.007907811
0.0008694682
-0.004563391
-0.006432365
-0.004062216
-0.0002365221
0.005469036
0.009814939
0.01366819
0.01415442
0.01187237
0.008341855
0.002733601
-0.004622928
-0.01265673
-0.01729495
-0.01849475
-0.01775042
-0.01641142
-0.01388718
-0.009333135
-0.004182382
0.0008653544
0.003162156
0.001572764
-0.006151922
-0.01346554
-0.01785992
-0.02238485
-0.02679859
-0.02949057
-0.02926432
-0.02579141
-0.01763159
-0.007936661
0.003485131
0.01216721
0.01602265
0.01650599
0.01213208
0.006740229
0.004060561
0.002891519
0.001385883
-0.001556925
-0.001700847
0.0004645185
0.003316351
0.00550213
0.007537977
0.008044851
0.005057212
0.0001183202
-0.006380144
-0.00858134
-0.00912401
-0.01020115
-0.009511645
-0.00920463
-0.007232969
-0.0006723191
0.006566637
0.01189922
0.01487868
0.0118432
0.005811991
9.086941e-05
-0.005229383
-0.008660589
-0.01086064
-0.01162759
-0.01378683
-0.01427122
-0.01425682
-0.01259409
-0.007952956
-0.00390749
2.272446e-05
-0.0002841314
-0.002229098
-0.002537975
-0.002425583
-0.002534522
-0.001916191
0.00157141
0.00661962
0.01150974
0.01582969
0.01937445
0.02180028
0.02230648
0.02297589
0.02363613
0.0234151
0.023547
0.02349225
0.02633023
0.02943649
0.02835769
0.02223704
0.01125407
0.0006107645
-0.006349309
-0.01055333
-0.0112669
-0.01180808
-0.01389047
-0.01407055
-0.01418738
-0.01373809
-0.01114985
-0.007976125
-0.004320945
-0.0002404136
0.00397069
0.007731986
0.008609754
0.006111334
0.002067626
-0.00314907
-0.008187253
-0.01257364
-0.01650408
-0.01757953
-0.01746258
-0.01586356
-0.01207051
-0.009263783
-0.008630665
-0.01137883
-0.01586201
-0.02036455
-0.0246998
-0.0249887
-0.0211986
-0.01695459
-0.01213324
-0.009218264
-0.004986451
0.001044655
0.008351796
0.01592007
0.02434108
0.03150954
0.03202966
0.02641755
0.009853714
-0.005599325
-0.01677345
-0.02433472
-0.0282046
-0.03132986
-0.02901034
-0.02110325
-0.006579411
0.008451389
0.02128512
0.03296219
0.04188528
0.04422224
0.04028519
0.02805965
0.0152772
0.005043739
-0.005261101
-0.01322604
-0.02138987
-0.02719646
-0.02833552
-0.02159914
-0.008608103
1.735062e-05
0.003410221
0.002889368
0.002081912
0.004054993
0.00574249
0.009293545
0.01256106
0.01509113
0.01292819
0.0100166
0.009017518
0.006705717
0.006761354
0.005790888
0.00346894
0.001589691
-0.0002660809
-0.002567574
-0.00411425
-0.004812267
-0.004163866
-0.003533806
-0.005235447
-0.00687791
-0.007379995
-0.00674782
-0.008418787
-0.008548515
-0.005658003
-0.006423152
-0.008589763
-0.008355273
-0.004824123
-0.0005616148
0.006332513
0.01569302
0.02323591
0.02940488
0.03245164
0.03023931
0.02028112
0.008417588
-0.002866563
-0.01056845
-0.01484108
-0.01692375
-0.01661144
-0.01486703
-0.01241064
-0.01073248
-0.008062869
-0.008234951
-0.005953913
-0.002445794
0.0001810662
0.0005333485
-0.001904047
-0.002863442
-0.006422794
-0.007766685
-0.004921412
-0.001622218
0.002789818
0.003515596
0.001740357
-0.000743759
-0.002223153
-0.002670284
-0.004583132
-0.005792157
-0.00810072
-0.01060408
-0.01365923
-0.01374923
-0.01386979
-0.01375472
-0.01392726
-0.01074704
-0.004179374
0.002301615
0.006314229
0.006638547
0.005508369
0.001474275
0.0004869463
0.002150622
0.006057301
0.006538846
0.006532856
0.00646161
0.00662193
0.006240654
0.004187624
0.001898999
0.0006793597
0.0007510657
0.0006190521
0.0005212595
0.001325713
0.003565025
0.003589236
0.003569481
0.003687689
0.003576026
0.001921016
-0.0004390845
-0.002091124
-0.001864022
-0.002231479
-0.001826596
-0.002527413
-0.002391888
-0.001409144
0.002114335
0.004135352
0.004011071
0.003440592
0.001105577
0.001787866
0.001704818
0.001610212
0.001316359
0.0009140943
0.0005793912
0.001748511
0.0006629886
-0.001217713
-0.001268178
-0.0005439322
0.001598575
0.001490722
0.001720136
0.001443568
0.003471168
0.004199823
0.004039209
0.003738851
0.001623287
-0.000453377
-0.003732069
-0.006475399
-0.009509757
-0.01062775
-0.009961694
-0.007357663
-0.002458073
0.001565547
0.003982995
0.00396435
0.0002991843
-0.003270675
-0.005194766
-0.004811677
-0.002334246
0.0008164653
0.003510549
0.006439815
0.008907259
0.009571047
0.01106451
0.01079073
0.008998957
0.008330377
0.006608892
0.0060013
0.005990526
0.005731753
0.005678426
0.005449968
0.003873553
0.001613692
-0.0001768271
-0.002003127
-0.001526462
-0.0002248339
0.0004486911
0.001781292
0.003227071
0.003228762
0.003227864
0.002395752
0.0003185599
-0.00100397
-0.00225831
-0.002883223
-0.003722645
-0.003631394
-0.002610622
-0.001081177
0.0005596563
0.001663765
0.002428348
0.001706655
0.000571277
-0.0008263134
-0.001510022
-0.002139584
-0.002643574
-0.00366056
-0.004049058
-0.003434585
-0.002198398
-0.0007688879
0.0001967847
0.0009717593
0.001542372
0.002187406
0.002126205
0.00207329
0.001326076
0.001161396
0.0009934834
0.000887362
0.001208929
0.001831184
0.002909809
0.003559813
0.003853481
0.003873921
0.00357197
0.003482988
0.003038821
0.002556691
0.002312273
0.001996157
0.001393981
0.0009713065
0.001103211
0.0009358675
0.000752336
0.0004395748
-0.0001361274
-0.0005730051
-0.000991222
-0.001244698
-0.001421183
-0.001734586
-0.001917414
-0.00188637
-0.001661997
-0.001514134
-0.001401367
-0.001259045
-0.00121868
-0.001301624
-0.001361865
-0.001419251
-0.001611023
-0.001825361
-0.001981102
-0.001925958
-0.001840433
-0.001741918
-0.001696987
-0.00166625
-0.00155929
-0.001442629
-0.001271487
-0.001180171
-0.001103287
-0.001075924
-0.001032078
-0.001004179
-0.0009950623
-0.0009663535
-0.0009437353
-0.0009088861
-0.0008649382
-0.0008098047
-0.0007554383
-0.0007019933
-0.0006581382
-0.0006171827
-0.0005763192
-0.000535269
-0.0004972391
