-5.561866e-06
-5.521457e-06
-5.446154e-06
-5.368685e-06
-5.301112e-06
-5.318829e-06
-5.27898e-06
-5.123052e-06
-5.139812e-06
-5.478593e-06
-5.8422e-06
-5.903113e-06
-5.419844e-06
-4.316503e-06
-3.403473e-06
-3.693232e-06
-4.339455e-06
-4.970748e-06
-6.591164e-06
-7.245957e-06
-5.842777e-06
-4.295764e-06
-5.571197e-06
-7.53441e-06
-8.061655e-06
-8.221915e-06
-7.038131e-06
-5.403076e-06
-4.156964e-06
-3.35272e-06
-6.350395e-06
-7.314089e-06
-3.807231e-06
-5.232612e-06
-6.659592e-06
-5.641456e-06
-6.729548e-06
-8.434523e-06
-7.283595e-06
-4.477837e-06
-3.963305e-06
-5.893593e-06
-5.277354e-06
-1.425126e-05
-2.094893e-05
-1.321157e-05
2.061299e-06
8.032936e-06
4.814784e-08
-3.249958e-06
-7.338549e-06
-1.250967e-05
-6.902611e-07
1.308894e-05
1.431883e-05
7.724718e-06
3.040633e-07
-1.58187e-05
-3.743447e-05
-4.38927e-05
-1.373172e-05
2.336703e-05
1.23655e-05
-1.769736e-05
-1.630102e-05
1.446167e-05
2.569006e-05
2.174538e-05
2.370461e-05
2.632916e-05
2.132628e-05
-8.925659e-06
-3.060705e-05
-2.022316e-05
-7.133072e-06
-2.928785e-05
-6.775589e-05
-6.351815e-05
-3.283866e-05
-1.563951e-05
-2.305034e-05
-1.711546e-05
2.468545e-05
6.453015e-05
5.116184e-05
-1.354552e-05
-3.939349e-05
-2.830852e-05
-1.752224e-05
9.907516e-06
5.697376e-05
8.47744e-05
3.669893e-05
-1.988016e-05
-3.367409e-05
6.078148e-06
3.658373e-05
-1.18268e-05
-7.343224e-05
-6.14884e-05
2.213096e-06
1.052092e-05
-4.998733e-05
-5.467411e-05
-2.097783e-05
-2.65458e-05
-1.405818e-05
2.308347e-06
9.780504e-06
1.288279e-05
2.880193e-06
2.515776e-05
7.077203e-05
4.871954e-05
-8.162974e-05
-0.0001251923
-1.154508e-05
5.986356e-05
1.956358e-05
-8.707194e-07
2.416188e-05
3.831033e-05
1.459886e-05
-4.216301e-05
-6.829699e-05
-5.146048e-05
-5.521624e-06
1.200678e-05
-4.794838e-05
-7.999663e-05
-3.336747e-05
-4.305818e-05
-4.538282e-05
1.982425e-05
1.912975e-05
-7.128531e-05
-0.0001210273
-6.756515e-05
-1.082636e-05
-2.646508e-06
1.603408e-05
3.540882e-05
4.292938e-05
1.445832e-05
-6.609807e-05
-0.0001314676
-5.63486e-05
0.0001412084
0.0002602769
0.0002519163
0.0001730202
5.189529e-05
-1.585918e-05
3.024849e-05
7.889858e-05
4.84238e-05
2.103292e-05
3.769036e-05
6.437867e-05
0.0001001002
8.804156e-05
-1.811952e-05
-7.386368e-05
-9.670859e-06
1.279518e-05
-4.336892e-05
-0.0001306845
-0.0002158859
-0.0001890877
-3.111479e-05
7.953389e-05
7.030258e-05
3.291705e-05
3.204894e-05
3.617668e-05
-3.788959e-06
-4.197487e-05
-5.194345e-05
-4.893791e-05
-7.304312e-05
-9.352268e-05
-5.292769e-05
1.405749e-05
-1.304275e-05
-7.401802e-05
2.975365e-06
4.537233e-05
8.704414e-06
2.787906e-06
-4.484322e-05
-9.986947e-05
-8.164881e-05
-0.0001998287
-0.000293177
-0.0001724475
4.625417e-05
0.0001025532
3.298884e-05
-1.740941e-05
-2.133243e-05
-2.328703e-05
-8.008848e-05
-0.0001416739
-6.746134e-05
4.522623e-05
-8.67333e-05
-0.0002344068
-0.0001532326
-4.443088e-05
-4.901872e-05
-2.643806e-05
2.654453e-05
1.690063e-05
-8.206479e-06
-4.714218e-05
-0.0001464072
-0.0001658297
2.956782e-05
0.0001706496
0.0001522095
0.0001269816
7.37059e-05
1.870774e-05
6.485698e-05
0.0001810001
0.0002053015
0.0001362987
6.78583e-05
5.128498e-06
-2.802047e-06
9.056309e-05
0.0001311681
2.469269e-05
9.098886e-06
9.651111e-05
0.0001343701
3.155809e-05
-9.118203e-05
-8.921109e-05
1.908628e-05
9.614943e-05
6.639222e-05
2.438471e-05
2.284308e-06
9.275499e-06
-1.74239e-05
-2.249762e-05
-2.495851e-06
-2.720298e-05
-6.781552e-05
-1.377314e-05
0.0001176981
9.527327e-05
-7.513129e-05
-0.0002287522
-0.0001879813
8.121759e-05
0.0002166052
9.410034e-05
-9.02777e-06
0.0001173571
0.0002308
0.0001788308
7.776061e-06
-0.0001060754
-9.620278e-06
0.0001387666
0.0001110595
9.034897e-06
5.107336e-05
0.0001113024
0.0001196918
0.0001195805
0.0001633268
0.0002262497
0.0001290927
-0.0001229299
-0.0002100019
-5.871814e-05
9.075903e-05
7.554064e-05
3.02852e-06
8.269961e-05
0.0002097199
0.0001552934
2.250115e-05
-5.456446e-05
-8.716496e-06
9.860617e-05
0.0001205833
8.425873e-06
-0.0001137658
-7.278162e-05
8.521399e-05
0.0001082001
3.157451e-05
-9.303396e-06
-1.973726e-05
-3.355787e-05
-1.180128e-05
1.423906e-05
6.171156e-06
1.29305e-06
-3.340431e-05
-6.850087e-05
-2.684935e-05
1.826155e-05
-9.818502e-06
-4.483202e-05
-2.997857e-05
-2.409114e-06
-1.962613e-05
-1.984132e-07
0.0001012348
-1.372193e-05
-0.0003986555
-0.0004275662
-7.088279e-05
0.0001173448
2.90758e-05
-6.492683e-05
-4.067916e-05
8.422595e-05
0.000171609
8.582122e-05
-2.828055e-05
2.730625e-05
7.19131e-05
5.292979e-05
7.346114e-06
-7.080577e-05
-7.194967e-05
1.077295e-05
8.849138e-05
0.0001130621
-2.690951e-05
-0.0001344531
-0.0001030563
-0.0001000526
-0.0001425222
-8.530844e-05
4.717206e-05
0.0001168718
0.0001526755
0.0001370083
6.927267e-05
-1.720683e-05
3.038415e-05
0.0001117856
0.0001409808
8.635866e-05
-7.93988e-05
-0.0001041542
-8.449398e-05
-0.0001973238
-0.0002596974
-0.0001145679
7.9003e-05
0.000129931
3.931285e-05
-4.890074e-05
-2.426087e-05
3.238844e-05
3.732739e-05
-1.18265e-05
-8.542534e-05
-0.0001456374
-8.636739e-05
4.168517e-05
0.000182404
0.0002038053
5.165437e-05
-5.917987e-05
-5.176214e-05
-3.085812e-05
-1.548454e-05
-1.529492e-05
2.822618e-05
8.104436e-05
9.251392e-05
7.076606e-05
7.816956e-05
6.606367e-05
-1.664824e-05
-9.026645e-05
-0.0001027389
-3.162289e-05
6.307109e-05
1.389842e-05
-0.0001204068
-0.0001648883
-4.337818e-06
0.0002507428
0.000302093
0.0001352086
-1.599239e-05
1.480728e-05
9.379826e-05
2.496354e-05
-0.0001075716
-0.0001138979
-5.329865e-05
-3.622098e-05
-8.275154e-05
-8.729384e-05
-4.967797e-05
-2.270026e-05
4.855905e-05
7.740694e-05
6.378314e-05
7.488591e-05
8.420038e-05
-2.466959e-05
-0.0001671068
-0.0001011698
0.0001188263
0.0001996534
3.255858e-05
-0.0001262088
-7.579379e-05
7.805332e-05
5.693163e-05
-2.309838e-05
-3.407603e-06
-3.05878e-06
1.930122e-05
4.658956e-05
6.826556e-05
5.198277e-05
1.599615e-05
4.537549e-05
-7.708592e-05
-0.0004296906
-0.0004767672
-0.000155663
0.0001139331
8.352181e-05
-9.319524e-05
-0.0001896702
-0.0001478346
-7.501313e-05
-3.914351e-05
-1.96739e-05
-3.562639e-05
5.313714e-06
7.655029e-05
0.0001207033
0.0001300815
5.573593e-05
-5.953375e-05
-0.0001405025
-0.0001453738
-3.726602e-05
0.000103531
0.0001512129
0.0001149063
9.06098e-05
5.002576e-05
-9.61668e-05
-0.0002192704
-0.0001474612
4.269157e-05
8.185465e-05
-7.27026e-05
-0.0001536458
-9.419324e-05
-0.0001033007
-0.0001730383
-8.331481e-05
0.0001460903
0.0002060939
5.808302e-05
-2.64877e-05
2.112772e-05
4.119881e-05
-0.0001338483
-0.0002267248
-8.588729e-05
0.000139688
0.0001755346
3.654436e-05
5.793053e-05
0.0001166252
-2.865483e-05
-0.0002940424
-0.0002493967
-6.581551e-05
-5.489145e-05
-0.0001520195
-0.0002445557
-0.0001772441
-2.590785e-05
4.891097e-05
9.039619e-06
4.919305e-05
0.0001111353
0.0001202031
7.879811e-05
1.040457e-05
-2.225915e-05
-2.737997e-05
-5.717627e-05
-0.0001233698
-0.0001186735
-2.806035e-05
5.391728e-05
7.663558e-05
-3.900764e-06
-8.394798e-05
-2.320465e-05
4.404633e-05
8.647859e-06
-5.662598e-05
-0.0001002317
-0.0001461988
-0.0001918815
-0.0001846244
-0.0001651446
-0.0001380035
-0.0001296848
-0.0001880534
-0.0002949354
-0.0003991463
-0.0004028096
-0.0002569935
-8.04348e-05
8.653032e-07
-2.299412e-05
-9.450327e-05
-0.0002174612
-0.0002344922
-9.605024e-05
-9.770307e-06
-2.360882e-05
-1.092408e-05
9.238478e-05
0.0001471649
8.592958e-05
7.350627e-05
0.000174194
0.0002498501
0.000163384
8.773536e-05
3.420981e-05
-0.0001359723
-0.0002724165
-0.0002492234
-0.0002091112
-0.0002886676
-0.000579293
-0.0006362815
-0.0002730058
8.640236e-05
0.000155733
-5.092139e-05
-0.0003420147
-0.0005628207
-0.000543549
-0.0002125015
0.0003187219
0.0008332235
0.0008901876
0.0003906396
-0.0002677576
-0.0007128179
-0.0008460362
-0.0007701591
-0.0007092649
-0.000803581
-0.0009829935
-0.001126668
-0.001193989
-0.001152269
-0.0009267511
-0.0005229341
-0.0002753216
-0.0004892933
-0.001171088
-0.001799597
-0.001820598
-0.001355932
-0.000939754
-0.0007876685
-0.0007126081
-0.0005931426
-0.0004224472
-9.628086e-05
0.0003406484
0.0005968103
0.0005629552
0.0003855508
0.0003355601
0.000686389
0.001622029
0.002754981
0.003337465
0.003119476
0.002280554
0.0009933359
-0.0003192667
-0.001178216
-0.001539193
-0.001708209
-0.001911013
-0.001981138
-0.001754057
-0.001408734
-0.001004266
-0.0005561778
-0.0005369388
-0.00139199
-0.002780199
-0.003811156
-0.003793952
-0.002718508
-0.001123967
0.00049172
0.001545493
0.00168136
0.001079317
0.0002466009
-0.0001396367
0.0001785603
0.0009230479
0.001775269
0.00273456
0.003753197
0.004257248
0.004012556
0.003296819
0.002463461
0.001590744
0.0007201116
0.0002894234
0.0008451184
0.002466601
0.004361016
0.005647491
0.006057876
0.005478078
0.003974138
0.001978185
0.0001101616
-0.001371182
-0.002559313
-0.003461159
-0.003934333
-0.003832139
-0.003208266
-0.002287388
-0.001321255
-0.0004330962
0.0004243209
0.001172441
0.001777422
0.002368048
0.002971213
0.003336961
0.003386581
0.003019781
0.002361641
0.001949781
0.001932579
0.002009564
0.002031278
0.002123532
0.00212851
0.001829347
0.001049709
-0.0003047596
-0.001997105
-0.003545157
-0.004551037
-0.004605781
-0.003491928
-0.00186275
-0.0007518953
-0.0006333426
-0.001328458
-0.00241361
-0.003263849
-0.003622124
-0.003634883
-0.003494418
-0.003362437
-0.003309276
-0.003574302
-0.004278054
-0.005324898
-0.006457142
-0.006981999
-0.006111471
-0.003533281
0.0003940719
0.004740956
0.008276682
0.009734908
0.008522475
0.005067413
0.0007198682
-0.002950172
-0.004994274
-0.005115296
-0.003555126
-0.001046855
0.00155167
0.003707045
0.005307612
0.006463505
0.007146897
0.007207053
0.006547531
0.005183072
0.003376896
0.001207872
-0.001020834
-0.002510189
-0.002881079
-0.002646357
-0.002375458
-0.002530479
-0.003470923
-0.005091098
-0.006957329
-0.008628663
-0.009527077
-0.00909896
-0.007386378
-0.005235141
-0.003572529
-0.002800332
-0.002986244
-0.003690104
-0.003729924
-0.001958713
0.001948203
0.007289314
0.01278102
0.01710304
0.01940285
0.0194707
0.01763922
0.01491264
0.01222994
0.009885834
0.007933718
0.006553319
0.005755397
0.005665515
0.006653849
0.008892177
0.0114551
0.01260991
0.01115903
0.007189592
0.001761285
-0.003669265
-0.007695638
-0.009262476
-0.00828053
-0.005570377
-0.002803699
-0.001450337
-0.001967832
-0.00407457
-0.00683553
-0.009150962
-0.01014758
-0.009313268
-0.006612821
-0.002780024
0.0009301262
0.003786111
0.00529609
0.005155911
0.003835086
0.002263676
0.0009663889
7.55844e-05
-0.0001178874
0.000803
0.002708774
0.004931124
0.006477678
0.006630186
0.005509339
0.003411578
0.0002387624
-0.004037855
-0.008545307
-0.011619
-0.01203077
-0.00970662
-0.005216295
0.0004328393
0.005623178
0.008513349
0.00792308
0.004205817
-0.001173928
-0.006817878
-0.01161289
-0.01435236
-0.01369125
-0.00936769
-0.002657414
0.004346416
0.009288241
0.01023928
0.00654639
-0.0008136233
-0.009490674
-0.01642207
-0.01923745
-0.01744687
-0.01231941
-0.005904499
-0.0002812921
0.002728191
0.00210656
-0.001581167
-0.006471215
-0.01042223
-0.01156638
-0.009504517
-0.005478635
-0.001392976
0.00142058
0.002994116
0.003874377
0.004321328
0.004235693
0.003338799
0.001772312
-9.279245e-05
-0.001759137
-0.002529155
-0.001711923
0.0007601464
0.004137096
0.007093145
0.00823416
0.006947932
0.003370104
-0.001471183
-0.006293173
-0.01003878
-0.01234514
-0.01308286
-0.01179733
-0.008305643
-0.003370692
0.001447892
0.004135619
0.003167949
-0.001363637
-0.00768988
-0.01331659
-0.01596726
-0.01441099
-0.009046719
-0.001717311
0.005334533
0.0107161
0.01368273
0.01425326
0.01309882
0.01104398
0.008717589
0.006296515
0.003636136
0.0005857273
-0.002449599
-0.004650442
-0.005325429
-0.00389942
-0.0003373872
0.004461921
0.009369647
0.01357125
0.01643849
0.01730958
0.01556447
0.01133473
0.005755871
0.0004651864
-0.003234661
-0.00511793
-0.005523049
-0.005114732
-0.004776731
-0.00502709
-0.005735146
-0.006126545
-0.005325421
-0.0033176
-0.0008870734
0.0009670739
0.001454635
0.0003048275
-0.00214398
-0.005234271
-0.008373937
-0.0113678
-0.01408467
-0.01561938
-0.01433218
-0.009326847
-0.00135284
0.007361045
0.01375029
0.01559008
0.01261475
0.006420043
-0.0004403926
-0.005216442
-0.006687187
-0.005491626
-0.002758256
0.001081562
0.005783129
0.01054124
0.01409859
0.01535562
0.01367216
0.009318033
0.003612048
-0.001476715
-0.003956304
-0.002788746
0.001435665
0.006380176
0.009180049
0.007967579
0.002662541
-0.005045775
-0.01255272
-0.0174697
-0.01822089
-0.01435453
-0.006899531
0.001883077
0.009288631
0.01310786
0.0121084
0.006321261
-0.002644673
-0.01241963
-0.01993436
-0.02249893
-0.01922162
-0.01103491
1.126051e-05
0.01168007
0.02167524
0.0282317
0.03053093
0.0286076
0.02360528
0.01729139
0.01115742
0.006593388
0.00502243
0.006612141
0.009710753
0.01190997
0.01122447
0.007165909
0.0009290918
-0.005471498
-0.01038562
-0.01326083
-0.01458562
-0.01518005
-0.01519435
-0.01408493
-0.01162929
-0.00812107
-0.004079978
-0.000222958
0.002716058
0.004127147
0.003464791
0.0008984539
-0.002021001
-0.003304607
-0.002286281
0.0002640826
0.003162053
0.005564355
0.007252724
0.008242675
0.008598908
0.008577134
0.007971306
0.005929936
0.001903231
-0.003490711
-0.009176088
-0.01440284
-0.01880186
-0.02205889
-0.02362356
-0.022727
-0.01841509
-0.01047675
-0.0005093291
0.008533159
0.01369613
0.01386666
0.01032917
0.005987145
0.00390987
0.005416058
0.00946911
0.01352068
0.01497998
0.01288605
0.008601138
0.004130901
0.000621909
-0.001828289
-0.003544094
-0.004476032
-0.004507006
-0.003991061
-0.003128081
-0.001553551
0.0006451421
0.002393371
0.002604594
0.0009828041
-0.001792351
-0.004488746
-0.005903418
-0.005340694
-0.003074757
-0.0002538499
0.002173514
0.003904978
0.005470387
0.007507282
0.009892606
0.01172737
0.01189767
0.009691763
0.005375192
0.0003650465
-0.003356534
-0.00398324
-0.0009543139
0.004512171
0.0100211
0.01307129
0.0120673
0.006715487
-0.002532575
-0.01455611
-0.02706674
-0.0373132
-0.0431364
-0.04351368
-0.03855666
-0.02943577
-0.01796032
-0.006154589
0.003548458
0.008505622
0.007267301
0.0006023597
-0.008630016
-0.01644237
-0.01922824
-0.01525826
-0.005429225
0.006913534
0.01736528
0.02291976
0.02339782
0.02084366
0.01782226
0.01603678
0.0160121
0.01760673
0.02030075
0.0235209
0.02687188
0.03008529
0.03287706
0.03443356
0.03373215
0.02984935
0.02216997
0.01116602
-0.00148846
-0.01265336
-0.01838411
-0.01661964
-0.008375401
0.003119187
0.0139249
0.02086639
0.02254194
0.01985201
0.01523204
0.01095116
0.008186355
0.006797013
0.006012725
0.005374542
0.005015307
0.005466352
0.007468577
0.0113839
0.01686354
0.02293776
0.02837322
0.03191297
0.03245205
0.03006106
0.02624444
0.02298753
0.02211246
0.02398272
0.02768869
0.0318277
0.03478068
0.03554581
0.03379951
0.02960645
0.02282568
0.01305403
-5.935425e-05
-0.01602284
-0.03335092
-0.05031164
-0.06502998
-0.07592232
-0.08241656
-0.08505543
-0.08498772
-0.08366044
-0.08231482
-0.0816506
-0.08193576
-0.08271373
-0.08276676
-0.08048558
-0.07448858
-0.06428345
-0.05075655
-0.03591354
-0.02193686
-0.0104657
-0.002124129
0.003629185
0.008232285
0.01315177
0.01932509
0.02710315
0.03647054
0.04713768
0.05856028
0.06984835
0.07938797
0.08540534
0.0867012
0.0829399
0.07498849
0.0647799
0.05467701
0.04667936
0.0420648
0.04082747
0.04204015
0.04435846
0.04584339
0.04507084
0.04159679
0.03601829
0.02972651
0.02402164
0.01983908
0.01779664
0.01777498
0.01887158
0.0198787
0.01982757
0.01776764
0.01273107
0.004272408
-0.007227077
-0.020237
-0.03271009
-0.04264553
-0.04862632
-0.05065982
-0.05010593
-0.04904905
-0.0496627
-0.05351037
-0.06105116
-0.07175925
-0.08435036
-0.09727028
-0.1090249
-0.1182063
-0.1232911
-0.1234755
-0.1193166
-0.112793
-0.1069703
-0.1048421
-0.1078361
-0.1153618
-0.1250567
-0.13318
-0.1353731
-0.1285994
-0.1126274
-0.0901019
-0.06621067
-0.04726046
-0.0383156
-0.04177286
-0.05648167
-0.07799469
-0.09975794
-0.115516
-0.1218657
-0.1190128
-0.1095289
-0.09650687
-0.08272302
-0.06958007
-0.05643474
-0.04192181
-0.02559566
-0.008205425
0.008500428
0.02243596
0.03223262
0.03821421
0.04241591
0.04767395
0.05675967
0.0712976
0.09073494
0.1128891
0.134529
0.1520443
0.1626417
0.1656644
0.1626882
0.1566229
0.1507154
0.1477042
0.148872
0.1543172
0.1629826
0.1721402
0.1779326
0.177012
0.1682109
0.1523265
0.1308867
0.1050455
0.07580527
0.04486903
0.01495394
-0.01049177
-0.02781481
-0.03386394
-0.02782062
-0.01245707
0.006226011
0.02070086
0.02396866
0.01202389
-0.01479798
-0.05224769
-0.0936912
-0.1321726
-0.1619798
-0.1795449
-0.1839413
-0.1767797
-0.1610579
-0.1397319
-0.1158453
-0.09246148
-0.07157077
-0.05387245
-0.03935517
-0.02815516
-0.0203343
-0.01562006
-0.01300047
-0.01055685
-0.005492193
0.004994015
0.02270018
0.0475775
0.07716423
0.107017
0.1321891
0.1488732
0.1556775
0.153799
0.1460003
0.1357946
0.1264066
0.119379
0.114606
0.1110428
0.1070769
0.101171
0.09304707
0.08392757
0.07562102
0.07054031
0.07053648
0.07575873
0.08477715
0.09516594
0.1043389
0.1104196
0.1120092
0.1074082
0.09413933
0.07006263
0.03523166
-0.007376216
-0.05321263
-0.09759808
-0.1362878
-0.1657728
-0.1837439
-0.1894646
-0.1835001
-0.1670836
-0.142228
-0.1119252
-0.07944185
-0.04812264
-0.02202091
-0.005009648
0.001093526
-0.002571114
-0.01168292
-0.02026197
-0.02297111
-0.01703654
-0.002846716
0.01636195
0.03565175
0.05000037
0.05620961
0.05380885
0.04473196
0.03210053
0.01893126
0.007755839
-0.0001269415
-0.004997008
-0.008020165
-0.01002666
-0.01096036
-0.01023872
-0.007392603
-0.002102199
0.005988337
0.01689435
0.02986763
0.04324549
0.05427665
0.059791
0.05773309
0.04859156
0.03535273
0.02186534
0.01126898
0.005861487
0.00701876
0.01461044
0.0277016
0.04468666
0.06322362
0.08103412
0.09643658
0.108089
0.1149711
0.115928
0.1091574
0.09304689
0.06777074
0.03613728
0.003270989
-0.02445874
-0.0412033
-0.04344021
-0.03126321
-0.008741042
0.01707884
0.03822635
0.048274
0.0439658
0.02535056
-0.004272684
-0.03916242
-0.07338519
-0.1022383
-0.122289
-0.1306575
-0.1248268
-0.1036224
-0.06879283
-0.02534794
0.01983305
0.05919792
0.08589135
0.09526987
0.08637935
0.06277256
0.03159418
0.001986546
-0.01797218
-0.02370879
-0.01476382
0.00542748
0.03052398
0.05331046
0.06801952
0.07159647
0.06382359
0.04680196
0.02406973
-0.0006409349
-0.02438585
-0.04514581
-0.06146429
-0.07233339
-0.07708121
-0.07534775
-0.0672406
-0.05361272
-0.03617598
-0.0176892
-0.001274014
0.01061999
0.01640762
0.01545706
0.008493668
-0.002486745
-0.01476423
-0.02570294
-0.03319153
-0.03596898
-0.03394123
-0.02826983
-0.02133273
-0.01576467
-0.01415905
-0.01882424
-0.03063714
-0.04851218
-0.07039603
-0.09398778
-0.1166197
-0.1360705
-0.1512077
-0.1618924
-0.1689897
-0.1741541
-0.1790694
-0.1847107
-0.1911583
-0.1979376
-0.2043285
-0.2091555
-0.2109814
-0.2083947
-0.2002291
-0.1861523
-0.1670353
-0.1452469
-0.1242068
-0.1072248
-0.0968624
-0.0944874
-0.09961722
-0.1097448
-0.1212732
-0.1305847
-0.1341732
-0.1290796
-0.1139629
-0.08925897
-0.05697462
-0.02051858
0.01623956
0.05015688
0.0793334
0.1029347
0.1211489
0.1351305
0.1463873
0.1563622
0.16646
0.1775036
0.1894666
0.2019361
0.2142392
0.2254875
0.2347832
0.2410421
0.2432332
0.2412171
0.2356045
0.2275312
0.2187279
0.2110301
0.2047194
0.19766
0.1865477
0.1686028
0.1430334
0.1120972
0.08033536
0.05252617
0.03172719
0.0184499
0.01095851
0.006047072
0.0003051283
-0.008659604
-0.02165855
-0.03786548
-0.05528811
-0.07147515
-0.08408685
-0.09158859
-0.09356264
-0.09078059
-0.08490901
-0.07813766
-0.0721912
-0.06765129
-0.06446508
-0.06239813
-0.0609397
-0.05969679
-0.05887029
-0.05850071
-0.05860497
-0.05928098
-0.06046492
-0.06170289
-0.06248107
-0.06206506
-0.05921579
-0.05298542
-0.04371843
-0.03296928
-0.02273521
-0.01485856
-0.0108983
-0.0114107
-0.01552852
-0.02156274
-0.02756176
-0.03166141
-0.03214738
-0.02780521
-0.01856476
-0.005688828
0.009001802
0.02385777
0.03759345
0.04980016
0.06066789
0.07072028
0.08078646
0.09117878
0.1012484
0.1094517
0.1138644
0.1127368
0.1049919
0.09095436
0.0726545
0.05300307
0.03447774
0.01887667
0.007247493
-0.0004679431
-0.005601033
-0.009977206
-0.01529996
-0.02241071
-0.03090932
-0.03933785
-0.04576956
-0.04858529
-0.04700331
-0.04170349
-0.03471706
-0.02863204
-0.02553362
-0.02656246
-0.03157078
-0.03914428
-0.04656207
-0.05084713
-0.05015331
-0.04404641
-0.03292313
-0.01796081
-0.000676341
0.01701215
0.03321746
0.04630286
0.05451021
0.05688083
0.05369305
0.04642983
0.03769914
0.03010811
0.02487741
0.02138178
0.01803319
0.0133031
0.00611453
-0.003430316
-0.0138914
-0.02337066
-0.03026431
-0.03358909
-0.03356012
-0.03143396
-0.02833119
-0.02426147
-0.01865969
-0.0108956
-0.00072423
0.011348
0.0244572
0.03732598
0.04831086
0.05606152
0.06014386
0.06102585
0.05971571
0.05794357
0.05775318
0.06048715
0.06656529
0.07544622
0.08587793
0.0963812
0.1053555
0.1117025
0.1148041
0.1144449
0.1106898
0.1035386
0.09276569
0.07829034
0.06041287
0.04038272
0.02070074
0.004521201
-0.005272413
-0.007490015
-0.003819849
0.001769565
0.004702219
0.000981782
-0.01152917
-0.03226691
-0.05831204
-0.08522387
-0.1082361
-0.1235038
-0.1292158
-0.12625
-0.1176913
-0.1074434
-0.09904668
-0.09459771
-0.09434529
-0.09706806
-0.1004389
-0.1017546
-0.09913641
-0.09194466
-0.08103199
-0.06850854
-0.0567815
-0.04825554
-0.04470496
-0.04612388
-0.05115681
-0.05775326
-0.06356926
-0.06625248
-0.06425059
-0.0572355
-0.04609282
-0.0322739
-0.01766255
-0.004432114
0.005806682
0.01234915
0.01514904
0.01457246
0.01117876
0.005773333
-0.0008202738
-0.007962939
-0.01494111
-0.02094162
-0.02522122
-0.02720796
-0.02657466
-0.02378415
-0.0198625
-0.01596374
-0.01306519
-0.01178907
-0.01218588
-0.01322492
-0.01383214
-0.01359861
-0.01213365
-0.00916731
-0.00518696
-0.001581828
5.651349e-05
-0.0009479027
-0.004132013
-0.007999204
-0.01027891
-0.008775288
-0.002320937
0.008930273
0.02357003
0.03931233
0.05326083
0.06290284
0.06676594
0.06449686
0.05709479
0.04675399
0.03614552
0.02789263
0.02423813
0.02642393
0.03419973
0.04576947
0.05836782
0.06913956
0.07624239
0.07903159
0.07789356
0.07430997
0.07029506
0.06726402
0.06571778
0.06571435
0.06694125
0.06909309
0.07195974
0.0753353
0.07897098
0.08247332
0.08486969
0.08465465
0.07999319
0.06950115
0.05298411
0.03144984
0.007354754
-0.01614592
-0.03633694
-0.05149254
-0.06087853
-0.06451944
-0.06325833
-0.05869599
-0.05300343
-0.04810644
-0.04466126
-0.04208434
-0.03941887
-0.0358788
-0.03087798
-0.0243706
-0.01700958
-0.009973891
-0.004254857
-0.0003648159
0.001561705
0.001499342
-0.0004879598
-0.003853873
-0.007542978
-0.01041635
-0.01130291
-0.009242174
-0.003902774
0.003950342
0.01222808
0.01796343
0.01800919
0.01025851
-0.005211197
-0.0256845
-0.04665809
-0.06337081
-0.07219386
-0.07156752
-0.06246989
-0.04819107
-0.03309218
-0.02159296
-0.01678603
-0.01913069
-0.02688733
-0.03685077
-0.04504934
-0.04811638
-0.04482896
-0.03621141
-0.02483874
-0.01408224
-0.006993923
-0.005211792
-0.008539128
-0.01499638
-0.02155065
-0.02540644
-0.02498537
-0.02026546
-0.01268452
-0.00466227
0.001457876
0.004266533
0.003898786
0.001720106
-0.0002650083
-0.0005273719
0.001550231
0.005289449
0.008822514
0.01011608
0.007914633
0.002580694
-0.004249836
-0.01053801
-0.01431932
-0.01417392
-0.009492368
-0.0006562382
0.01141152
0.02558347
0.04046774
0.0542033
0.06455234
0.06954727
0.06811849
0.06066014
0.04957811
0.03884958
0.03221961
0.03168518
0.03735143
0.04757184
0.05938726
0.06897802
0.07299551
0.06999987
0.06034023
0.04577767
0.02946254
0.01495694
0.00472423
-7.015921e-05
0.0006444275
0.005524095
0.01214694
0.01814667
0.02210875
0.02331549
0.02189947
0.01873385
0.01450787
0.009526232
0.003951621
-0.002008222
-0.008038646
-0.01376867
-0.01889823
-0.02311261
-0.02626443
-0.02858425
-0.03005871
-0.03014267
-0.0285858
-0.02566503
-0.0218935
-0.01796072
-0.01432911
-0.01121959
-0.008907098
-0.007345554
-0.006083664
-0.005011394
-0.00469566
-0.005825509
-0.0084446
-0.01180494
-0.0148292
-0.01630302
-0.01548642
-0.01270607
-0.008769932
-0.004665629
-0.001634829
-0.0006007354
-0.001954766
-0.005758789
-0.01119898
-0.01676269
-0.02137579
-0.02452585
-0.02579312
-0.02489585
-0.02217855
-0.01840298
-0.01430198
-0.010618
-0.008203144
-0.007750237
-0.009455544
-0.01271362
-0.01664456
-0.02066651
-0.02427367
-0.02658427
-0.02667259
-0.02404145
-0.0189733
-0.01270408
-0.006522034
-0.001093255
0.003143752
0.006131123
0.008132149
0.009474827
0.01045094
0.01131495
0.01217999
0.01305265
0.01417012
0.0159535
0.01870566
0.02251884
0.02693963
0.03068943
0.03189727
0.02909373
0.02161429
0.009754641
-0.004828796
-0.01956315
-0.03199976
-0.04056005
-0.04502226
-0.04612375
-0.04511146
-0.04323861
-0.04152726
-0.04047993
-0.03967509
-0.03834558
-0.03640963
-0.03425197
-0.03211204
-0.03055357
-0.02982195
-0.02954406
-0.02877599
-0.02653887
-0.02227123
-0.01595166
-0.007830169
0.001805538
0.01263956
0.02398717
0.0346325
0.04327427
0.04917615
0.05217024
0.05238982
0.05046401
0.04725715
0.04355173
0.03985324
0.03638301
0.03339109
0.03095505
0.02854715
0.02552359
0.02196659
0.01797858
0.01337707
0.008192521
0.003161616
-0.0005434743
-0.002364792
-0.002557486
-0.00147131
0.0003983054
0.002451231
0.003810319
0.003452882
0.0009275582
-0.00360282
-0.009467412
-0.01529525
-0.01928477
-0.01998137
-0.01717017
-0.0122295
-0.007567073
-0.005640981
-0.007747297
-0.0136513
-0.02184131
-0.02996206
-0.03583729
-0.03822579
-0.03706306
-0.03340435
-0.02914922
-0.02640267
-0.02666115
-0.0301676
-0.03602622
-0.04249846
-0.04749643
-0.04913304
-0.04620253
-0.03883683
-0.02894523
-0.0195924
-0.01338178
-0.01201063
-0.01632138
-0.02525042
-0.03622466
-0.04632882
-0.05298298
-0.05425394
-0.04950364
-0.03974635
-0.02737819
-0.01534635
-0.006059807
-0.0009462133
-0.0005353484
-0.004319627
-0.010481
-0.01662098
-0.02109449
-0.0235402
-0.02412812
-0.02334656
-0.02199701
-0.02045081
-0.01829732
-0.01447417
-0.007959779
0.001106574
0.01108149
0.01939745
0.02379013
0.02305441
0.01703715
0.007236873
-0.003501385
-0.01212345
-0.0160098
-0.01375447
-0.005703104
0.006649765
0.02125937
0.03553171
0.04702709
0.05416546
0.05602614
0.05231379
0.04396126
0.03360645
0.0236785
0.01549823
0.009754119
0.006672739
0.005746338
0.005927169
0.006378945
0.006883032
0.007506649
0.008277125
0.008933361
0.008599682
0.006137631
0.0009383219
-0.006423364
-0.01439703
-0.02085687
-0.0236938
-0.02167154
-0.0146708
-0.003993904
0.008122704
0.01939342
0.02800397
0.03291783
0.03418004
0.03252024
0.0289943
0.02485031
0.02134199
0.01965013
0.0204935
0.02409917
0.03010285
0.03753569
0.04515982
0.05171916
0.05607234
0.05772505
0.05694526
0.05430888
0.05050848
0.0463057
0.0424628
0.03940075
0.03723429
0.03619898
0.03634475
0.03750986
0.0395532
0.04229132
0.04556321
0.04889413
0.05190603
0.05444669
0.0563122
0.05724786
0.05706332
0.05556245
0.05260902
0.04838248
0.04334778
0.03794275
0.0328795
0.0292069
0.02762804
0.02834587
0.03116872
0.03515675
0.03851787
0.03914556
0.03542305
0.02705263
0.01527555
0.002111109
-0.01011136
-0.01896146
-0.02334737
-0.02379636
-0.02182451
-0.01920337
-0.01726917
-0.01665541
-0.01757349
-0.01985289
-0.02267399
-0.025148
-0.02682347
-0.02733265
-0.02620688
-0.0233059
-0.0189415
-0.01416858
-0.01042626
-0.008793724
-0.00978886
-0.01315989
-0.01780888
-0.02199768
-0.02387634
-0.02226624
-0.01731744
-0.009894781
-0.001338355
0.006629044
0.01251706
0.01561269
0.01576105
0.01325603
0.008892318
0.003837118
-0.00090271
-0.004545312
-0.006670257
-0.007258413
-0.006745318
-0.005843137
-0.005306627
-0.005842604
-0.007713325
-0.01098706
-0.01541918
-0.02028368
-0.02471775
-0.02802665
-0.02992325
-0.03063956
-0.03075824
-0.03111038
-0.03261658
-0.03571485
-0.04023908
-0.04533243
-0.04978142
-0.05222494
-0.0517657
-0.04825436
-0.04233229
-0.0355232
-0.02994818
-0.02728415
-0.02795557
-0.03152371
-0.03651674
-0.04021272
-0.03976241
-0.03373566
-0.02255585
-0.008345624
0.005927506
0.01738226
0.02417445
0.02559027
0.02279233
0.0182961
0.01437759
0.01231186
0.012056
0.01257862
0.01266324
0.01149947
0.009098971
0.006395894
0.004839491
0.005510609
0.008379289
0.01252047
0.01651626
0.01867649
0.01794164
0.01417975
0.008226927
0.001846399
-0.002663265
-0.003519292
-0.0002016181
0.006307252
0.01390931
0.01990892
0.02187726
0.01863526
0.01093587
0.0008531468
-0.009121726
-0.01673215
-0.020905
-0.02212833
-0.02177625
-0.02094063
-0.02038875
-0.02052059
-0.02113401
-0.02172187
-0.02171924
-0.02082846
-0.01915354
-0.01681111
-0.01384049
-0.01042151
-0.006862879
-0.003641648
-0.001157691
0.0007610697
0.002490748
0.004031568
0.005152381
0.005863932
0.006257907
0.006483058
0.006727605
0.006996356
0.007189025
0.006951124
0.005728515
0.003141197
-0.0004452405
-0.0039874
-0.006362533
-0.006579346
-0.00426023
-0.0001569779
0.004199678
0.007422357
0.008358726
0.006607042
0.003007047
-0.0008361357
-0.003349881
-0.003195619
0.0002731232
0.006315072
0.01295923
0.01788361
0.01914527
0.01583695
0.008523768
-0.000969451
-0.01029482
-0.01751463
-0.02146031
-0.02161459
-0.01860897
-0.0140288
-0.009490586
-0.005962716
-0.00398373
-0.003612039
-0.004671152
-0.006969052
-0.01006292
-0.01326431
-0.01580445
-0.01691596
-0.01582932
-0.01204229
-0.006072036
0.0007279188
0.006724506
0.01043073
0.01102421
0.008412438
0.003426969
-0.002246342
-0.006893753
-0.009423999
-0.009742739
-0.008104894
-0.00507917
-0.001624123
0.001556382
0.004303718
0.006884973
0.009685426
0.01319829
0.01769055
0.02300677
0.02857507
0.03358099
0.03727319
0.03945947
0.04002278
0.03902664
0.03706955
0.03483299
0.03291959
0.0314767
0.03053
0.03016506
0.03036755
0.03084429
0.0309285
0.03019227
0.02869732
0.02672309
0.024616
0.02254056
0.02045697
0.01822161
0.01568738
0.01273347
0.009331363
0.005736863
0.002296351
-0.00050368
-0.002488233
-0.003793597
-0.004345349
-0.004026417
-0.002929642
-0.000779068
0.002217896
0.005150281
0.007209281
0.007884064
0.006955232
0.004556847
0.001094253
-0.002881565
-0.006608932
-0.009401878
-0.01100914
-0.01169826
-0.01186427
-0.01176417
-0.01151335
-0.01128465
-0.01138284
-0.01200989
-0.01340825
-0.01583601
-0.01900369
-0.02226421
-0.02489727
-0.02617149
-0.02575976
-0.02376712
-0.0207514
-0.01765028
-0.01534839
-0.01451597
-0.01549491
-0.01807355
-0.0215536
-0.02480186
-0.02637591
-0.02519656
-0.02095485
-0.01391844
-0.005211082
0.003432598
0.01001111
0.01309052
0.01208576
0.007223082
-0.0004657421
-0.009298255
-0.0174534
-0.02352448
-0.02696317
-0.02768569
-0.02613547
-0.02364746
-0.02162155
-0.02114006
-0.0226796
-0.02613751
-0.03092748
-0.03620408
-0.04118445
-0.04537191
-0.04867747
-0.05111037
-0.05277286
-0.05364433
-0.05381242
-0.05321632
-0.05161896
-0.04892018
-0.04490789
-0.03961227
-0.03340963
-0.02674819
-0.02019228
-0.01456362
-0.01084473
-0.009477264
-0.01022909
-0.01246625
-0.01508303
-0.0166632
-0.01590579
-0.01201025
-0.005038894
0.004070388
0.01379234
0.02226809
0.02781174
0.0297605
0.02912484
0.027428
0.0261457
0.02637059
0.02858823
0.03259546
0.03719641
0.04087213
0.04261135
0.04200199
0.03929966
0.03537382
0.03119031
0.02740773
0.02423068
0.02144397
0.01852111
0.01494625
0.0105404
0.00546595
9.661926e-05
-0.004944645
-0.008672364
-0.009996237
-0.008329538
-0.00383692
0.002894333
0.01085514
0.01861057
0.02479674
0.0284092
0.02899887
0.02651593
0.02174773
0.01626477
0.01185472
0.01004106
0.01144311
0.01628244
0.02385363
0.03213015
0.0390329
0.04288372
0.04254004
0.03757348
0.02845747
0.01705181
0.006035686
-0.002212739
-0.006379746
-0.006200905
-0.00232926
0.003801227
0.01022988
0.01507872
0.01712099
0.01589984
0.01202179
0.006899512
0.001889983
-0.001903956
-0.003658819
-0.003359449
-0.001721036
0.0001635503
0.0009169764
-0.0001923297
-0.00256046
-0.005071075
-0.006848843
-0.007160264
-0.00560401
-0.002391281
0.001706435
0.005759145
0.008784818
0.01029154
0.01054018
0.009819094
0.00822722
0.005991694
0.003796776
0.002387835
0.002019215
0.002788685
0.00474607
0.007562955
0.01045792
0.01219606
0.01153103
0.007914435
0.00180388
-0.005760268
-0.01335769
-0.01913841
-0.0219927
-0.02201941
-0.01988388
-0.01649235
-0.01303691
-0.01051926
-0.009452174
-0.009783351
-0.0112292
-0.01366496
-0.01652292
-0.01862903
-0.01893919
-0.01685757
-0.01224852
-0.00570136
0.001545676
0.007655973
0.0107923
0.01011697
0.00605292
-0.0001277972
-0.006572524
-0.0112849
-0.01286913
-0.0109324
-0.006187664
-0.0001584073
0.005659996
0.01013937
0.01247041
0.01210624
0.00938763
0.005695263
0.002413107
0.0006277643
0.001133417
0.004095559
0.00891277
0.01413441
0.01778688
0.01873236
0.01700234
0.01316427
0.008211235
0.003466007
-7.786223e-05
-0.002092025
-0.003048646
-0.003946867
-0.00577832
-0.009089159
-0.01412139
-0.02076963
-0.02813749
-0.03490101
-0.03988489
-0.04238128
-0.04206393
-0.03905537
-0.03395297
-0.02807211
-0.02299577
-0.01979836
-0.01886696
-0.01991394
-0.02216131
-0.02439449
-0.02530188
-0.02406468
-0.02073039
-0.01591913
-0.0102288
-0.004415464
0.0006495349
0.004315322
0.006582271
0.00735276
0.006550909
0.004582087
0.002377664
0.0006663316
-0.0003209366
-0.0002344423
0.001126345
0.003272799
0.005244281
0.006332704
0.006271355
0.005272534
0.003802131
0.002297865
0.001404099
0.001163835
0.00104469
0.0005083541
-0.0005792113
-0.002046048
-0.003577801
-0.004659746
-0.004632219
-0.003026728
0.0001174292
0.004455247
0.009283841
0.01366596
0.01690498
0.01868786
0.01909344
0.01874276
0.01804181
0.01728235
0.01699774
0.01754504
0.01885108
0.02064607
0.02246962
0.02383078
0.02455561
0.02455972
0.02379302
0.02240464
0.02055854
0.01834524
0.01587496
0.01318898
0.01028765
0.007432101
0.004992518
0.003211743
0.002192436
0.001995323
0.002426439
0.002784656
0.00248022
0.001401252
-0.0005944343
-0.003736632
-0.007699198
-0.01158162
-0.0144363
-0.01604725
-0.01649311
-0.01574855
-0.0139264
-0.01147081
-0.009205018
-0.007821961
-0.007510088
-0.008136867
-0.009266679
-0.01040001
-0.01100012
-0.01049554
-0.008561068
-0.005314761
-0.001076443
0.003621146
0.008054946
0.0114457
0.01310606
0.01268343
0.01048789
0.00706443
0.002931945
-0.001137665
-0.004407448
-0.00641919
-0.007070493
-0.006386464
-0.004633944
-0.002554853
-0.0007011591
0.0007173655
0.001489913
0.001278
1.121472e-05
-0.001739873
-0.003091592
-0.003123924
-0.001645964
0.0009348907
0.004207108
0.007508983
0.009773864
0.01020045
0.00882216
0.00579257
0.001608746
-0.00271441
-0.006105073
-0.007933942
-0.00817093
-0.007209852
-0.00563887
-0.003966202
-0.002675972
-0.002034262
-0.0015164
-0.0007308179
0.0003364644
0.0017704
0.003561987
0.005650187
0.007675619
0.009064602
0.009407284
0.008593166
0.006797224
0.004497863
0.00232221
0.000797224
0.0002996934
0.0007209506
0.00162219
0.002447031
0.00268629
0.002082842
0.000633704
-0.001133848
-0.002335089
-0.002220192
-0.0004268747
0.002980481
0.007550113
0.01266253
0.01737194
0.0205711
0.02153248
0.02038812
0.0177352
0.01405164
0.009860044
0.005853378
0.002724999
0.00063435
-0.0005451401
-0.0008021683
-0.0002341981
0.000799403
0.001609159
0.001607936
0.000542528
-0.001544664
-0.004449414
-0.007759053
-0.01074237
-0.01262153
-0.01312734
-0.01233359
-0.01042708
-0.007858695
-0.005188447
-0.002795742
-0.0007412438
0.0009663194
0.002347715
0.003835003
0.005681444
0.00769386
0.009874317
0.01232768
0.01461131
0.01595028
0.01580262
0.01394809
0.01036724
0.005489965
0.0003003138
-0.004672097
-0.009230237
-0.01303348
-0.01593744
-0.01818021
-0.02007848
-0.02173217
-0.02293743
-0.0236431
-0.02396146
-0.023856
-0.02330738
-0.02272903
-0.02261432
-0.02266388
-0.02246987
-0.02190443
-0.0208521
-0.01914864
-0.01668899
-0.01399683
-0.01200407
-0.0110763
-0.01087322
-0.01083543
-0.01035364
-0.009004671
-0.006538958
-0.002933043
0.001140523
0.004674584
0.006947134
0.007811013
0.007322167
0.005672296
0.003670652
0.002718358
0.003541715
0.005820349
0.009097379
0.0126438
0.01540036
0.01644918
0.01536918
0.01221775
0.007749164
0.002913623
-0.001687682
-0.005525107
-0.008291273
-0.009873498
-0.01038497
-0.009928843
-0.008510964
-0.006413145
-0.004281226
-0.002614508
-0.001581097
-0.001167008
-0.00120742
-0.001444576
-0.001515473
-0.0008931046
0.0009373553
0.003864368
0.007333333
0.01095725
0.01432242
0.01696279
0.01859513
0.01921583
0.01900464
0.01813661
0.0168841
0.01569068
0.01475863
0.01406902
0.01345293
0.01270344
0.01186169
0.01109497
0.01048326
0.009821952
0.008888265
0.007350402
0.004982384
0.002002093
-0.001370441
-0.00489383
-0.007941657
-0.009665596
-0.009464489
-0.007551497
-0.004423798
-0.0005188076
0.003315376
0.006348911
0.008320099
0.009106899
0.008594315
0.007595557
0.007063212
0.007163854
0.007844331
0.00931077
0.01136335
0.01342126
0.01492442
0.01546181
0.01495988
0.01355716
0.01152185
0.009228829
0.007023384
0.004953176
0.002779815
0.0003341901
-0.002210616
-0.004626243
-0.00696272
-0.009092919
-0.01074207
-0.01179509
-0.01218702
-0.01204346
-0.01130052
-0.009755136
-0.007436692
-0.004590966
-0.001460894
0.001787207
0.004725324
0.006972391
0.008557709
0.009617127
0.01004899
0.009868156
0.009265228
0.008367828
0.007218688
0.005588601
0.003122585
-0.0001417323
-0.0039271
-0.007814021
-0.01158921
-0.01523743
-0.01833848
-0.02035166
-0.02102203
-0.02072943
-0.01973633
-0.01805064
-0.01573415
-0.01300222
-0.009702586
-0.005584917
-0.0007322349
0.004539522
0.009632346
0.01410499
0.01741628
0.01909254
0.01920176
0.01813068
0.01635595
0.01433732
0.01242565
0.01108103
0.01041266
0.01012007
0.0098751
0.009517214
0.008984842
0.008255862
0.007269376
0.00594753
0.004475458
0.003188036
0.002179199
0.001274173
0.000478461
-4.982113e-05
-0.0003389532
-0.0004167126
-0.0004000455
-0.000491342
-0.0006478665
-0.0008815538
-0.001320936
-0.001671914
-0.001448476
-0.0005497378
0.0007405101
0.00248143
0.004419278
0.005877887
0.006367048
0.00571487
0.00411618
0.002101306
0.0003444745
-0.0005408197
-2.378847e-05
0.001988467
0.004956649
0.008239546
0.01134961
0.01375093
0.01481837
0.01442803
0.01313825
0.0115719
0.01004677
0.008484162
0.006965802
0.00583855
0.00509238
0.004300375
0.003218125
0.001803801
-5.194508e-05
-0.002737724
-0.006218525
-0.01001634
-0.01378405
-0.01714977
-0.01980551
-0.02170348
-0.02262419
-0.02238289
-0.02106313
-0.01900222
-0.01648412
-0.01373902
-0.01112257
-0.009007366
-0.007435219
-0.006260671
-0.005415719
-0.004693679
-0.003812349
-0.002551568
-0.0008119805
0.001189065
0.002998344
0.004273672
0.004817216
0.004528629
0.003235907
0.001070522
-0.001547984
-0.004019434
-0.006135105
-0.007713619
-0.008397704
-0.008397645
-0.008310722
-0.008423078
-0.008869803
-0.00985646
-0.01136749
-0.01296644
-0.01418151
-0.01461899
-0.01409236
-0.01264694
-0.01055326
-0.008244107
-0.005971268
-0.004042827
-0.002688991
-0.001922301
-0.001511221
-0.001127721
-0.0005482615
0.0004484288
0.002099135
0.004368517
0.006875218
0.009345436
0.01183197
0.0141633
0.01574144
0.01597389
0.01475811
0.01235287
0.008883612
0.00482388
0.0007420001
-0.002989852
-0.006033171
-0.008106594
-0.009174189
-0.009695761
-0.01022873
-0.01132523
-0.01297434
-0.01499508
-0.01728617
-0.01964463
-0.02161135
-0.0227985
-0.02324826
-0.02315152
-0.02236926
-0.02054386
-0.01750949
-0.01335085
-0.008252001
-0.002687666
0.002597684
0.006772871
0.009328176
0.01024526
0.009969604
0.009290228
0.009035036
0.009875454
0.01219924
0.01564731
0.01925098
0.02182613
0.02276935
0.02195285
0.01936916
0.01534977
0.01061762
0.005983734
0.00232375
0.0003466152
0.0001554928
0.001543407
0.003965014
0.006296076
0.007614924
0.007775072
0.006812691
0.004766299
0.00208641
-0.0004203208
-0.001860193
-0.001690113
-9.165242e-05
0.002460094
0.00526864
0.007458728
0.008050906
0.006621211
0.003643288
-4.517529e-05
-0.003665521
-0.006347357
-0.006990691
-0.005418082
-0.002373537
0.001240283
0.004584901
0.006727631
0.006973111
0.005220364
0.001855594
-0.002362631
-0.006430188
-0.009391447
-0.01063236
-0.01009787
-0.008247665
-0.005987438
-0.004216267
-0.003573476
-0.004278391
-0.006406222
-0.00989112
-0.01385027
-0.01694456
-0.01821952
-0.01746761
-0.01495639
-0.01089102
-0.005890118
-0.0009973184
0.002748802
0.004791123
0.005014894
0.003549487
0.001097889
-0.001450713
-0.003345366
-0.004123164
-0.003603185
-0.001917875
0.0005150207
0.002979617
0.004615116
0.004743157
0.003261118
0.0002706647
-0.004006781
-0.008856044
-0.01329627
-0.01662451
-0.01836049
-0.01826532
-0.01646299
-0.01348297
-0.01000269
-0.006738261
-0.004261075
-0.002844237
-0.002418895
-0.002722652
-0.003390999
-0.003609458
-0.002772988
-0.001030289
0.001475572
0.004775133
0.008006818
0.01001648
0.0101958
0.008598868
0.005760876
0.002348033
-0.0009970919
-0.003357258
-0.003987709
-0.002943681
-0.00100123
0.001129196
0.002921715
0.003831777
0.003556815
0.002001677
-0.0004509655
-0.003183141
-0.005806204
-0.007848307
-0.008817221
-0.008545003
-0.007124329
-0.004713713
-0.001735008
0.00119014
0.003542119
0.004989058
0.005470257
0.00520867
0.00477774
0.004743879
0.005538689
0.00719105
0.009564085
0.01231688
0.01463862
0.01599793
0.016581
0.01628358
0.01506276
0.01342498
0.01194725
0.01080338
0.009937015
0.009316062
0.008708498
0.007791783
0.006336861
0.004423107
0.002365844
0.0006751055
-0.0002385631
-0.0002096714
0.0005557956
0.001725185
0.003049471
0.004082331
0.004374133
0.003657862
0.001885384
-0.0004686822
-0.0027358
-0.004493805
-0.005581639
-0.005916666
-0.005503437
-0.004790386
-0.004039589
-0.003285552
-0.00285854
-0.003027522
-0.00364954
-0.004572684
-0.005727168
-0.006707186
-0.007097924
-0.006889375
-0.006259014
-0.005307906
-0.00413772
-0.003097646
-0.002574893
-0.002741916
-0.003485492
-0.004496023
-0.00545412
-0.006277249
-0.006845636
-0.007001219
-0.006885658
-0.006738579
-0.006792174
-0.007075451
-0.007439466
-0.007644683
-0.007514004
-0.007133637
-0.006694356
-0.006394603
-0.006577349
-0.007394596
-0.008289196
-0.008994211
-0.009573796
-0.009851261
-0.009572477
-0.008849356
-0.007972882
-0.007017096
-0.005934297
-0.004640083
-0.003094474
-0.001588529
-0.0003575105
0.0005456949
0.0011596
0.00151387
0.001661067
0.001788627
0.002236263
0.003072929
0.00406717
0.0050624
0.006004681
0.006975338
0.007698312
0.007862944
0.007528744
0.006962211
0.006431312
0.006029072
0.005648963
0.005279174
0.00506143
0.004828852
0.00431911
0.003566146
0.002789989
0.002163788
0.001749274
0.001859729
0.002582715
0.003647727
0.004794279
0.005980136
0.006999467
0.007712268
0.008092058
0.007996649
0.007461313
0.00674291
0.005980029
0.005246321
0.004733349
0.004603284
0.004968275
0.005778921
0.006652699
0.007151847
0.006841981
0.005729349
0.004422419
0.00345658
0.003175234
0.003932934
0.005714293
0.008070008
0.01020888
0.01118537
0.01053284
0.008368028
0.005170721
0.001520468
-0.001725403
-0.003781632
-0.004377146
-0.004140521
-0.003929501
-0.004130758
-0.004815753
-0.005836417
-0.006852172
-0.007706216
-0.008014062
-0.007352786
-0.006111365
-0.00497381
-0.004036742
-0.003411283
-0.003407778
-0.003885048
-0.004538594
-0.00531346
-0.006006429
-0.006316303
-0.006084767
-0.005219667
-0.003812162
-0.002190002
-0.0009330985
-0.0003382682
-0.0002589983
-0.0006072235
-0.0013856
-0.002301219
-0.002998489
-0.003191404
-0.002915887
-0.002548224
-0.002053554
-0.001460771
-0.0009409355
-0.000321883
0.0005008762
0.001445482
0.002252821
0.00262192
0.002519536
0.001869854
0.0005595345
-0.001195723
-0.002962247
-0.004302763
-0.004776228
-0.004164511
-0.002726223
-0.0007273808
0.001339604
0.002809467
0.003513206
0.003585358
0.003331267
0.003253077
0.0036672
0.004582668
0.005762062
0.0069472
0.007828305
0.008371276
0.008878597
0.009631653
0.01076662
0.01235507
0.01416706
0.01562856
0.01636455
0.01634287
0.01576465
0.0148885
0.01394004
0.01320727
0.01289867
0.01273788
0.01232706
0.01147079
0.01017689
0.008489908
0.006449223
0.004460988
0.003071202
0.002463175
0.002518582
0.002866139
0.003203975
0.00344523
0.003542724
0.003337088
0.002682787
0.002136502
0.001951306
0.001543328
0.0008892549
0.0005873918
0.0007591842
0.001121092
0.001359825
0.001358427
0.001188107
0.0007339834
-0.0002829461
-0.001920727
-0.003905719
-0.005929086
-0.007875384
-0.009730472
-0.01137021
-0.01224998
-0.01222895
-0.0117338
-0.01124292
-0.01090137
-0.01068022
-0.01067784
-0.0108703
-0.01109009
-0.01098966
-0.0103454
-0.009232105
-0.007821381
-0.006277688
-0.004819296
-0.003679077
-0.0031509
-0.003226576
-0.003530328
-0.003748611
-0.003931842
-0.004169749
-0.004478517
-0.005007466
-0.005761769
-0.00657226
-0.007209983
-0.00736446
-0.006928729
-0.00612466
-0.005007975
-0.003752136
-0.002973915
-0.002907463
-0.003473953
-0.00455299
-0.005948949
-0.007359829
-0.008468899
-0.009072446
-0.009055183
-0.008556219
-0.007607528
-0.00632535
-0.004960308
-0.003673401
-0.002543066
-0.001376462
-3.786692e-05
0.001209754
0.002114811
0.002819721
0.003529083
0.004236598
0.004797717
0.0051911
0.005401938
0.005334293
0.005063337
0.004712729
0.004189006
0.003594203
0.003014982
0.002407153
0.001810779
0.001208706
0.0003217882
-0.0008646862
-0.002055405
-0.003124099
-0.00403743
-0.004577835
-0.004720192
-0.00460324
-0.004262756
-0.003863951
-0.003523272
-0.003250641
-0.002967749
-0.00257058
-0.001981886
-0.001165423
1.471928e-05
0.001415867
0.002873711
0.004231561
0.005321006
0.005944422
0.006069858
0.00573535
0.005276732
0.005018727
0.004933534
0.005473915
0.006832404
0.008729159
0.0107591
0.01258318
0.01392185
0.01432212
0.0136393
0.0119797
0.00950874
0.006724814
0.00424456
0.002454413
0.001427817
0.001047739
0.001233975
0.001576715
0.001454809
0.0009171668
-0.000162706
-0.001988217
-0.004268904
-0.006252106
-0.007764699
-0.008325615
-0.008020033
-0.006753329
-0.004865748
-0.003152678
-0.002200258
-0.002090306
-0.002427236
-0.002863298
-0.003205276
-0.003333109
-0.003166364
-0.002606682
-0.00155923
-0.0001241494
0.001375321
0.002665093
0.003790963
0.004811686
0.005676869
0.006461842
0.007137752
0.007675439
0.008037418
0.008126719
0.008032893
0.007875177
0.007512772
0.006947921
0.006535324
0.006489727
0.006807715
0.007534639
0.008653525
0.01000117
0.01108967
0.0112835
0.01051946
0.009011017
0.006962166
0.004681253
0.002630265
0.001197361
0.0005015115
0.000494078
0.0009137662
0.001287317
0.001276073
0.0008315931
7.823693e-05
-0.0008782023
-0.001795968
-0.002636559
-0.003641822
-0.004472146
-0.004771732
-0.004724024
-0.004348657
-0.003542109
-0.002593092
-0.001687678
-0.0008879725
-0.0004420033
-0.0005060978
-0.001002728
-0.001913228
-0.003086168
-0.004152151
-0.004801672
-0.00474012
-0.003834121
-0.002291464
-0.0005575899
0.0009106236
0.001639363
0.001342908
0.0001555201
-0.001494776
-0.003198366
-0.004551571
-0.005166649
-0.00481192
-0.00362334
-0.002147657
-0.0008869145
-0.0002539027
-0.000535652
-0.001777942
-0.003744038
-0.005913293
-0.007655393
-0.008728146
-0.009025468
-0.008463277
-0.007273443
-0.005806239
-0.004290888
-0.002912604
-0.001944988
-0.001654035
-0.001804975
-0.002244187
-0.003017633
-0.003968032
-0.004750161
-0.005123008
-0.004967146
-0.004120301
-0.002541687
-0.0005397006
0.00135103
0.002608828
0.002799548
0.001867353
0.0002037852
-0.001529311
-0.002752366
-0.003021981
-0.002072589
-0.0001771814
0.002034765
0.003932914
0.004951783
0.004795725
0.003598818
0.001790274
-8.934862e-05
-0.00140728
-0.001785943
-0.00123492
1.380628e-05
0.001484657
0.002749877
0.003421583
0.003498665
0.003116025
0.002286252
0.001138141
-7.479087e-05
-0.001018003
-0.001371467
-0.001132713
-0.0004747244
0.0003963017
0.001183963
0.001509737
0.001214068
0.0003435655
-0.0009432919
-0.002472141
-0.003957505
-0.00512494
-0.005864189
-0.006179063
-0.006140328
-0.005947081
-0.005812299
-0.005907113
-0.0063118
-0.00690955
-0.007440244
-0.007744365
-0.007807276
-0.007542113
-0.006794115
-0.005578257
-0.004241286
-0.003086101
-0.002081467
-0.001233074
-0.0007013631
-0.0004547145
-0.0002639901
-3.669094e-05
0.0002039808
0.0004629353
0.0006504153
0.0006638182
0.0006062529
0.0005846608
0.0004242424
0.0001032805
-0.0001186449
-9.980025e-05
9.847803e-05
0.0003494174
0.0007522946
0.001491792
0.002472477
0.003476478
0.004345355
0.005076813
0.005768379
0.006288198
0.006437947
0.00632407
0.006146215
0.005784595
0.0051985
0.004707473
0.004321015
0.003861683
0.003339725
0.002859438
0.002527957
0.002238439
0.001794848
0.001232847
0.0007196333
0.0003478235
0.0001650842
0.0001967537
0.0004214505
0.0007117013
0.0009453505
0.00105419
0.001030832
0.0009103662
0.0006747516
0.0003287028
-8.419817e-06
-0.0001845993
-0.00015542
-2.745015e-05
0.0001247449
0.000259883
0.000245344
-1.104425e-05
-0.0004801925
-0.0009679695
-0.001275969
-0.001461308
-0.001599516
-0.001652011
-0.001598886
-0.00141673
-0.001123989
-0.0008044132
-0.000449406
-8.325712e-05
0.0002455893
0.0005305215
0.0007887588
0.001050567
0.001342782
0.001604393
0.001806608
0.002049383
0.002353532
0.002630715
0.002804252
0.002843345
0.002722335
0.002449949
0.00207917
0.001668467
0.001257075
0.0009092853
0.0006697066
0.0005510034
0.0005307685
0.0005515457
0.0005566428
0.0005373395
0.0004863316
0.000385841
0.0002053533
-4.285101e-05
-0.0002799271
-0.0004392106
-0.0005019402
-0.0004821259
-0.0003618458
-0.0001596288
4.494947e-05
0.000179308
0.0001953515
0.0001065929
-6.082482e-05
-0.0002849794
-0.0005260082
-0.0007313641
-0.0008471247
-0.0008768797
-0.0008660472
-0.0008481719
-0.0008280059
-0.0008033719
-0.0007772987
-0.0007606446
-0.0007590998
-0.0007623437
-0.0007700996
-0.0007700201
-0.0007436678
-0.0006886614
-0.0006187566
-0.0005449732
-0.0004644293
-0.0003633235
-0.0002529209
-0.0001475278
-6.061067e-05
-4.751789e-06
1.835411e-05
3.231341e-05
6.485698e-05
0.0001268303
0.0002136278
0.0003051386
0.0003854948
0.0004388509
0.0004516854
0.0004253079
0.0003737985
0.0003161007
0.0002664853
0.0002307221
0.0002098761
0.0001947506
0.0001749967
0.0001330143
5.9881e-05
-3.361015e-05
-0.0001313916
-0.0002222428
-0.000296774
-0.0003430706
-0.0003607376
-0.000358975
-0.0003504481
-0.0003458965
-0.0003473283
-0.0003484935
-0.0003464202
-0.000343281
-0.0003372636
-0.0003213039
-0.0002985283
-0.0002775672
-0.0002614943
-0.0002504669
-0.0002426876
-0.0002356994
-0.0002257145
-0.0002117686
-0.0001970853
-0.0001860337
-0.0001803448
-0.0001807487
-0.0001861362
-0.0001947506
-0.0002045504
-0.0002135185
-0.0002208578
-0.0002253924
-0.0002265424
-0.0002247257
-0.0002195017
-0.000210706
-0.0002009364
-0.0001916628
-0.0001827793
-0.000174252
-0.0001656828
-0.0001569221
-0.0001481076
-0.0001388356
-0.0001288579
-0.0001185167
-0.000108546
-9.901033e-05
-8.996127e-05
-8.181695e-05
-7.472284e-05
-6.844675e-05
-6.28032e-05
-5.761398e-05
-5.258755e-05
-4.7632e-05
-4.28869e-05
-3.836066e-05
-3.392858e-05
-2.94975e-05
-2.497331e-05
-2.031239e-05
-1.551417e-05
-1.062151e-05
-5.712403e-06
-8.632682e-07
3.885413e-06
8.539643e-06
1.314929e-05
1.772334e-05
2.226399e-05
2.68028e-05
3.136505e-05
3.594289e-05
4.050881e-05
4.503851e-05
4.951682e-05
5.393478e-05
5.828674e-05
6.256958e-05
6.678165e-05
7.092173e-05
7.49889e-05
