4.99036e-06
4.981828e-06
4.997694e-06
5.004693e-06
4.972941e-06
4.986807e-06
5.094028e-06
5.160003e-06
4.912586e-06
4.606355e-06
4.893832e-06
5.634086e-06
5.748797e-06
5.100779e-06
4.383756e-06
4.423567e-06
4.47954e-06
3.574218e-06
3.418963e-06
4.837324e-06
6.059054e-06
6.246146e-06
5.236009e-06
4.589404e-06
9.225834e-07
-7.296836e-06
-7.581254e-06
1.012507e-06
8.539656e-06
9.516527e-06
2.840717e-06
3.120537e-06
1.318512e-05
1.137346e-05
3.31183e-06
7.564184e-06
1.69939e-05
1.628829e-05
7.251877e-06
1.871902e-06
7.296181e-06
1.502163e-05
7.711485e-06
-4.15944e-06
-7.056002e-07
9.918516e-06
7.990291e-06
-5.024075e-06
-6.127033e-06
4.359869e-06
7.801443e-06
-1.630192e-07
-1.074437e-05
-1.192308e-05
1.043147e-05
1.924279e-05
1.202362e-06
-1.566168e-05
-6.321057e-06
1.842284e-05
1.969027e-05
2.535932e-06
-3.748762e-06
9.923515e-06
1.558219e-05
-2.294879e-05
-3.228714e-05
8.647425e-06
3.338054e-05
2.888476e-05
5.028743e-06
-1.030708e-05
-6.570562e-06
-1.87216e-05
-2.535643e-05
-2.224498e-05
-1.113068e-05
-1.7878e-05
-8.371364e-05
-0.0001078962
-1.999217e-05
5.648739e-05
3.765832e-05
-6.430439e-06
-4.163373e-05
-2.631881e-05
-1.899546e-06
-1.58629e-05
-1.346507e-05
5.008164e-06
-1.997815e-05
-7.976847e-05
-6.921446e-05
1.477247e-05
7.74502e-05
8.098089e-05
4.992702e-05
4.316674e-05
8.189553e-05
3.21776e-05
-7.67141e-05
-6.884836e-05
9.24137e-06
4.818832e-06
-5.263598e-05
-3.88058e-05
2.712323e-05
7.441794e-05
3.454368e-05
-3.247223e-05
-5.607329e-05
-1.096579e-05
2.689415e-05
9.91826e-06
-6.476302e-06
-8.874865e-06
-1.011154e-05
1.84699e-05
7.217345e-05
8.785032e-05
8.486694e-05
0.0001095606
0.0001080131
3.024333e-05
-3.414073e-05
-4.692976e-05
-2.088999e-05
4.646763e-05
8.256432e-05
4.165456e-05
-2.084314e-05
-2.226077e-05
6.26676e-05
0.0001326947
0.0001176359
1.81743e-05
-5.250507e-05
-4.938287e-05
-5.55071e-06
4.298106e-05
7.584259e-05
8.147174e-05
6.817567e-05
0.0001467234
0.0001773105
9.313465e-05
3.455645e-05
2.439615e-05
4.978177e-07
-7.634871e-05
-9.261155e-05
-2.604327e-05
1.354337e-05
1.609568e-05
5.30096e-06
2.919371e-05
2.671119e-05
-5.488426e-06
-6.064116e-06
-1.036958e-06
-9.813091e-06
-5.535636e-05
-6.768282e-05
-2.706982e-05
-8.974088e-06
-2.843249e-05
-4.091761e-05
-5.688663e-05
-4.378611e-05
1.823073e-05
1.193273e-05
-3.372761e-05
-1.517862e-05
2.695737e-07
-2.338185e-05
-5.939151e-05
-6.119152e-05
-1.64576e-05
-7.015736e-06
-4.601435e-05
-8.344065e-05
-0.0001313207
-0.0001912983
-9.40432e-05
4.90779e-05
3.90455e-05
-2.978366e-06
1.941781e-05
2.904946e-05
4.257529e-06
2.996467e-05
6.643814e-05
6.287715e-05
8.184147e-06
-2.821649e-05
-6.748829e-06
4.753043e-05
0.000110195
0.0002031461
0.0001983376
-4.838043e-05
-0.0002731146
-0.0002258193
1.862875e-05
0.0001827806
0.000129971
3.969229e-05
4.427251e-05
5.913259e-05
-2.905954e-06
-9.611166e-05
-6.650123e-05
9.238547e-06
-4.921841e-05
-0.0001596762
-7.967953e-05
7.761851e-05
3.954237e-05
-6.887567e-05
-0.0001306796
-0.0001040845
-3.523148e-05
-2.922011e-05
-5.835629e-05
-0.000101055
-0.0001242355
-0.0001620329
-0.0002022627
-9.737991e-05
6.419602e-05
6.110297e-05
-7.055912e-05
-0.0001764359
-4.564056e-05
0.0001211061
0.0001459933
9.527691e-05
7.698216e-05
0.0001209867
0.0001242927
2.736973e-05
4.422721e-06
0.0001457166
0.0001783033
0.0001179623
7.247103e-05
8.518314e-05
7.709956e-05
3.40717e-05
1.123492e-05
-3.530405e-05
-7.532408e-05
-4.220128e-05
-2.566392e-05
-0.0001188375
-0.0001866796
-8.16637e-05
-3.033033e-05
-7.290002e-05
-3.189731e-06
8.093805e-05
1.267418e-05
-6.171326e-05
9.138367e-05
0.0002031261
1.694594e-05
-0.0001532975
-0.0001450493
-0.0001454524
-0.0002718915
-0.0002271118
-8.899324e-06
5.352798e-05
-1.308234e-05
-8.825007e-06
7.748197e-05
9.953228e-05
9.299469e-05
0.0001085471
3.99564e-05
-7.889254e-05
-9.628467e-05
-2.293582e-05
7.042764e-05
0.0001372959
0.0001700314
0.0001546834
0.0001048349
6.187443e-05
4.652297e-07
-1.959247e-05
3.214922e-05
6.789022e-05
7.158296e-05
-4.244131e-05
-0.0003308916
-0.0003266169
-3.045927e-05
0.0001276701
8.41386e-05
6.246585e-05
0.000103713
6.420856e-05
-6.674006e-05
-0.0001436635
-0.0001597355
-9.786157e-05
1.336947e-05
9.951829e-05
0.0001515502
8.257386e-05
-1.988428e-05
-1.798367e-05
1.528873e-05
2.210079e-05
2.870076e-05
3.984449e-05
-3.937869e-06
-3.025697e-05
-4.750693e-05
-6.334847e-05
9.234593e-06
5.071483e-05
-1.308292e-05
-9.706044e-05
-8.938186e-05
-1.20233e-05
7.373428e-05
0.0001538789
0.0002242155
0.0001616828
-0.0001000201
-0.0002814504
-0.0001728213
8.125369e-06
-5.568255e-06
-0.0001198194
-0.0001416094
-3.751105e-05
1.920719e-05
1.814295e-05
0.0001387366
0.0002038051
0.0001340328
4.478362e-07
-0.0001264419
-0.0001251905
-4.252252e-05
-1.087847e-05
-6.591206e-06
2.164075e-06
4.286421e-05
7.290088e-05
0.0001193655
0.0002244795
0.0002176097
5.696727e-05
-7.009085e-05
-8.46677e-05
6.750201e-06
9.177797e-05
-4.287835e-05
-0.0001822895
-0.0001362533
-3.407639e-05
-3.638912e-05
-2.133588e-05
0.000103504
0.0002228477
0.0001610702
6.381662e-05
8.124032e-06
-9.526894e-05
-0.0001451626
-6.50582e-05
2.267209e-06
-0.0001058427
-0.0001201067
3.618058e-05
9.481314e-05
-4.891606e-05
-0.0001702841
-7.982135e-05
7.575325e-05
0.0001439692
0.000115031
3.548432e-05
-8.299908e-06
4.793742e-05
8.494713e-05
9.721925e-07
-6.830756e-05
2.190843e-05
0.0001342805
8.906489e-05
2.644719e-05
-9.976812e-06
-5.119776e-05
-6.213837e-05
-5.86781e-05
-2.639581e-05
3.11464e-05
0.0001534916
0.0001670867
1.03254e-05
-7.103534e-05
6.751013e-05
0.0002615129
0.0002298375
-1.485857e-05
-0.0001371249
-4.961514e-05
0.0001234914
0.0001793204
5.991243e-05
-6.483443e-05
-0.0001022444
-4.143282e-05
7.279084e-05
0.0001431453
0.0001410859
8.835131e-05
2.749247e-05
1.668856e-05
2.598521e-05
6.701909e-05
1.069986e-05
-7.650563e-05
1.041435e-05
0.0001285013
0.0001087522
-1.324971e-05
-9.231003e-05
-3.663998e-05
6.319713e-05
4.590214e-05
-2.72672e-05
4.239841e-05
0.0002188152
0.0002440601
5.22527e-06
-0.0002172865
-0.0001919323
-0.0001376668
-0.0002841668
-0.0001998099
0.0001144656
0.0001844489
2.406261e-06
-0.0001686609
-0.0001822364
-6.50781e-05
4.854984e-05
5.496407e-05
5.826992e-06
3.478525e-05
3.282589e-05
-6.974606e-05
-8.939247e-05
-3.090812e-05
-4.703699e-05
-0.0001568671
-0.0002226018
-9.277273e-05
5.7165e-05
0.0001032294
3.292262e-05
-4.81185e-05
-7.115387e-05
-5.583491e-05
-2.045043e-05
-9.059791e-05
-0.0001551926
-0.000122274
-4.734519e-05
-1.638513e-05
-6.633196e-05
-2.193105e-05
8.434694e-05
4.726978e-05
2.499126e-06
1.615718e-05
6.509656e-06
-1.883339e-05
-7.886361e-05
-8.750981e-05
3.193946e-05
9.815442e-05
-9.91632e-05
-0.0003563391
-0.0002898665
-8.96018e-05
-3.919255e-05
-7.201564e-05
1.473456e-05
0.0001535264
6.821393e-05
-3.029204e-05
7.407645e-05
0.0001938382
9.325315e-05
-6.171371e-05
5.239052e-05
0.0002742677
0.0002939497
0.0001123052
-3.081221e-05
1.004905e-05
7.552651e-05
3.612675e-05
-3.969823e-05
-5.231949e-05
-6.183756e-05
-0.000103081
-0.0001015775
-5.749437e-05
-3.874991e-06
3.636893e-05
1.838907e-06
-4.605763e-05
-5.997373e-05
-7.260746e-05
-0.0001492214
-0.0003577459
-0.0005480429
-0.0006085937
-0.0006317311
-0.0006335775
-0.0005061007
-0.0003107605
-0.0002249495
-0.0002166037
-0.0001150997
8.87918e-05
0.0001600733
2.75461e-05
-6.213491e-05
2.570091e-05
0.0001965823
0.0003194656
0.0004724311
0.000666958
0.0006178654
3.566796e-05
-0.0006605624
-0.0009837574
-0.00096523
-0.0008421546
-0.0007150694
-0.0003241558
0.0002000808
0.0003605494
-4.094211e-05
-0.0005612291
-0.0008644093
-0.001020427
-0.001097184
-0.001091658
-0.00100408
-0.0009200926
-0.000817773
-0.0005559586
-0.0002370254
-0.0001618468
-0.0003518229
-0.0007459199
-0.001327872
-0.001767618
-0.001777919
-0.001169669
-0.0002755397
0.0002878937
0.0002972577
2.066768e-05
-0.0001102692
7.256634e-05
0.0002316627
0.0001279068
-0.0002270643
-0.0009244916
-0.002024259
-0.003127647
-0.003646145
-0.003442174
-0.003056417
-0.003149368
-0.003866194
-0.004800168
-0.00550252
-0.005695031
-0.005163465
-0.004031901
-0.002711591
-0.001602951
-0.0009964701
-0.0009480602
-0.00123206
-0.001525895
-0.001719531
-0.002031619
-0.002653283
-0.003377408
-0.003592609
-0.002829501
-0.001282726
0.000396662
0.001600439
0.002060552
0.001700803
0.0006635505
-0.0004098071
-0.001016352
-0.001053438
-0.0005737229
0.0003141672
0.001464497
0.002694355
0.003823324
0.004713212
0.005454143
0.006281434
0.007156635
0.007593591
0.007285684
0.006704762
0.006461158
0.006288492
0.005548932
0.004266727
0.002778879
0.00158155
0.001324217
0.002243013
0.004287399
0.006816863
0.008706039
0.009318098
0.008746158
0.007819617
0.007057569
0.006535407
0.00624564
0.005839702
0.00500399
0.003694787
0.002241218
0.001063899
0.0004583752
0.0004488427
0.0006796099
0.0009403559
0.001429291
0.002204715
0.002790595
0.002427618
0.0007622993
-0.001753069
-0.004269504
-0.005914086
-0.00600492
-0.004371216
-0.001635908
0.001302009
0.003747342
0.00528012
0.005617456
0.004547037
0.002185871
-0.0007967609
-0.003301445
-0.004329354
-0.003614253
-0.001639128
0.0005249304
0.001585504
0.000841874
-0.001650819
-0.005188705
-0.008813078
-0.01159192
-0.01285527
-0.01259713
-0.01124622
-0.0096654
-0.00869528
-0.008958062
-0.01053848
-0.01258383
-0.01336384
-0.01191042
-0.00865554
-0.004744227
-0.001379884
0.000877022
0.001918781
0.001842748
0.0007419081
-0.001384577
-0.004476192
-0.008292857
-0.01218817
-0.01526002
-0.01646471
-0.0151446
-0.01164972
-0.007014871
-0.002691019
-2.0836e-05
0.0005091076
-0.0006171973
-0.002289948
-0.003455898
-0.003528521
-0.002633336
-0.001018939
0.00113909
0.003187428
0.004638126
0.005815311
0.006957212
0.007986132
0.008633133
0.008547932
0.00779949
0.007090701
0.007251182
0.008624885
0.01051628
0.01180197
0.01175331
0.009964243
0.006748525
0.0036605
0.002560575
0.004646056
0.01015486
0.01816852
0.02670593
0.03363077
0.03729446
0.03696125
0.03317961
0.02744349
0.02183514
0.01821964
0.01713565
0.01800443
0.01971438
0.02118632
0.02119411
0.01861513
0.01351233
0.007348218
0.001845203
-0.00215133
-0.004771208
-0.006754908
-0.008624461
-0.01032096
-0.01178837
-0.01339005
-0.01520946
-0.0165602
-0.01659745
-0.01485257
-0.01130646
-0.006232309
-0.0002962199
0.005389278
0.009512639
0.01125281
0.01074086
0.008683076
0.005928111
0.003260196
0.001503365
0.001105358
0.001434185
0.001336912
0.0004818089
-0.0002403019
0.0004254724
0.002889422
0.006664505
0.01078582
0.01377559
0.01375097
0.009571503
0.002133594
-0.006043443
-0.01264955
-0.01708802
-0.01989534
-0.02129362
-0.02120982
-0.01993564
-0.0179736
-0.01590362
-0.01424924
-0.01357041
-0.01466292
-0.01767051
-0.02162957
-0.0249376
-0.02617456
-0.02459825
-0.02051305
-0.01485802
-0.008813832
-0.003693125
-0.0002700385
0.002077165
0.004916818
0.009053736
0.01357294
0.01672008
0.01720252
0.01454686
0.009234899
0.002708918
-0.003060934
-0.006636611
-0.00778205
-0.007046021
-0.005516916
-0.004475593
-0.004699833
-0.006348056
-0.009280172
-0.01340308
-0.01851682
-0.02402321
-0.02892372
-0.03215226
-0.03296053
-0.03122486
-0.02753681
-0.02307001
-0.0188867
-0.01504461
-0.01117449
-0.007401963
-0.003999707
-0.001222743
0.0004928373
0.0009415661
0.0005756219
9.804757e-05
0.0001470119
0.001050984
0.002127596
0.002463761
0.002124066
0.002099284
0.003157469
0.004655723
0.004656958
0.001645221
-0.004231988
-0.01130437
-0.01720869
-0.01981518
-0.01793423
-0.01251623
-0.006496359
-0.002768239
-0.002623517
-0.005392012
-0.00905935
-0.01183525
-0.01273011
-0.01134567
-0.007394299
-0.001274517
0.005492804
0.01105617
0.01353698
0.01231628
0.008515931
0.004422973
0.002495309
0.004160626
0.00943359
0.01703455
0.02488708
0.0306322
0.03260494
0.03073522
0.02644883
0.02163191
0.01759552
0.01497151
0.01362259
0.01315166
0.0132234
0.01346233
0.0137367
0.013838
0.01305309
0.0109144
0.007810054
0.004506172
0.001410009
-0.001960547
-0.006159917
-0.01071018
-0.01408803
-0.01474229
-0.0117842
-0.005347438
0.003476805
0.01257609
0.01941163
0.02261509
0.02306175
0.02281221
0.0229633
0.02305248
0.02189319
0.01834394
0.01208142
0.00394207
-0.004052153
-0.009129149
-0.009171601
-0.004389025
0.002330917
0.007341015
0.007900621
0.003520803
-0.003691069
-0.01074364
-0.01574377
-0.01841055
-0.01936001
-0.01948079
-0.01935299
-0.01867549
-0.01656803
-0.01262193
-0.007571252
-0.003006865
-0.0001166406
0.0009775473
0.0007545711
0.0002463158
0.0002466661
0.0008122673
0.001201816
0.0003357919
-0.001756021
-0.003095685
-0.001407496
0.003659964
0.009797869
0.01368996
0.01345869
0.01015447
0.006564989
0.00457245
0.004324166
0.004507868
0.003267306
-0.0001661278
-0.004811074
-0.009055939
-0.01177052
-0.01280898
-0.01331149
-0.01453974
-0.0167794
-0.0194755
-0.02177839
-0.0228901
-0.0222745
-0.01997703
-0.01705063
-0.0152631
-0.01534761
-0.01634529
-0.01670194
-0.01530729
-0.01207636
-0.00810338
-0.004579578
-0.001576035
0.001792898
0.00682881
0.01444604
0.02405055
0.03348035
0.03965949
0.0399142
0.03365529
0.02278861
0.01044198
-0.0008601949
-0.01026837
-0.01822795
-0.02500198
-0.02955183
-0.03009681
-0.02570851
-0.01711686
-0.006809974
0.001924074
0.006744545
0.007363663
0.005427368
0.003445666
0.002776329
0.003024623
0.003304597
0.003477925
0.004556337
0.008441393
0.01640779
0.02746782
0.03841621
0.04550594
0.04627068
0.04052592
0.03048983
0.01988147
0.01234272
0.01015816
0.0132157
0.01914346
0.02487655
0.0283907
0.02916974
0.02756422
0.02404787
0.01917072
0.01374433
0.00889978
0.005952684
0.005603985
0.007677287
0.01108338
0.01371035
0.01302936
0.007608794
-0.001608328
-0.01172795
-0.01954413
-0.02336326
-0.02323965
-0.02007568
-0.01494552
-0.008670207
-0.001978342
0.00437101
0.009409845
0.01182198
0.01058697
0.0062412
0.000662458
-0.003354718
-0.003140922
0.002248265
0.01118645
0.02022537
0.02613818
0.0272974
0.02353546
0.01633778
0.008667188
0.003339461
0.001235466
0.0009786213
0.0001751678
-0.002493175
-0.006601989
-0.01112038
-0.01560622
-0.02051872
-0.02626559
-0.03201524
-0.03596357
-0.0361301
-0.03121812
-0.02160743
-0.009897236
6.852578e-05
0.004887651
0.003475156
-0.00276896
-0.01110054
-0.01870108
-0.02370588
-0.02574802
-0.02556812
-0.02397258
-0.02160032
-0.01925212
-0.01775077
-0.0174807
-0.0184274
-0.02050794
-0.02372076
-0.02774652
-0.03176301
-0.03472585
-0.03587727
-0.03509169
-0.03309143
-0.03105475
-0.03006149
-0.030555
-0.03187774
-0.03253317
-0.03112571
-0.02726826
-0.02165234
-0.01554391
-0.01025552
-0.006789893
-0.005757294
-0.006840777
-0.008982844
-0.01088821
-0.01118041
-0.008875874
-0.003923741
0.002448392
0.008315554
0.01186194
0.01157851
0.00684581
-0.001241764
-0.009972682
-0.01601928
-0.01677812
-0.01171867
-0.002747374
0.007327655
0.01637604
0.02376055
0.02965796
0.03371529
0.03488234
0.03256224
0.02762789
0.02232723
0.01946821
0.02123701
0.02848635
0.03954865
0.05051383
0.05690488
0.0556627
0.04629874
0.03069474
0.01228964
-0.004669776
-0.015825
-0.01803485
-0.01070511
0.004071474
0.02202221
0.03813318
0.04801389
0.04944655
0.04302113
0.03117245
0.01733361
0.004720705
-0.004657362
-0.01045664
-0.0135713
-0.01533947
-0.01689842
-0.01830907
-0.01891324
-0.0186331
-0.01843883
-0.01991544
-0.02448476
-0.03235167
-0.04240038
-0.05242522
-0.05946744
-0.06111175
-0.05684819
-0.04819011
-0.03763544
-0.02728132
-0.01871034
-0.01268424
-0.008396951
-0.00418226
0.001329735
0.008665215
0.0172448
0.02585305
0.03386351
0.04141052
0.04852527
0.05472943
0.05926607
0.06172512
0.06242849
0.06215128
0.06139986
0.06008775
0.0576592
0.05360098
0.04772319
0.04022726
0.03173154
0.0228451
0.01397959
0.005392697
-0.003325723
-0.01306172
-0.02421335
-0.03573008
-0.04511128
-0.04976792
-0.04831114
-0.04138154
-0.03154924
-0.02183214
-0.01410288
-0.008196093
-0.001999622
0.00698909
0.02018971
0.03706267
0.05504299
0.07075965
0.08153555
0.0863766
0.0862629
0.08386553
0.08208709
0.08271748
0.08613988
0.09152464
0.09744428
0.1019657
0.1030629
0.09974441
0.09231394
0.08146277
0.06828471
0.05424698
0.04113765
0.03080872
0.0246557
0.02316801
0.02543502
0.0287957
0.02957113
0.02464154
0.01324682
-0.002607464
-0.01941826
-0.03397261
-0.04443538
-0.05008563
-0.05094146
-0.04810614
-0.04400948
-0.0419121
-0.04461494
-0.05326015
-0.06767158
-0.08666478
-0.1082851
-0.1298922
-0.1478969
-0.158084
-0.1568064
-0.1426658
-0.1179689
-0.08822783
-0.06040506
-0.04081398
-0.0330088
-0.03682503
-0.04838048
-0.06137512
-0.07034651
-0.07332572
-0.0716144
-0.06864794
-0.067572
-0.06923484
-0.0713672
-0.069581
-0.05999704
-0.04084546
-0.01306289
0.01963583
0.05169082
0.07782457
0.09485987
0.1021228
0.1007234
0.09254608
0.08000629
0.06609443
0.05361358
0.04425861
0.0384666
0.03556889
0.03395521
0.0321544
0.02939835
0.02612374
0.02428302
0.02601485
0.0316892
0.0393139
0.04598253
0.04954545
0.04889368
0.04420693
0.03721562
0.03033054
0.02542174
0.02300455
0.02217794
0.02140758
0.01889649
0.01243933
-0.0003783645
-0.02120562
-0.04979131
-0.08348102
-0.118247
-0.1499305
-0.1749638
-0.1909127
-0.1971735
-0.1954859
-0.1896103
-0.1837663
-0.1807256
-0.18133
-0.1849702
-0.1905369
-0.1970749
-0.2036592
-0.207897
-0.2045055
-0.1878847
-0.1561121
-0.1127067
-0.06530701
-0.02225467
0.01042006
0.03012405
0.03818446
0.03874116
0.03680871
0.0370263
0.04290263
0.05631292
0.07697457
0.1026687
0.1302874
0.1566166
0.1789777
0.1957792
0.2063864
0.2113566
0.2119157
0.2091381
0.203361
0.1942168
0.1811941
0.1645876
0.1461648
0.1290893
0.1166179
0.1108975
0.1120949
0.118118
0.1257522
0.1322316
0.1349834
0.1319924
0.1229414
0.1087419
0.09091411
0.07124845
0.0516399
0.03347112
0.01743761
0.003647346
-0.008522095
-0.0203084
-0.03278891
-0.04665108
-0.06168432
-0.07599915
-0.08686601
-0.092419
-0.09250832
-0.08851833
-0.08264646
-0.07668938
-0.0710972
-0.06509194
-0.0576501
-0.04817184
-0.03693032
-0.02555834
-0.01647302
-0.0117902
-0.01243492
-0.01706751
-0.02236754
-0.0246664
-0.02090648
-0.01000228
0.006344172
0.02456939
0.04073034
0.0513743
0.05376352
0.04604953
0.027724
0.0003713179
-0.0322009
-0.06483175
-0.09229564
-0.1106239
-0.1178953
-0.114521
-0.1028847
-0.08671677
-0.07046929
-0.0586304
-0.05414819
-0.05705038
-0.06494905
-0.07450493
-0.08259182
-0.08694148
-0.08691838
-0.08350303
-0.07834946
-0.0728115
-0.06745741
-0.06227756
-0.05728138
-0.0527687
-0.04948294
-0.04814209
-0.04915499
-0.05246797
-0.05758271
-0.06396435
-0.07104187
-0.07794358
-0.08373469
-0.08679329
-0.08392596
-0.07133542
-0.04731821
-0.01391943
0.02336969
0.05736115
0.08176361
0.09322843
0.09186455
0.08044131
0.06354848
0.04630242
0.03282511
0.02506122
0.02305916
0.02566741
0.03093838
0.03645239
0.03981462
0.03888219
0.03241122
0.01989204
0.001604102
-0.02081694
-0.04467547
-0.06722078
-0.08578766
-0.09829056
-0.1037638
-0.1025548
-0.09622478
-0.0873295
-0.07886505
-0.07282677
-0.06919723
-0.06621381
-0.06128881
-0.05232459
-0.03857453
-0.02069966
-0.0002773687
0.02103365
0.04183236
0.06119863
0.07911535
0.09624982
0.1131765
0.1294871
0.1440573
0.1556542
0.1632238
0.1660731
0.1639641
0.157212
0.1474987
0.1373596
0.1290507
0.1236151
0.1206755
0.1187243
0.1156965
0.1090582
0.09692686
0.07876633
0.05525051
0.02827496
0.0003117876
-0.02642098
-0.0502691
-0.06994952
-0.08423749
-0.09193963
-0.092261
-0.08568735
-0.07407386
-0.05999771
-0.04623119
-0.03509579
-0.02717214
-0.02089649
-0.01350999
-0.002314381
0.01427925
0.03593781
0.06030436
0.08384839
0.10289
0.1140652
0.1152934
0.107079
0.0916032
0.07186887
0.05114489
0.03216357
0.01669588
0.005664428
-0.0006778281
-0.002654903
-0.0009618993
0.003305612
0.008247265
0.01153657
0.01103345
0.005404489
-0.005203818
-0.01946062
-0.03513021
-0.04951732
-0.0602565
-0.06587669
-0.06623966
-0.0621341
-0.05451544
-0.04441619
-0.03297028
-0.02143939
-0.01139928
-0.004228646
-0.000489555
0.0002029307
-0.0007604968
-0.001574687
-0.000305992
0.00471359
0.01376421
0.02529079
0.03636833
0.04349108
0.04344362
0.03452978
0.017721
-0.003559126
-0.02470095
-0.04180495
-0.05310306
-0.05845259
-0.05839512
-0.05413089
-0.04737938
-0.03984337
-0.03311209
-0.02847462
-0.02692517
-0.02888774
-0.03369105
-0.03938772
-0.04358866
-0.04391224
-0.03791038
-0.02397284
-0.002232345
0.02498476
0.05375139
0.07932585
0.09736784
0.1053179
0.1033293
0.09414233
0.0818971
0.0706583
0.06360793
0.06246398
0.06693603
0.07471995
0.08235062
0.08644272
0.08464625
0.07609817
0.06134343
0.04191076
0.01972632
-0.002765657
-0.02285165
-0.0380521
-0.04647481
-0.04714958
-0.04117356
-0.03189046
-0.02365736
-0.02020751
-0.02321404
-0.03157435
-0.04205359
-0.05043021
-0.05293361
-0.04831836
-0.03818163
-0.02513849
-0.01192596
-0.0005238553
0.008497407
0.01619221
0.02414516
0.03302576
0.04220504
0.0499618
0.05442137
0.05486418
0.05212071
0.04801427
0.0447364
0.04433462
0.04787535
0.05504481
0.06439527
0.07381805
0.08088928
0.08313454
0.07876528
0.06734275
0.04975352
0.02804041
0.004857104
-0.01707865
-0.03503038
-0.04720582
-0.05348421
-0.05510262
-0.05417565
-0.05328905
-0.05466821
-0.05951349
-0.06763858
-0.07714573
-0.0851461
-0.089413
-0.08924307
-0.08529434
-0.0789005
-0.07163792
-0.06504824
-0.05969511
-0.0554222
-0.05200686
-0.04947268
-0.04811864
-0.04807539
-0.04941345
-0.05187556
-0.05442779
-0.05525835
-0.052591
-0.04564388
-0.03532168
-0.023778
-0.01369612
-0.007874605
-0.008065867
-0.01404558
-0.02395824
-0.03514456
-0.04497938
-0.05165101
-0.05441796
-0.05333434
-0.04919751
-0.04270212
-0.03390201
-0.0229636
-0.01073849
0.001279864
0.01145823
0.01843802
0.0215899
0.02136752
0.01931742
0.01765071
0.01807783
0.0211903
0.02643278
0.03216181
0.03664567
0.03861663
0.03762014
0.03423138
0.02995401
0.02638141
0.02478787
0.0259774
0.02986554
0.03536455
0.04102388
0.04549057
0.04818041
0.04936312
0.04952706
0.04901462
0.04798993
0.04639415
0.04447058
0.0432048
0.04409055
0.04818727
0.055586
0.06538248
0.07601667
0.0853832
0.09136924
0.09255425
0.08874302
0.08106037
0.07140136
0.06177799
0.05392688
0.04908803
0.04783056
0.0501411
0.05536913
0.06256019
0.07031873
0.07707579
0.08144584
0.082268
0.07896215
0.0711889
0.05843218
0.04044243
0.01829874
-0.005126356
-0.0261434
-0.04112823
-0.04745535
-0.04520387
-0.03727444
-0.02779664
-0.0202772
-0.01719597
-0.01982852
-0.02746931
-0.0379449
-0.04824755
-0.055403
-0.05790292
-0.05570847
-0.05008452
-0.04320212
-0.03737059
-0.03437158
-0.03492083
-0.03868775
-0.04467882
-0.05139557
-0.05744465
-0.06204367
-0.06496606
-0.06638853
-0.06681927
-0.06674946
-0.06663436
-0.06658015
-0.06647198
-0.06606375
-0.06459982
-0.06142467
-0.05638469
-0.04958312
-0.04171342
-0.03406845
-0.02815423
-0.02495813
-0.02453316
-0.02608651
-0.02856128
-0.03141801
-0.03426752
-0.03665172
-0.03825428
-0.03862164
-0.03689068
-0.03233336
-0.02540416
-0.01747449
-0.01035303
-0.005679546
-0.004305454
-0.006065206
-0.009716608
-0.01326983
-0.0149151
-0.01381633
-0.01038906
-0.006035151
-0.002752842
-0.00259995
-0.006502036
-0.01355464
-0.02203331
-0.02954316
-0.03344319
-0.03200683
-0.0250619
-0.01423338
-0.001958521
0.009725892
0.0194635
0.02681162
0.03208385
0.03607799
0.03978327
0.04390904
0.04880972
0.0543643
0.06010386
0.06558601
0.07026522
0.07306483
0.07321365
0.07060063
0.06533014
0.05803813
0.04985215
0.04184868
0.03497799
0.02972994
0.02635253
0.02477899
0.02496025
0.02644795
0.02818462
0.02893714
0.02781598
0.02463527
0.01987287
0.0142575
0.008608946
0.004110005
0.001848873
0.002550325
0.006484151
0.01301723
0.02107347
0.02970461
0.03789916
0.04427239
0.047195
0.04533065
0.03829587
0.02704178
0.01374599
0.0008957873
-0.009502966
-0.01603926
-0.01820554
-0.01704938
-0.01442418
-0.01207845
-0.01127559
-0.01261574
-0.01567872
-0.01920733
-0.02214232
-0.02433774
-0.02617416
-0.0280636
-0.03068911
-0.0346252
-0.03976223
-0.04549287
-0.05069509
-0.0540566
-0.05497653
-0.05388036
-0.05221237
-0.05177269
-0.0539131
-0.05887378
-0.06587219
-0.07316688
-0.07845521
-0.07987208
-0.0765457
-0.06891611
-0.05849555
-0.04727332
-0.03722958
-0.03021358
-0.02736535
-0.02835956
-0.03172265
-0.03535655
-0.03725827
-0.0363355
-0.03268212
-0.02716958
-0.02086364
-0.01460219
-0.008658979
-0.002638592
0.004122012
0.01158853
0.01856585
0.02335219
0.02477687
0.02267658
0.01796901
0.01238056
0.008163589
0.007171609
0.009866664
0.01557635
0.02328167
0.03166128
0.03930646
0.04483144
0.04689715
0.04465529
0.03749536
0.02562633
0.01106106
-0.002750418
-0.01224148
-0.015098
-0.01099304
-0.001783261
0.008902961
0.01665233
0.01814095
0.01245774
0.00103774
-0.01308523
-0.02640141
-0.03578829
-0.03941379
-0.03749098
-0.03182132
-0.02448744
-0.01715435
-0.01076234
-0.005710449
-0.001938341
0.001001872
0.003810857
0.006999945
0.01086731
0.01520897
0.01919498
0.0219425
0.02307417
0.02287358
0.02227366
0.02266632
0.02494837
0.02911373
0.03421427
0.03840099
0.03960485
0.03619684
0.02777983
0.01575614
0.00323678
-0.006173654
-0.009879093
-0.006867307
0.00155849
0.0121058
0.02125593
0.02641662
0.02627034
0.02102732
0.01215205
0.001669629
-0.008389714
-0.01651298
-0.02232448
-0.0260973
-0.0283212
-0.02951174
-0.02976528
-0.02893817
-0.0271948
-0.02496353
-0.02268191
-0.02026646
-0.0173831
-0.01406247
-0.01063164
-0.007693655
-0.005856439
-0.005926218
-0.008280502
-0.01208289
-0.01570495
-0.0175024
-0.01681112
-0.01433035
-0.0115717
-0.01008276
-0.0108259
-0.01381682
-0.01797562
-0.02163458
-0.02345956
-0.02305084
-0.0208156
-0.01763213
-0.01394796
-0.009517842
-0.003888116
0.003363997
0.01182046
0.02031834
0.02736216
0.03168728
0.03283887
0.03129331
0.02834001
0.02596706
0.02615685
0.02987099
0.03672033
0.04517366
0.05338103
0.05992154
0.06422061
0.06601783
0.0653729
0.06249651
0.05754826
0.05103533
0.04360129
0.0357315
0.02770138
0.01975883
0.01230885
0.005984675
0.001547548
-0.0007200958
-0.001567951
-0.002096317
-0.003238324
-0.005652032
-0.009679533
-0.01494381
-0.02045521
-0.02516146
-0.0281509
-0.0291018
-0.02869788
-0.02781939
-0.02683183
-0.02575153
-0.02385014
-0.02040594
-0.01550104
-0.009581298
-0.00327493
0.002705478
0.007743399
0.01189105
0.01558582
0.01906705
0.02262725
0.02638972
0.03001184
0.03323644
0.03616646
0.03843187
0.03949769
0.03932497
0.03802618
0.03547373
0.03172239
0.02703992
0.02131727
0.014617
0.007719297
0.001543909
-0.003091109
-0.005592442
-0.005965576
-0.005092449
-0.004399679
-0.005014148
-0.007593972
-0.01242319
-0.0188968
-0.02542547
-0.03049411
-0.03333489
-0.03386821
-0.03246944
-0.02954617
-0.02545388
-0.02073427
-0.01598959
-0.0121096
-0.01024057
-0.01121691
-0.0152758
-0.02174588
-0.02922173
-0.03618089
-0.04118295
-0.04298192
-0.04092125
-0.03540915
-0.02812421
-0.02107323
-0.01568916
-0.01291893
-0.01282841
-0.0145253
-0.01678243
-0.01878339
-0.02010389
-0.02035186
-0.01920679
-0.01648555
-0.01198757
-0.005857569
0.001372821
0.008851302
0.015124
0.01874297
0.01935978
0.01781786
0.01547597
0.01366864
0.01331976
0.0144989
0.0162783
0.01747486
0.01745541
0.01641748
0.01534114
0.0154042
0.0172145
0.02049568
0.02430444
0.02750488
0.02880322
0.02716049
0.02276859
0.01694559
0.01172594
0.008880984
0.00934868
0.01304765
0.01863628
0.0236592
0.02583022
0.02406564
0.01849464
0.01041641
0.00188314
-0.004963155
-0.008961477
-0.01009818
-0.008923377
-0.006250444
-0.003042315
-0.0001357382
0.001773555
0.002434159
0.001657158
-0.0008304808
-0.005046641
-0.01073951
-0.01739451
-0.02435056
-0.03066379
-0.03515867
-0.03681684
-0.03511367
-0.03049561
-0.02406211
-0.01685082
-0.01032436
-0.006119125
-0.005189656
-0.007437722
-0.01192524
-0.01731937
-0.02234871
-0.0257327
-0.02653647
-0.02474633
-0.02123406
-0.01726906
-0.01377341
-0.01136669
-0.01046533
-0.01112171
-0.01262576
-0.01382353
-0.0138851
-0.01249255
-0.009722276
-0.006062968
-0.002347745
0.0002926022
0.0008839414
-0.0008703455
-0.004075296
-0.007364775
-0.009894667
-0.01163541
-0.01274656
-0.0133188
-0.01343137
-0.01281477
-0.01070312
-0.006281777
0.000268694
0.007560932
0.01380439
0.01746981
0.01777551
0.01530564
0.01184461
0.009618309
0.01029086
0.01424982
0.02063848
0.02780869
0.03396242
0.03796615
0.03929356
0.03806659
0.03504484
0.03101517
0.02624966
0.02107093
0.01622317
0.01283103
0.01195618
0.01393341
0.01813917
0.02296219
0.02639332
0.02673576
0.02307122
0.01581708
0.006817944
-0.001790012
-0.008235537
-0.01146244
-0.0114121
-0.00856701
-0.003817069
0.001586691
0.006348471
0.00933519
0.009852035
0.007711244
0.00329483
-0.00254786
-0.008608195
-0.01323205
-0.01440462
-0.01119378
-0.004293785
0.004579427
0.01302639
0.01852439
0.01930267
0.01503032
0.007275504
-0.001063871
-0.007324716
-0.01026949
-0.01041083
-0.009441205
-0.009020708
-0.01013108
-0.01277549
-0.01616897
-0.0194639
-0.02213569
-0.02427925
-0.02679114
-0.03047725
-0.03540967
-0.04083056
-0.04504957
-0.04685322
-0.04583509
-0.04208955
-0.03631949
-0.02982991
-0.0240181
-0.01977635
-0.01731489
-0.01600699
-0.0150937
-0.01416599
-0.01324189
-0.01243635
-0.01187
-0.01165066
-0.01152999
-0.0108163
-0.008924051
-0.005949053
-0.002731913
-0.0002207614
0.001083417
0.0006266849
-0.001707382
-0.005000024
-0.008016467
-0.009913556
-0.01034829
-0.009692624
-0.008748649
-0.008126673
-0.008141641
-0.008796208
-0.009588822
-0.009734136
-0.008657802
-0.006138796
-0.002195619
0.00293156
0.008852956
0.01470666
0.01935552
0.02206883
0.02285141
0.02182844
0.01930928
0.01598995
0.01292619
0.01103859
0.01080174
0.01247526
0.01617848
0.0213213
0.0265587
0.03043218
0.03199628
0.03093766
0.02765733
0.02335132
0.01954963
0.01743733
0.0173582
0.0188186
0.02084705
0.02238894
0.02280215
0.02205638
0.02074742
0.01981982
0.01992394
0.02112558
0.02292618
0.02464585
0.02584298
0.02630099
0.02588368
0.02449636
0.02224496
0.01923099
0.01559767
0.01191691
0.008946802
0.007431882
0.007529833
0.008621595
0.009735327
0.009797886
0.007970315
0.003900173
-0.002057421
-0.008861296
-0.01518605
-0.01989564
-0.022311
-0.0221141
-0.01957645
-0.01567402
-0.01118592
-0.006681429
-0.00279605
-0.0002027118
0.0007618989
0.0003171962
-0.001139178
-0.002793582
-0.003931509
-0.003897116
-0.002201791
0.0009609042
0.004905329
0.008840476
0.01209976
0.01407557
0.01440358
0.01311581
0.01029739
0.006070127
0.0009150427
-0.004558318
-0.009715295
-0.01389415
-0.01652056
-0.0173895
-0.01693155
-0.01578588
-0.01473321
-0.01474083
-0.01633264
-0.01921033
-0.0226322
-0.02591502
-0.02836936
-0.0294764
-0.02901749
-0.02699228
-0.02392471
-0.02030099
-0.01610735
-0.01145174
-0.006731101
-0.002076527
0.002224921
0.005344434
0.006403059
0.004979131
0.001463083
-0.003432482
-0.008685054
-0.01307447
-0.01566593
-0.01594157
-0.01352526
-0.008541788
-0.001851283
0.005262412
0.01148838
0.01570195
0.01718443
0.01576218
0.01179626
0.006354225
0.0008937482
-0.003338783
-0.005322021
-0.004417218
-0.0007213358
0.00502322
0.01156064
0.01738823
0.0212043
0.02223884
0.02039643
0.01634185
0.01153088
0.007339783
0.004663698
0.004031889
0.005018885
0.006756988
0.008600606
0.01017287
0.01129322
0.01183707
0.01191158
0.01171332
0.01134049
0.01116773
0.01176688
0.01331671
0.01597911
0.0196929
0.02378105
0.02747827
0.03018482
0.0315507
0.03168928
0.03116842
0.0306766
0.03064875
0.03133517
0.03274314
0.03437553
0.03562871
0.03617434
0.03573469
0.03432023
0.03201631
0.02887524
0.02529551
0.02192156
0.01924702
0.01735611
0.01599062
0.01496668
0.01405391
0.01264964
0.01029756
0.00701412
0.003128476
-0.001005683
-0.004999438
-0.008123834
-0.009769041
-0.009949875
-0.009123248
-0.007711602
-0.005933903
-0.004083265
-0.003058925
-0.003567083
-0.005483303
-0.008386488
-0.01176464
-0.01476858
-0.01649416
-0.01615521
-0.0133323
-0.008630719
-0.003524645
0.0003921842
0.001884693
0.0004185499
-0.003793584
-0.009945686
-0.01680619
-0.02299897
-0.02701677
-0.02786791
-0.02567001
-0.02138225
-0.01618226
-0.01126404
-0.007932569
-0.006933213
-0.007935864
-0.009869967
-0.01180175
-0.01309392
-0.0130575
-0.0113656
-0.008324138
-0.004317802
1.928781e-05
0.003956765
0.007181119
0.009447476
0.01041532
0.009946335
0.008119151
0.005447909
0.002893326
0.001016486
-0.000247933
-0.001167093
-0.002114418
-0.003615966
-0.005998062
-0.009120397
-0.01243338
-0.01524781
-0.01705342
-0.01777154
-0.01768422
-0.01749109
-0.01787389
-0.01893882
-0.02022546
-0.02128636
-0.02191186
-0.02225699
-0.02265219
-0.02305711
-0.0233335
-0.02373895
-0.02448518
-0.02536552
-0.0261991
-0.02700046
-0.0274273
-0.02698681
-0.02559817
-0.02346617
-0.02095289
-0.01830875
-0.01574233
-0.01355895
-0.01178624
-0.01026411
-0.008875006
-0.007541163
-0.006325394
-0.005403242
-0.004797349
-0.004323285
-0.003603993
-0.002367234
-0.0008650354
0.0001752488
2.222572e-05
-0.001611417
-0.004610166
-0.008499727
-0.01259677
-0.01598176
-0.01795257
-0.01841773
-0.01779032
-0.01627177
-0.01408041
-0.01178117
-0.009863616
-0.008688938
-0.008457185
-0.009118455
-0.01065613
-0.01306797
-0.01610646
-0.01917539
-0.02158493
-0.02282957
-0.02287184
-0.02188233
-0.02008624
-0.01802751
-0.01626757
-0.01519459
-0.01498608
-0.01569273
-0.01690758
-0.0179404
-0.01808526
-0.01700253
-0.01484913
-0.01210372
-0.009410027
-0.007481119
-0.006987276
-0.008005572
-0.01001417
-0.01239767
-0.01431375
-0.01489517
-0.01378631
-0.01135092
-0.008602742
-0.006832223
-0.006783746
-0.008508917
-0.01154686
-0.01509907
-0.01835054
-0.02036119
-0.02041266
-0.01840738
-0.01468703
-0.009753814
-0.004304612
0.0007038535
0.004406479
0.006418734
0.006963846
0.006667533
0.006427245
0.007131797
0.009347355
0.01293989
0.01723064
0.02154053
0.02554635
0.02912385
0.03228742
0.03539269
0.03889139
0.04278446
0.04649664
0.04943133
0.05127953
0.05191315
0.05136602
0.04986845
0.04778746
0.04570261
0.04401966
0.0428547
0.04213595
0.04172435
0.04135943
0.0407171
0.03987529
0.03891002
0.03802426
0.03731768
0.03660954
0.03595871
0.03554323
0.03535212
0.03515543
0.03450918
0.03302821
0.0304351
0.02662658
0.0217559
0.01640157
0.01155757
0.00818646
0.007104935
0.008625397
0.01200117
0.0159392
0.0191392
0.02054304
0.0195932
0.01645223
0.01191429
0.00720162
0.003543313
0.001638435
0.00180002
0.004064347
0.007813152
0.01185403
0.01485623
0.0160392
0.015418
0.01341567
0.01043798
0.007119966
0.004609702
0.003346884
0.002972154
0.003126158
0.00358727
0.0040279
0.003815143
0.002415146
-0.0001726845
-0.003530221
-0.007109034
-0.0104688
-0.01279751
-0.01360101
-0.01345956
-0.01320304
-0.01333546
-0.01405008
-0.01524194
-0.0168198
-0.01848025
-0.01978764
-0.02054176
-0.02078079
-0.02054529
-0.01989796
-0.01897916
-0.01778288
-0.01628207
-0.01452503
-0.01256448
-0.01058483
-0.009108281
-0.00846159
-0.008526612
-0.009155281
-0.01027212
-0.01181535
-0.0134269
-0.01461502
-0.01514037
-0.01502766
-0.01429026
-0.0127738
-0.01075136
-0.008728805
-0.007142758
-0.006097027
-0.005513536
-0.005169018
-0.004653198
-0.003384517
-0.000828587
0.002928111
0.006893085
0.01004874
0.01156885
0.01088364
0.008015698
0.003816382
-0.0005908002
-0.004558003
-0.00778953
-0.01006244
-0.01122618
-0.01137973
-0.01083035
-0.00997337
-0.009231681
-0.008965096
-0.009183829
-0.009753888
-0.01040234
-0.01084522
-0.01097906
-0.01070862
-0.009946397
-0.008843524
-0.007739342
-0.006810431
-0.005885364
-0.00456094
-0.002476936
0.0002989928
0.003339772
0.006128872
0.008003278
0.008428004
0.007102525
0.004207082
0.0005283471
-0.00302276
-0.005348976
-0.005415733
-0.002991901
0.001329275
0.006494472
0.01129319
0.01475568
0.01625311
0.01545679
0.01299344
0.009831931
0.006792503
0.004597326
0.003950672
0.005171826
0.007908263
0.01129122
0.01431711
0.01626094
0.0167846
0.01575997
0.01331346
0.009938362
0.006475021
0.003475918
0.0009988536
-0.001084585
-0.002732192
-0.003957018
-0.004897976
-0.005496193
-0.005487836
-0.004909352
-0.004091593
-0.003416284
-0.003246182
-0.004042166
-0.005934808
-0.008575424
-0.01134223
-0.01350286
-0.01443391
-0.01368313
-0.01138224
-0.008071312
-0.004584079
-0.001844036
-0.0005741042
-0.001028314
-0.002912001
-0.005714229
-0.008757063
-0.01107932
-0.01211225
-0.01187509
-0.01073482
-0.008962143
-0.006766251
-0.004611005
-0.00309622
-0.002540245
-0.002965815
-0.004454681
-0.006680467
-0.008830032
-0.01021592
-0.01019927
-0.008615062
-0.005945136
-0.00272527
0.0005375037
0.003648446
0.006422707
0.008615303
0.01031996
0.01151848
0.01200922
0.01168459
0.01050034
0.008673426
0.006488723
0.004417713
0.003272711
0.003298161
0.004040589
0.004974557
0.005778306
0.006299359
0.006635586
0.006892416
0.007109201
0.00753252
0.008401223
0.009576752
0.01071076
0.01175712
0.01264422
0.01315333
0.0131187
0.01274341
0.01214285
0.01121398
0.009845494
0.008018248
0.005819644
0.003283017
0.0005586666
-0.001847636
-0.003405744
-0.003922276
-0.00341611
-0.002139484
-0.0006832339
0.0003029562
0.0001995442
-0.001282116
-0.003670869
-0.006146534
-0.008068867
-0.009027221
-0.00882126
-0.007361156
-0.004882391
-0.001994635
0.000800552
0.00299712
0.004183321
0.004160524
0.003092566
0.001360475
-0.0006548984
-0.002462626
-0.00392952
-0.00516222
-0.006006836
-0.006143227
-0.005619428
-0.00461659
-0.003428274
-0.002698016
-0.002701512
-0.003351919
-0.004360783
-0.005179468
-0.005044263
-0.003550013
-0.001016197
0.001981646
0.00496852
0.007276309
0.008348238
0.00811228
0.006531741
0.003592655
-0.0002615062
-0.004344969
-0.008040173
-0.01067227
-0.01180422
-0.01154352
-0.0104123
-0.009328476
-0.009181336
-0.01045066
-0.01317502
-0.01670085
-0.02022969
-0.02304717
-0.02418796
-0.02327849
-0.02087955
-0.01766225
-0.01406332
-0.01061802
-0.007836436
-0.006009939
-0.004729601
-0.003878
-0.003681075
-0.003790092
-0.003502509
-0.002752396
-0.001723292
-0.0005520835
0.0004106251
0.0009197276
0.001056184
0.001068932
0.001127334
0.001276236
0.001576739
0.001907506
0.001977856
0.001491153
0.0005022977
-0.0006199788
-0.001684996
-0.002703408
-0.003887319
-0.005191998
-0.006417041
-0.00763375
-0.008615578
-0.009322764
-0.01003206
-0.01052488
-0.01059022
-0.01001246
-0.008724452
-0.007178662
-0.005879603
-0.004879166
-0.003912524
-0.002870177
-0.001923743
-0.001115477
-0.0005190263
-0.000276692
-0.0004328129
-0.0007792188
-0.0008382062
-0.0005372009
2.29961e-06
0.000916496
0.002152024
0.003490593
0.004642851
0.005378584
0.005918238
0.006148805
0.005781528
0.004940334
0.004023411
0.003451343
0.003595225
0.004793639
0.006936765
0.009615068
0.01237901
0.01451668
0.01545722
0.0149167
0.01310271
0.01046696
0.007367951
0.004225802
0.001776447
0.0005763761
0.0004952141
0.001245456
0.002601893
0.004203557
0.005577069
0.006373159
0.006450463
0.0056862
0.003963513
0.001202808
-0.002039649
-0.004845041
-0.006631373
-0.007215752
-0.006610586
-0.005067575
-0.003109048
-0.001534954
-0.0009875775
-0.001630032
-0.003198767
-0.005259885
-0.007298157
-0.008688428
-0.009135055
-0.008777747
-0.007739793
-0.006067153
-0.00407465
-0.00233257
-0.001191067
-0.0009700016
-0.002087902
-0.004141505
-0.006379722
-0.00832355
-0.009567435
-0.009565053
-0.008142173
-0.005664495
-0.002674189
0.0002058155
0.002340285
0.003504522
0.003799684
0.003330434
0.002332322
0.001258503
0.0003953434
9.407922e-05
0.0005505148
0.001585786
0.003124772
0.005466544
0.00836295
0.01118732
0.01372188
0.0157604
0.01696752
0.01702815
0.01586839
0.01400034
0.01229958
0.01130272
0.01109199
0.01159798
0.01251347
0.013302
0.01345829
0.01262292
0.01076453
0.008199889
0.005357588
0.002620091
0.0002053708
-0.001801316
-0.003480664
-0.005126448
-0.006796512
-0.008242234
-0.009464284
-0.01062237
-0.01160065
-0.01192962
-0.01145765
-0.01052714
-0.009488078
-0.00845943
-0.00750203
-0.006772176
-0.006236025
-0.005807643
-0.005405785
-0.004960669
-0.004462881
-0.003764961
-0.002859549
-0.001967045
-0.001334882
-0.001046327
-0.00101445
-0.001108777
-0.00126265
-0.001482027
-0.001454422
-0.001051512
-0.0004941892
3.074994e-05
0.0004068165
0.0005369943
0.0003483154
-0.0003164395
-0.001569276
-0.003145218
-0.004532492
-0.005488505
-0.005873978
-0.005605679
-0.004584119
-0.002821631
-0.0006680389
0.001349722
0.002822473
0.003358213
0.002692601
0.0008377117
-0.001724806
-0.004170401
-0.005777524
-0.006218454
-0.00552181
-0.003758216
-0.001389
0.000574193
0.001609457
0.00168518
0.0009477243
-0.0001918191
-0.001147173
-0.001453402
-0.001126871
-0.0002850507
0.0009258679
0.002042637
0.002449377
0.001876259
0.0007193321
-0.0005451191
-0.001653668
-0.002277499
-0.002129725
-0.001091369
0.0007533228
0.002943036
0.004860492
0.00608773
0.006444434
0.005735649
0.00392131
0.001431685
-0.001167636
-0.003367277
-0.004636578
-0.004929143
-0.004735533
-0.004548537
-0.004596938
-0.00498611
-0.005734476
-0.006790839
-0.007924254
-0.008829712
-0.009265058
-0.008919818
-0.007721294
-0.005821925
-0.003519315
-0.001157509
0.001121942
0.00293494
0.003744123
0.003227272
0.001922056
0.0004917667
-0.0008403898
-0.001742256
-0.001725669
-0.0005962035
0.001331194
0.003435549
0.005151812
0.005999985
0.005602577
0.003893483
0.001258845
-0.001742688
-0.004483408
-0.006598993
-0.007903928
-0.008309919
-0.008073425
-0.007568583
-0.006652844
-0.005457827
-0.004543314
-0.004182695
-0.004297237
-0.004779885
-0.005320814
-0.005527551
-0.005041797
-0.003406919
-0.0008304927
0.002153634
0.005248309
0.008295636
0.01115356
0.01382563
0.01628981
0.01863003
0.0208329
0.02258754
0.02338703
0.02309536
0.02199232
0.02032429
0.01845736
0.01674584
0.01533098
0.01440516
0.01404594
0.01395057
0.01411681
0.01441246
0.01417745
0.01296205
0.01091059
0.008438129
0.006121081
0.004588927
0.00421618
0.005025475
0.006684903
0.008492671
0.009879409
0.01053425
0.01037481
0.009545805
0.008326007
0.006984438
0.005725272
0.00479283
0.004401633
0.004456036
0.004706059
0.00512934
0.005644807
0.006167997
0.006595937
0.006629546
0.006248702
0.005544734
0.004591373
0.003598517
0.00275501
0.002182954
0.001990854
0.002150886
0.002487217
0.002879759
0.003112065
0.002916103
0.00224292
0.001085786
-0.00058386
-0.002165204
-0.003150653
-0.003509896
-0.003340725
-0.002668175
-0.001658995
-0.0007500589
-0.0006081425
-0.001793741
-0.00416644
-0.007210673
-0.01019869
-0.0125218
-0.01385399
-0.01372899
-0.01198438
-0.009121264
-0.005766495
-0.002425942
0.0002494777
0.001782194
0.002036908
0.001334882
-9.50239e-05
-0.001813747
-0.003102795
-0.003533828
-0.003197139
-0.002232179
-0.0009772105
0.0002004798
0.00124526
0.001991129
0.002377162
0.002655419
0.003000099
0.003379115
0.003538456
0.003218666
0.002514856
0.001537903
0.0002137753
-0.001276458
-0.00258017
-0.003633088
-0.004572053
-0.005468152
-0.006282199
-0.007007707
-0.007982262
-0.009579694
-0.01154533
-0.01347288
-0.01504511
-0.01597798
-0.0162587
-0.01599767
-0.01525288
-0.01400386
-0.01220382
-0.00982331
-0.006930364
-0.003941595
-0.001235351
0.00102014
0.002685429
0.003682744
0.004213443
0.004702511
0.005395494
0.006386928
0.007407662
0.007904407
0.007552308
0.006420487
0.004901995
0.003446594
0.002077775
0.0006543183
-0.0006787104
-0.001784572
-0.00266144
-0.003377444
-0.004036058
-0.004601733
-0.005176386
-0.00596147
-0.007037305
-0.008244511
-0.009516765
-0.01075146
-0.01143919
-0.01118588
-0.0101876
-0.008871543
-0.007410048
-0.006049601
-0.005202831
-0.004978824
-0.005411565
-0.006428062
-0.007586836
-0.0082821
-0.007973147
-0.006451093
-0.003963855
-0.001087817
0.001537761
0.003557875
0.004910473
0.005626252
0.005774012
0.005556989
0.005345607
0.005393294
0.005708387
0.006022047
0.005807466
0.004779956
0.002978554
0.0006216752
-0.001967275
-0.004294048
-0.005781693
-0.006407923
-0.006528167
-0.006597784
-0.006996081
-0.007651344
-0.008150412
-0.008011482
-0.007057465
-0.005476019
-0.003580666
-0.001728735
-0.0002513482
0.0005601071
0.0006329719
0.0003931527
0.0002266444
0.0001554536
2.838143e-05
-0.0001662628
-0.0001431272
0.0002253326
0.0007056686
0.001035542
0.001100662
0.0008524766
5.841172e-05
-0.001599654
-0.00382763
-0.005929336
-0.007436804
-0.008096628
-0.007961928
-0.007261896
-0.006174893
-0.005187974
-0.004731472
-0.004835603
-0.005329296
-0.00605592
-0.006663679
-0.006778145
-0.006155906
-0.004726388
-0.002688949
-0.000204043
0.002492289
0.004989878
0.007075156
0.008599027
0.009422669
0.009783054
0.0100533
0.01028788
0.01022067
0.00993343
0.009689557
0.009446011
0.008963868
0.008100941
0.007066229
0.006123334
0.005425105
0.004952963
0.00445034
0.003922643
0.003419877
0.00287083
0.00229053
0.001593446
0.0008961061
0.0006221621
0.0007530039
0.0009277815
0.0007856023
0.0002730832
-0.0004000642
-0.001078409
-0.001406653
-0.001474885
-0.001475204
-0.001243307
-0.0005866522
0.0003575196
0.001408548
0.002527066
0.003671859
0.004694666
0.005589681
0.006483222
0.007240686
0.007809987
0.008240244
0.008485789
0.008405745
0.007895797
0.007085146
0.006318766
0.005722503
0.005249717
0.004697648
0.004023702
0.00338584
0.002774569
0.0020051
0.001010446
-0.000186483
-0.001638922
-0.003309051
-0.005065205
-0.006711461
-0.008093239
-0.008986978
-0.009131777
-0.008497894
-0.007315379
-0.005923816
-0.004419641
-0.002806826
-0.001121464
0.0003418427
0.001175234
0.001459178
0.001328279
0.0008803667
0.0002604943
-0.000259323
-0.0003878827
-0.0001003462
0.00058542
0.001558077
0.002649961
0.003697224
0.00473777
0.005724719
0.006339529
0.006434996
0.006179992
0.005697726
0.005002004
0.004255157
0.00368486
0.003464918
0.003804806
0.004851061
0.006252417
0.007533951
0.008436689
0.008877485
0.008863886
0.008419487
0.007595481
0.006797687
0.006566274
0.006979117
0.007647766
0.008434127
0.009379261
0.01033009
0.01102165
0.01131272
0.01121645
0.0108207
0.01016497
0.009279063
0.008353512
0.007563894
0.006439697
0.005176896
0.003855976
0.002504215
0.001034873
-0.0003429696
-0.001386503
-0.001963461
-0.002121338
-0.002041916
-0.00169477
-0.000919758
0.0002130168
0.001399812
0.002439933
0.003362218
0.004101831
0.004413834
0.00433325
0.004247121
0.004270943
0.004346462
0.004489671
0.004682778
0.004852326
0.004767234
0.004311965
0.003458435
0.00227709
0.0008519659
-0.0008437106
-0.002704931
-0.004385056
-0.005851081
-0.00715608
-0.008069234
-0.008276537
-0.007871082
-0.00718251
-0.006418496
-0.005820786
-0.005489922
-0.005429134
-0.005742314
-0.006237639
-0.006617368
-0.006692813
-0.006328585
-0.005514426
-0.004305168
-0.002895422
-0.001201651
0.0007274391
0.00235319
0.003348175
0.003699514
0.003400209
0.00251177
0.001293106
-0.0001639228
-0.001866366
-0.003597786
-0.005098499
-0.006356474
-0.007597697
-0.00899182
-0.01052977
-0.01210143
-0.01359313
-0.01492754
-0.01612814
-0.01713112
-0.01779994
-0.01805233
-0.01773673
-0.01666039
-0.01484609
-0.01259196
-0.01029733
-0.008390149
-0.007185734
-0.006869725
-0.007385574
-0.008460135
-0.009675303
-0.01066733
-0.01124141
-0.0111156
-0.009995835
-0.007980915
-0.005558842
-0.003288439
-0.001371684
-7.228324e-05
0.0002095513
-0.0003838715
-0.001439554
-0.002473009
-0.003052412
-0.003132172
-0.002841403
-0.00229183
-0.001619979
-0.001156301
-0.001065676
-0.001252306
-0.001612605
-0.001921837
-0.002075074
-0.001881566
-0.001110225
0.0001858842
0.001820732
0.003612064
0.005398099
0.007095049
0.008522278
0.009443762
0.009803513
0.009834195
0.009694944
0.009513788
0.009316773
0.008963935
0.008560503
0.008219059
0.007858513
0.007436981
0.006987672
0.006498135
0.005934376
0.005312179
0.004780653
0.004359095
0.003834373
0.003203331
0.002659577
0.002181528
0.001653376
0.001060345
0.000490941
-0.0001460706
-0.0009685659
-0.001878273
-0.00268386
-0.003287114
-0.00365909
-0.003805155
-0.003748884
-0.0035868
-0.003469793
-0.003539767
-0.003947212
-0.004577342
-0.005198729
-0.005691336
-0.006030869
-0.00623173
-0.006361476
-0.006585521
-0.006732641
-0.006566262
-0.006330855
-0.006274872
-0.00638445
-0.006554304
-0.006751739
-0.006881953
-0.006728854
-0.00609566
-0.004931048
-0.00342718
-0.001770828
-0.000135851
0.001308095
0.00251236
0.003468363
0.004141302
0.004487472
0.00453995
0.004426918
0.004316069
0.004276665
0.00428693
0.004273361
0.004206009
0.004094099
0.003854213
0.003278602
0.002332496
0.001337795
0.0004719577
-0.0003012612
-0.0009941064
-0.001542008
-0.001823157
-0.0017757
-0.00152682
-0.001224057
-0.0008936292
-0.0005431366
-0.0002035734
6.199747e-05
0.0002207439
0.000292985
0.000264564
0.0001943192
0.0002042058
0.0003697899
0.0006456239
0.0009385726
0.001297723
0.001681706
0.001910251
0.001910233
0.001725751
0.001560799
0.001468599
0.001378096
0.001379909
0.00150548
0.001652483
0.001790932
0.001992865
0.002237387
0.002491556
0.002796012
0.003080633
0.003270961
0.003377914
0.003443834
0.0034772
0.003374331
0.003062772
0.002621935
0.002169327
0.001769162
0.001558536
0.001512307
0.001493679
0.001455943
0.001393715
0.001335936
0.001294724
0.001260655
0.0012442
0.001309289
0.00147149
0.001625867
0.001741463
0.001862508
0.001974863
0.002011308
0.001934286
0.001785064
0.001629169
0.00149663
0.001386156
0.001318788
0.001331763
0.001437318
0.001567395
0.001640738
0.00162743
0.001518679
0.001309191
0.001048919
0.0007813247
0.0005869764
0.0005182336
0.0005257413
0.0005119272
0.0004183343
0.0002353443
-3.061597e-05
-0.0003351594
-0.0005979669
-0.0007642081
-0.0008162596
-0.0007862938
-0.0007237695
-0.0006430655
-0.0005625906
-0.0005540398
-0.0006529924
-0.0008069089
-0.0009483675
-0.00108627
-0.001250885
-0.001376777
-0.001427111
-0.001467248
-0.00152781
-0.001573572
-0.001591838
-0.001602153
-0.001616616
-0.001616289
-0.001580781
-0.001499786
-0.001377484
-0.001206712
-0.0009953814
-0.0007829634
-0.0006014271
-0.0004580287
-0.0003404627
-0.0002334671
-0.0001357551
-4.541439e-05
4.97579e-05
0.0001545487
0.000257829
0.0003389982
0.000392526
0.0004202986
0.0004213461
0.0004033364
0.000382355
0.0003751909
0.0003937068
0.0004280984
0.0004581416
0.0004692451
0.0004525038
0.0004154656
0.000369316
0.0003274055
0.0003088617
0.0003242786
0.000363832
0.0004108507
0.0004482001
0.000463815
0.0004485239
0.0003968708
0.0003194936
0.0002371435
0.0001651592
0.0001068039
6.297693e-05
3.504458e-05
1.773291e-05
5.78791e-06
-3.796759e-06
-1.272565e-05
-2.306945e-05
-3.623622e-05
-5.508985e-05
-7.980029e-05
-0.0001035983
-0.0001208155
-0.0001304009
-0.0001321686
-0.0001263706
-0.0001162322
-0.0001050604
-9.511375e-05
-8.755199e-05
-8.269437e-05
-8.051778e-05
-8.059253e-05
-8.221348e-05
-8.495076e-05
-8.782171e-05
-9.010859e-05
-9.161041e-05
-9.218803e-05
-9.204745e-05
-9.172697e-05
-9.17955e-05
-9.243264e-05
-9.392248e-05
-9.628818e-05
-9.897498e-05
-0.0001014265
-0.0001032521
-0.0001040298
-0.0001035982
-0.0001021163
-9.978733e-05
-9.685188e-05
-9.348217e-05
-8.987376e-05
-8.618946e-05
-8.251655e-05
-7.889673e-05
-7.529097e-05
-7.16955e-05
-6.812419e-05
-6.457658e-05
-6.102066e-05
-5.741718e-05
-5.378741e-05
-5.017428e-05
-4.660081e-05
-4.307202e-05
-3.95875e-05
-3.614178e-05
-3.2722e-05
-2.931308e-05
-2.590724e-05
-2.250505e-05
-1.910926e-05
-1.572193e-05
-1.234397e-05
-8.975562e-06
-5.616912e-06
