0.01141599
0.01077965
-0.00154792
-0.01360315
-0.007365708
0.004244077
0.003478202
-0.001506394
0.00098765
-0.008894986
-0.009862823
0.01524564
0.01287632
0.002348023
-0.003153715
-0.01652169
0.01004129
0.01516081
0.003767547
0.005963746
-0.007922394
-0.001195356
0.004655502
0.00049506
-0.004523202
-0.008708126
0.002494671
0.005071327
0.0008629432
0.001115019
-0.001102326
0.002260748
-0.003051277
0.0005729164
0.00305981
-0.003703677
0.005313255
0.005316448
0.00304096
0.0009205112
-0.002771758
-0.005700047
-0.01019404
-0.004815447
-0.0007536773
-0.004454108
-0.002155919
-0.001837551
0.002591417
0.001682724
0.003506612
0.007536758
0.0008966851
0.002996991
-0.0005310632
-0.002553598
0.005642227
0.01176235
-0.006595484
-0.00837118
0.003448703
-0.003804394
-0.006226771
0.006099031
-0.002028207
-0.007058726
0.002119355
-0.002565384
-0.004784783
-0.006264683
-0.0003098038
-0.001633644
-0.001845686
0.001237893
-0.001866869
0.005644529
0.003054866
-0.002969137
-0.00023848
0.004056856
0.008452153
0.001454048
0.001156323
-2.574201e-05
-0.009000607
-0.002761153
0.00164536
-0.001976546
-0.007369173
-0.00532906
0.001245972
0.0006208238
0.0002608754
0.001641047
-0.007254262
-0.004935692
0.008432538
-0.002998492
-0.005350502
0.001840607
0.002131415
0.002873064
0.004063512
0.0012984
-0.005567113
-0.006481946
0.00453722
0.005723587
-5.052717e-05
-0.001241782
-0.006791496
-0.005374611
0.002746733
0.002770297
-0.002263299
0.001609745
0.001316088
0.001288651
0.0005951532
-0.004821964
-0.003744743
-0.001949441
0.0007526397
-0.002693839
-0.002479539
0.003137701
0.008299001
0.0024086
-0.00765564
0.005830898
0.003303436
-0.001647545
0.01302219
0.00247957
-0.01109245
0.002089103
0.0020229
0.000110496
0.006030672
-0.002999293
-0.008202218
-0.000582723
0.008334212
0.004734725
0.004691979
0.002628613
-0.003288314
0.0008182987
0.002766591
-0.004492657
-0.009005046
-0.007876833
-0.002631902
0.008644289
0.00868416
-0.01026021
-0.002921221
0.006663809
0.001948438
0.007366767
0.004141615
0.004439544
0.0007615117
-0.0003196006
0.0002751467
0.001439054
0.0009240405
-0.008986193
-0.009710308
0.002228879
0.004037424
-0.006679631
-0.003331906
0.005593178
0.006773403
0.0003842067
-0.00198619
0.003630013
0.006598296
0.006085319
0.005627421
0.008426383
-0.003383095
-0.003761433
0.008212429
0.003278769
-0.002997211
-0.00455365
0.0009248494
-0.002222791
0.0007934282
0.003290467
-0.002943694
-0.005141715
0.002120762
0.006734301
-0.0001638822
-0.001241945
-0.002426088
-0.003575551
0.0005341049
-0.005106419
-0.001604683
0.005096792
-0.001522933
-0.001055698
-0.005689483
-0.003737129
-0.008751375
0.008248019
0.01651927
-0.0001627549
-0.004913842
-0.002450469
0.002676123
0.001232895
-0.003067354
-0.01424546
-0.003848531
0.01068756
0.01047037
0.0010946
-0.01488261
-0.01071584
-0.002524151
-0.001120561
0.005454427
-0.005551304
-0.0105982
-0.007163788
-0.00571532
0.003009827
0.007529514
0.002047081
-0.0001417721
0.01075087
0.008993481
0.004931906
0.003986431
-0.005960543
-0.003183018
-0.001406114
-0.001521309
0.003814375
0.004223459
-0.005771457
-0.01428839
-0.01140071
0.0006669715
0.004775594
0.004812376
0.0001520582
-0.00475204
0.002365581
-0.001682737
-0.01693066
-0.005634097
0.01116332
0.01213544
0.003625644
-0.0129544
-0.007116876
-0.006210037
-0.005862159
-0.0043321
-0.01938724
-0.008708805
0.01109251
0.008586431
3.174854e-05
-0.01531511
-0.004308238
0.004831019
0.005829655
0.01299419
0.006218386
0.005055642
0.007042657
0.002656712
0.000815667
0.01027622
0.01655335
0.01582819
0.001620663
0.005447756
0.009935809
-0.009628757
-0.004920384
-0.009193113
0.0025451
0.008168412
-0.0187014
-0.01031082
0.001340686
0.005721637
0.01495677
-0.001439682
-0.009219171
-0.001406941
-0.01632541
-0.01987598
-0.01666395
-0.005533664
0.01242552
0.02098337
0.009715481
-0.00827319
-0.0004395424
0.001003805
-0.01172167
0.00122218
0.006639446
-0.001931567
-0.0064287
5.548566e-05
0.008133932
-0.007780062
-0.0110532
0.009409069
0.01192239
0.002246718
0.01777422
0.02003357
0.0006954306
-0.004051605
-0.003406922
-0.005615178
0.006516744
0.01410559
0.01554281
0.04014831
0.03346327
-0.003398463
-0.005640381
-0.006566499
-0.01891764
-0.007381397
0.003328644
-0.007043695
-0.01791277
-0.02053413
-0.001479475
-0.002953335
-0.01271878
-0.01111836
-0.01895702
-0.01950472
-0.0003092994
3.549902e-05
-0.008512063
-0.007750084
0.003134373
0.006119951
-0.008675113
0.0009639254
0.001908482
-0.0006935009
-0.004743884
0.004238272
0.001508788
-0.009097137
0.01733926
0.02153455
0.00688535
0.01053087
0.00604698
0.004707755
0.01316563
0.01636336
0.005055677
-0.008146148
-0.006524315
0.001564318
-0.001883248
-0.002965435
-0.005952983
-0.00568877
0.01342198
0.006479894
-0.01438825
-0.01867222
-0.01522255
-0.014482
-0.005681408
0.001546343
0.008530315
0.01466972
0.01400267
0.007550185
-0.005100845
-0.003794195
0.005491914
-0.008974717
-0.01684909
0.01155896
0.00801959
-0.006841781
-0.003995952
-0.01007818
-0.0195101
-0.01288925
0.004841439
-0.005470733
-0.01907547
-0.005531879
0.008227949
0.01632677
0.01692656
0.004155167
-0.01506671
-0.01762484
-0.007866475
0.00428175
0.008173076
0.01110764
0.006975646
-0.01138229
-0.01193714
-0.00907602
-0.006482136
0.009787908
0.01941265
0.003029436
-0.01148106
0.0107366
0.02806744
0.01628851
0.01445253
-0.006677766
-0.03455332
-0.01845974
0.01016352
0.01597244
-0.002277375
-0.009447955
-0.006059492
0.008292948
0.02693449
0.02443857
-0.01075039
-0.02469683
0.008652092
0.01458443
0.0004452119
-0.0008450683
0.005623791
-0.0009755892
0.00628377
0.001713169
-0.02103689
-0.02653671
-0.004233374
0.01743144
0.01353404
0.00580654
0.004280638
0.01070972
0.004085853
-0.01110499
-0.01136507
-0.006473134
-0.006389478
-0.001715821
0.002391735
-0.001720888
-0.009238271
0.001084144
0.0043655
-0.009388165
-0.01624153
-0.01614665
0.002765182
0.01313758
0.009722633
0.005254027
0.005304022
0.01225126
0.002453151
0.004202465
-0.005799641
-0.01521831
-0.001687993
0.00694938
0.01783381
0.01905579
0.01428628
0.005331713
-0.009628615
-0.008304642
-0.0008902491
-0.001003457
-0.0001558246
0.002539027
0.006126379
0.003838531
0.003224502
0.008615215
-0.001384855
-0.009282703
0.005045247
0.007673798
0.004879009
0.003312299
0.00542881
0.01072364
-0.0006911698
-0.00678974
-0.01487221
-0.01820658
-0.001353111
0.001721178
0.004750588
0.007542337
-0.0007267942
-0.002152745
-0.003737817
-0.003433848
0.00121226
-0.01956717
-0.0196202
0.0129025
0.01209365
0.00237612
-0.001954793
-0.001121445
0.005464703
0.006247049
0.01208962
0.01864108
0.01004555
-0.007818723
-0.01793712
-0.001712991
0.003783795
-0.01668862
-0.02365011
-0.01905297
-0.008513301
0.001832564
0.01749365
0.02588213
0.0036237
-0.008443916
-0.00354077
-0.0008999855
0.004242859
0.003147383
-0.006633392
0.002854652
0.02018038
0.02390134
0.008064825
-0.004259832
-0.01038697
-0.01424154
0.002499718
-0.004093559
-0.0134898
-0.001455833
0.01050061
0.004857973
-0.004694324
-0.004590282
-0.00103252
0.001655182
0.01202552
0.02249481
0.01239375
0.00762627
0.001990772
0.002750673
-0.005598025
-0.02068994
-0.01679558
-0.01200566
-0.007973601
-0.00253598
-0.0001297997
0.001153361
0.01099636
0.02153806
0.002646642
-0.008190858
0.001951002
-0.007248378
0.002673161
-0.0002317989
-0.007848139
-0.00649154
-0.01076228
0.001997918
-0.006713901
-0.01321334
0.005696435
0.006078934
-0.009444448
-0.01343367
-0.02049411
-0.01719135
-0.006012154
0.01359326
0.01455206
0.00454076
0.03093632
0.03788761
0.01722037
0.00894919
0.0001149679
-0.02303087
-0.03873072
-0.01447206
0.009069537
-0.004387327
-0.00502483
-0.005605213
-0.01304102
-0.007769659
-0.01052366
-0.01049511
0.005182288
0.003907284
0.01072598
0.007240635
0.001074731
0.009101107
-0.003462237
0.005708578
0.01538531
-0.005827631
0.002300743
0.01833514
-0.001073426
-0.02385411
-0.0308044
-0.03515368
-0.01521065
0.005142427
0.02080554
0.03111161
0.009292789
0.009413144
-0.007286302
-0.02365527
-0.02619099
-0.01479352
0.01033111
0.008944927
0.01245168
0.01182233
0.003403246
-0.005768601
-0.003715348
0.005449345
0.001870158
-0.008470609
0.002048644
0.005462576
0.003862189
0.01032184
0.001205074
0.001897646
0.001894578
0.01660195
0.01888674
0.008744874
0.007520865
0.002645258
0.01191093
0.01720268
0.006133633
-0.003828716
-0.01237836
-0.01295059
-0.0007167218
0.00986883
-0.0003189396
-0.008479969
-0.002471158
-0.003475867
-0.006340036
0.001838314
0.01152116
0.008986455
-0.007362114
-0.01483362
-0.002135654
-0.01152068
-0.01982655
-0.01662376
-0.01107191
1.765117e-07
-0.0007056737
0.008962896
0.01196373
0.005680515
0.005043004
0.001061934
0.001943203
0.001752453
0.002570482
0.001315871
0.00209922
0.01261643
0.013309
-0.004469613
0.003021256
0.01504602
0.006126113
0.004612421
0.00323133
0.0005997185
-0.009492174
-0.01483188
-0.01304792
-0.01684845
-0.00884758
-0.0004060723
-0.004555444
-0.006301695
-0.002139089
0.007692679
-0.007627733
-0.02897022
-0.02701694
-0.01337445
0.005345597
0.01200516
0.01339235
0.003477939
-0.003714094
-0.006588467
-0.009655619
-9.61928e-05
0.01299039
0.014144
0.008331008
0.01862177
0.02006098
0.005022088
-0.01203539
-0.015177
-0.01861135
-0.0002299462
0.0133187
0.003068706
0.006998752
-0.004537461
-0.005953235
-0.000506449
0.002564757
0.01051564
-0.004318231
-0.0229873
-0.0103128
0.003613246
0.004858652
0.005182997
0.004841283
0.005079948
-0.0005953462
0.0007693992
0.003954844
-0.01340557
-0.01850558
0.00107738
0.002070845
-0.004343949
-0.005294604
0.00322952
0.01138747
0.00144755
-0.006436045
0.00482168
0.002652124
-0.003223091
0.008468133
0.002318538
-0.006193377
-0.0001631525
0.005821172
0.008309957
0.01339974
-0.001255635
-0.01438713
-0.0001510066
0.0007057776
-0.007694958
-0.003754714
0.00385141
0.005161074
0.009845917
0.007696761
0.002263205
-0.001663811
-0.007869507
-0.01487182
-0.02040228
0.005042623
0.005655628
-0.01035227
0.01035065
0.007794518
-0.001365098
0.01548732
0.02543639
0.01456419
0.005500455
0.0136227
0.002825981
0.003053424
0.009048967
0.005732931
0.01014237
0.002646377
-0.0007431003
-0.0104321
-0.006420454
-0.002779071
-0.01635733
-0.01649403
-0.01170208
-0.00439482
-0.001714278
0.001166185
-0.005210872
-0.01207651
-0.002491587
-0.003937965
-0.007029602
-0.00208772
-0.009744877
-0.0006148751
0.01312247
0.01505433
0.01110283
0.007932653
0.01227172
0.0128786
-0.005014259
-0.01666268
-0.01437381
0.001542247
0.01686569
0.004586911
0.006620773
0.01753781
0.01386376
0.010103
0.0007118406
-0.008682377
-0.006055896
-0.005729514
0.002194848
0.001203389
-0.005967229
-0.01450363
-0.01113153
-0.004251644
-0.01115706
0.001723479
-0.000794919
-0.001595637
0.01758442
0.01075347
0.005648347
0.008986788
0.00537087
-0.01050239
-0.02045659
-0.003934646
0.01819117
0.01712832
0.001250978
-0.01047496
-0.02708466
-0.03161858
-0.01423576
0.005324764
0.008648925
1.346153e-06
-0.006201293
-0.0001435316
0.01598673
0.02957209
0.01730249
-0.007805847
-0.01559969
-0.005153885
0.002109515
0.004789036
8.783741e-05
-0.007945701
-0.01633522
-0.02390364
-0.02310194
-0.01398928
0.005996582
0.003331303
0.003082404
0.0100653
-2.353412e-05
0.01013769
0.01233883
0.006360588
0.002722229
0.001864389
0.01426553
0.01678797
0.01427875
0.01436849
0.004685613
-0.01517279
-0.02789526
-0.0274679
-0.01320118
0.01417662
0.0199702
0.002032457
-0.007915622
0.003340058
0.008067739
-0.004360981
-0.02140724
-0.02653072
-0.0006145792
0.007853441
0.003016582
0.004405802
-0.009876257
-0.009280597
0.003292924
0.009217064
0.01699454
0.007164785
-0.001033995
0.006621086
0.007820586
0.005455186
0.002077947
-0.01645955
-0.01854955
0.003756808
0.02080405
0.001379149
-0.01346595
-0.0001253903
0.01232063
0.01820703
0.00951559
-0.005152029
-0.01985637
-0.01629047
-0.003114128
-0.005216367
-0.008202947
0.009896934
0.009076833
0.01542529
0.02159831
0.01714599
-0.001928025
-0.0185214
-0.008777364
-0.01382944
-0.0005521238
0.01082902
0.002713877
-0.01018098
-0.01412228
-0.01316656
-0.01129182
-0.01062068
-0.003651041
-0.006457081
-0.00787184
-0.005325941
-0.01609308
-0.01476914
-0.003366579
0.0006103812
0.007056761
0.02202728
0.03128478
0.03249448
0.01815836
0.0199413
0.02841952
0.006704724
-0.008445356
0.001182405
-0.004995754
-0.01545791
-0.005730194
0.0001694667
-0.003373013
-0.0009025925
-0.006116852
-0.02794997
-0.03257059
-0.01886793
-0.02272967
-0.01854157
-0.01360887
-0.009961368
0.004919392
0.007712132
0.01613221
0.01187879
-0.0007090461
0.002342774
0.000682195
0.01186954
0.02016824
0.0185199
0.01206226
-0.01855306
-0.02728734
-0.006589521
-0.0002145402
0.01564134
0.02867386
0.02076578
0.004683422
-0.004513937
-0.004568016
0.0009185446
0.005718645
0.002303666
0.007662727
0.009014207
-0.009779312
-0.01276487
0.01059209
0.01419165
0.001330452
-0.008892007
-0.01212747
0.009096674
0.01250855
-0.01370954
-0.02881168
-0.03619752
-0.01261412
0.00493802
0.008789521
0.01949848
0.01114874
0.008951644
0.001135365
-0.01704717
-0.008032433
-0.01240009
-0.02009499
-0.005655889
-0.004230968
0.001110753
-0.009572747
-0.0144555
-0.0001204435
0.01174724
0.02511534
0.01134226
-0.01004512
-0.0006111571
-0.001159936
-0.007152454
0.005375167
-0.003286692
-0.00741873
0.01562203
0.03335165
0.01718055
-0.0006970043
-0.0120486
-0.01390298
0.00439886
0.02020782
0.01966006
0.01339826
-0.001384613
-0.01876135
-0.01366443
-0.001970148
0.004987253
0.01138569
0.0152525
-0.003619561
-0.02275886
-0.02233048
-0.008459515
0.002618686
0.01218933
0.01714141
0.004959532
-0.006465506
-0.0210301
-0.01497234
0.0111733
0.02158544
0.02084694
0.01224017
0.00804183
0.01751863
0.01338659
-0.01038962
-0.02103028
0.00265614
0.02743192
0.03252476
0.01890469
0.01258475
0.01604253
0.01081909
-0.007304283
-0.0180398
0.001307542
0.003519904
0.005008067
0.01778049
0.003843192
-0.001834145
-0.003429442
-0.0156664
-0.02252796
-0.009927915
0.007655849
0.006222731
-0.004066025
0.0003230174
-0.0004011997
-0.01743624
-0.01626223
-0.01465881
-0.02154689
-0.02273418
0.0130831
0.03186638
0.007601585
-0.003995832
-0.004882229
-0.008354326
-0.01356348
-0.001415299
0.006450924
-0.0007268321
0.008382772
0.01506273
0.01112858
-0.004654918
-0.009157215
0.007779869
0.003720252
-0.006173764
-0.00370028
0.004741223
0.01757689
0.005233851
-0.01458986
-0.007367261
-0.003090417
-0.004768333
-0.0008525697
0.003459974
-0.003527042
-0.009220698
0.001575986
0.00375877
-0.007242965
-0.005288661
-0.01108534
-0.01973801
-0.01508071
-0.005880324
-0.0025888
-0.005868115
0.006068929
0.008482234
0.002928318
-0.001618858
-0.01345189
-0.01533483
-0.006140564
-0.006355799
-0.009818715
0.00611877
0.02023249
0.01295274
-0.002126955
-0.00932001
0.002901614
0.002606819
0.002758784
0.008053589
-0.01515958
-0.01234338
0.007688385
0.00343089
0.003171795
0.00852882
0.009498826
0.01129605
0.01260164
0.008679722
-0.001743673
-0.0006859471
-0.004177421
-0.007851476
-0.01092373
-0.001925305
0.0140132
0.0004818666
-0.0007747876
0.0119956
0.01209248
0.00665587
0.009346616
0.004848402
-0.01377477
-0.02267021
-0.01744578
-0.007679294
0.01510137
0.02777996
0.005427664
0.0005204308
0.009134317
0.009969684
-0.00188987
0.0002296763
0.02333572
0.01080807
-0.007257164
-0.0122613
-0.01259077
-0.003197604
0.002500102
0.002171649
0.006101696
0.006122083
0.01498485
0.006588197
-0.0182325
-0.01481653
-0.0130499
-0.01870275
-0.005335668
0.007680539
-0.007366513
-0.01761753
-0.01526644
-0.005545851
0.01150752
0.01711036
0.01751835
0.009734719
-0.001036494
0.003606533
0.001296221
-0.007836871
-0.001877023
-0.0009049757
-0.006533348
0.0041491
0.02510295
0.02569454
0.007114204
-0.005658248
-0.00971888
-0.005865332
-0.0004777035
-0.003474475
-0.008399047
-0.006419238
-0.009549631
-0.001896582
0.01184689
0.004549795
-0.005018836
-0.003731608
-0.0001085792
-0.00256883
0.001188838
0.01403165
0.006562176
-0.004373255
0.001098014
0.009799622
0.01133165
0.0004870005
0.004161029
0.01104602
0.005220788
0.01401114
0.008537807
-0.004827264
0.003866185
0.003062414
-0.000452516
0.004650533
0.006415122
0.001712913
-0.002954618
0.003523392
-0.003977698
-0.01438171
-0.01467956
-0.01876161
-0.02342404
-0.01930427
-0.008302559
-0.004183809
-0.0200336
-0.03422895
-0.02047426
-0.01254479
-0.006023938
0.01202393
0.0147463
0.01576527
0.01441274
-0.01183799
-0.01861895
-0.002961964
0.002680666
0.006036457
0.02531547
0.02952908
0.01030003
-0.00171762
-0.004672569
-0.01318346
-0.02413827
-0.01922595
-0.008396624
0.001472887
0.009114719
0.006515749
-0.004411519
-0.004937848
0.0008904236
-0.0004121248
-0.003507833
-0.006373022
-0.005672289
-0.001573938
0.01092411
0.01643414
-0.009528943
-0.02216063
-0.01332846
-0.01413631
-0.01751965
-0.009426983
0.004136969
0.004991721
0.006351373
-0.006861714
-0.02461686
-0.03359695
-0.02590412
0.0007566353
0.01241217
0.01809662
0.01748359
-0.001313994
-0.01177002
-0.01126309
-0.008749816
-0.005322623
-0.00708009
-0.004671877
-0.0151942
-0.01673645
-0.006683339
-0.001048865
0.01293737
0.02014366
0.01764873
0.005746348
9.861824e-06
0.003296295
-0.006615051
-0.01127442
0.007393616
-0.00356935
-0.01180382
0.003945997
0.005006791
0.004425385
-0.003941681
-0.009407867
-0.01267901
-0.004006979
0.01004249
0.004395769
0.001465303
0.003411458
-0.004031488
-0.006414213
0.002178261
0.01620631
0.01062895
0.002839204
0.002671919
0.005746193
0.01086149
-0.0002126569
-0.009756802
-0.01159281
-0.01168053
-0.01071358
0.0006441177
0.01042999
0.01208035
0.0115683
0.01143264
0.01123271
0.009120289
0.01129798
0.00805744
0.002874815
0.002798311
0.004172246
0.009797543
0.0003553977
-0.01461005
-0.01200191
-0.005251555
0.001732381
0.002224017
-0.007441507
-0.005387231
0.005841945
0.01029016
0.001615057
-0.01086567
-0.01449279
-0.01439793
-0.008328937
0.005172799
0.007995135
0.004777032
0.004736229
0.002427965
-0.004276498
-0.003528841
0.008263376
0.01187213
0.007062829
0.004933066
0.002310643
0.00195058
0.007305577
0.01015647
0.005959172
0.002412629
0.004864706
0.004300644
5.642113e-05
-0.007237601
-0.009014444
-0.007450787
-0.0009442088
0.004458729
0.01727809
0.02562168
0.01588476
0.0145965
0.009199679
0.005011556
0.01212605
0.02344397
0.02394989
0.01217093
0.01265543
0.01349386
0.005345083
0.0003389214
0.00153742
0.005736758
0.006440557
6.65754e-05
-0.01018749
-0.02118207
-0.02109027
-0.01497741
-0.01499067
-0.003811472
0.01379781
0.01793187
0.01118966
0.006210023
0.007192284
0.006832221
0.003887481
0.0075197
0.01224536
0.01133246
0.0126044
0.01566644
0.004914617
-0.005726023
-0.003678883
0.0002277165
0.003341776
0.003007216
-0.004297004
-0.01029358
-0.01418182
-0.018832
-0.01093006
-0.0008973444
-0.003146444
-0.003291284
0.008642716
0.01783598
0.01598774
0.01498202
0.01155074
0.002151438
0.002501298
0.004876879
0.0001746795
-0.00784762
-0.004742739
0.007715541
0.007562542
0.002956223
-0.001182936
-0.004649915
-0.002072374
-0.003840033
-0.005049752
-0.0005015707
0.00413739
0.008944651
-0.004747827
-0.02379122
-0.0246266
-0.02048744
-0.0178232
-0.01030274
-0.006552198
-0.004927336
-0.000157815
-0.007652773
-0.01831483
-0.01337089
-0.007972028
-0.006173766
0.003369356
0.01267482
0.01792272
0.01527276
0.0108582
0.005025846
-0.0002822312
0.01174051
0.01479541
0.0105155
0.01093268
0.00691184
0.006028523
0.005905106
-0.0001955116
-0.01228557
-0.01226109
-0.0008595234
0.002312679
-0.009026659
-0.02007325
-0.02814655
-0.03014983
-0.02488561
-0.01356156
-0.00572898
0.001192743
0.004026307
-0.01069433
-0.01555667
-0.003614503
0.00658448
0.01421714
0.02428557
0.02120415
0.006338674
0.005507378
0.01157944
0.007301565
0.005642029
0.006885413
0.01278204
0.008167561
-0.006577555
-0.005562651
-0.002503667
-0.001698883
0.001607961
0.007758565
0.0003135891
-0.01370835
-0.01596356
-0.01570142
-0.01088803
-0.00836557
-0.005745183
0.00323898
0.003969304
-0.007075251
-0.01461407
-0.01641844
-0.01648066
-0.01488027
-0.01341963
-0.01232924
-0.009077478
-0.002876892
0.001089893
-0.0001973423
-0.004130457
-0.001267312
0.006850873
0.01528424
0.01923164
0.009322349
-0.005137166
-0.0036755
0.006634665
0.01492931
0.01857276
0.009662042
-0.004557773
-0.009188567
-0.01111636
-0.01887039
-0.01612047
0.000724836
0.003510462
-0.001457952
-0.002077086
-0.00758406
-0.01130399
-0.007343328
-0.004145622
-0.006461016
0.00162555
0.01431028
0.0152854
0.00886859
0.003007675
0.0007871418
0.0007779682
0.003425895
0.007758862
0.01481013
0.01973775
0.01517326
0.003426948
-0.006827105
-0.00970656
-0.01014311
-0.0106174
-0.01963828
-0.02499531
-0.01402826
-0.008369297
-0.00441271
0.005533316
0.009734703
0.005175311
0.0005669579
-0.004593215
-0.009722787
-0.02150276
-0.01583869
-0.0001827056
0.0004527618
-0.003100911
-0.006857563
-0.006034416
-0.01052037
-0.01452794
-0.01161685
0.001053595
0.008280303
0.00169111
-0.002185902
-0.002755054
-0.005434586
-0.007041078
-0.00478075
-0.001979823
0.0001417853
0.008436433
0.01506542
0.01740021
0.01342426
0.009190246
0.01579067
0.01716258
0.01210951
0.009906319
0.01105485
0.005876315
0.002673524
0.006528112
0.004375921
-0.00185423
-0.003881982
-0.005080472
-0.008058865
-0.01340468
-0.01705219
-0.0158751
-0.01335263
-0.01570882
-0.01419921
-0.002821103
0.006267105
0.007830774
0.002976603
0.002336052
0.006410961
0.00820107
0.004085379
0.006509928
0.005627637
-0.003860393
-0.0004117641
0.0102911
0.01543701
0.01235866
0.004812713
-0.004814037
-0.006205308
0.0006746012
0.00664977
0.01166716
0.00969653
0.002506559
0.003997809
0.007150638
-0.000167852
0.0005583976
0.004253867
-0.001057263
-0.003977513
-0.002815723
-0.001775314
-0.001012344
3.520605e-05
-0.001043944
-0.0005686141
0.004360036
0.004952666
-0.004726104
-0.009020295
-0.008849945
-0.007402554
0.001609156
0.005622866
0.006403176
0.006775486
0.006058437
0.006234907
0.002501717
0.003800187
0.004676378
0.003413628
0.002353858
0.004552989
0.00861872
0.01149411
0.01061998
0.004712151
0.002086681
0.003571812
0.003678922
-0.005617347
-0.008372357
-0.004858446
-0.002200315
-0.002109524
-0.008464114
-0.0111518
-0.006401652
0.003600479
0.005368149
0.00217862
0.005360011
0.003616842
-0.0006508271
-0.001192436
-0.003252825
0.0003936857
0.007209336
0.008537388
0.007579618
0.00557227
0.005380521
0.005588612
0.003910723
0.003186534
0.004081085
0.005304076
0.002068648
-0.0006547411
0.0005141901
0.0008263214
0.001993213
0.002824524
0.004433075
0.004599346
0.002978578
0.001248669
0.002227881
0.007102472
0.009212863
0.009522955
0.008813046
0.009196578
0.01181085
0.009472001
0.005585812
0.002171884
-0.002544585
-0.007794513
-0.006334881
-0.00641443
-0.0116001
-0.005953366
-0.000528995
-0.002278283
-0.001336812
0.00309306
0.004706712
0.003163463
-0.0008838849
2.698691e-05
-0.0006186613
-0.002228209
-0.0005278577
0.002006854
0.005821666
0.006435717
0.005089329
0.0007635213
-0.002074107
2.812513e-05
-0.001077543
-0.006170391
-0.007300539
-0.003350067
0.004175505
0.009481556
0.006066608
0.0006861207
0.002516012
0.006041144
0.004455056
0.001985649
0.001655181
0.0009442526
0.003524865
0.009112437
0.01022527
0.009208342
0.007340733
0.004889685
0.001530837
-0.005261332
-0.009235239
-0.01144761
-0.009762555
-0.007634822
-0.009047511
-0.008440598
-0.003070286
0.002537686
0.004492018
-0.0005712494
-0.007942777
-0.009410546
-0.003118153
-0.0004355406
-0.002405148
0.001137324
0.0007068959
-0.003075252
-0.0005119796
-0.0002926674
-0.005699675
-0.007071563
-0.004915271
-0.004639858
-0.009274726
-0.01277025
-0.0124265
-0.01094953
-0.009408297
-0.007763025
-0.007430493
-0.00733766
-0.01099639
-0.01382178
-0.007561003
-0.004313311
-0.002342659
-0.000948307
-0.0009870547
-0.001099242
0.00473517
0.01213936
0.006274374
-0.001715273
-0.003624701
-0.006052289
-0.004767077
0.0002105356
0.001585508
0.00184868
0.003928472
-0.001791675
-0.01030764
-0.01195493
-0.01101958
-0.01077273
-0.003879554
0.007704598
0.00965485
0.004065262
-0.004519045
-0.006687553
-0.004732201
-0.0009581889
0.0008666034
-0.0004012445
0.0009308876
-0.0007694401
-0.003126648
-0.007083216
-0.001949544
0.002510928
-0.001992359
-0.002952167
-0.0009733552
5.481689e-05
-0.006972971
-0.00888444
-0.007586987
-0.002123855
0.004853977
0.003131209
-0.003205019
-0.006988186
-0.007321714
-0.008192782
-0.00541735
-0.003875098
-0.006327166
-0.006288394
-0.006859582
-0.00782857
-0.003651659
0.0003661331
0.003297625
0.003038557
0.0005089688
-0.0001846193
0.001728912
0.001815624
-0.001524864
-0.002209272
0.0003284998
0.002020692
0.001053743
-0.0002783649
-0.0002752931
-0.002256121
-0.00387077
-0.003572918
-0.004072706
-0.003600435
-0.001976583
-0.0009371914
-0.00153286
-0.004721368
-0.004503077
-0.003236225
-0.006356393
-0.008373943
-0.00392367
-0.002217199
-0.001638848
0.0008846437
-2.212485e-05
-0.001756113
-0.002338522
-0.005401571
-0.00944892
-0.006177768
-0.001589797
-0.001803985
-0.001668314
0.001783377
0.001704848
0.001932319
0.00579405
0.007000721
0.004028453
5.454377e-05
-0.003556245
-0.004340614
-0.004665983
-0.003767352
-0.002628001
-0.00465677
-0.006386679
-0.006232648
-0.005555357
-0.004861747
-0.006734456
-0.006900705
-0.004181374
0.0003045963
0.002661827
0.002622058
0.003043328
0.002484379
0.003391169
0.00437548
0.00655421
0.006163561
0.00553933
0.008285183
0.008077113
0.005303743
0.005732153
0.009501064
0.01156351
0.0118481
0.01128099
0.009236925
0.009791814
0.01153704
0.01219903
0.01039772
0.009297154
0.005921984
0.001885854
0.001329964
0.001220834
0.001247364
0.001243294
0.002903864
0.0009801535
0.001111743
0.002052193
0.0009516224
0.003579152
0.005146901
0.004251351
0.00479604
0.00240517
-0.002074661
0.0002458488
0.005064338
0.006448487
0.007903016
0.009464645
0.008492595
0.007223724
0.004964433
0.003726162
0.005513211
0.00744816
0.008221329
0.007985719
0.008141786
0.006232355
0.002783744
0.002471633
0.005947801
0.00670159
0.004061839
0.002167707
0.003034716
0.006347684
0.009736132
0.008174521
0.002666529
-0.0006382625
-0.003142354
-0.0002363662
0.001777122
0.00322553
0.004063978
0.003793686
0.004029314
0.003211282
0.001480349
0.0008295972
0.003373485
0.0006174526
0.0005623802
0.001517108
0.0004940553
-0.0007870572
0.00252897
0.005779717
0.002281125
0.0009133121
0.002069999
0.002757486
0.001617134
0.002692221
0.002511688
0.002025154
0.003504161
0.003531708
0.001654915
0.002200622
0.004804688
0.003915255
0.002225121
0.002424028
0.0008267145
-0.002241439
-0.003240013
-0.003660247
-0.006238801
-0.008285935
-0.007730028
-0.004976022
-0.001103076
-0.00168243
-0.002485164
-0.0007633987
-0.001121413
-0.002471887
-0.003165482
-0.002413736
-0.001298871
-0.0004777653
-0.0001187199
-0.001599755
-0.001242749
0.0007533957
-0.0004104192
-0.004005914
-0.005111588
-0.003442864
-0.003004259
-0.004380235
-0.00417113
-0.004805565
-0.006809861
-0.004729056
-0.001838372
-0.0004083275
0.0004525568
0.002916881
0.003409545
0.001538869
0.0007167533
-0.001428303
-0.0004674588
0.000608645
-0.0007387712
-0.0005745476
0.000574996
0.0002577795
-0.000275677
0.0002690064
0.00178065
0.0004495529
-0.002600244
-0.003406041
-0.004796298
-0.004062915
-0.002449272
-0.002250369
-0.003501906
-0.003148984
-0.001420081
0.0003435013
0.002100964
0.002746626
0.0004924283
-0.0005765295
-0.0002185074
-0.003365205
-0.005880523
-0.006055961
-0.00607228
-0.006281378
-0.006678156
-0.006704675
-0.006830133
-0.007348292
-0.00757881
-0.007264649
-0.005102248
-0.003111207
-0.001081406
-0.0005010253
-0.0004224846
-0.0005693638
-0.0002368432
-0.001786223
-0.003805822
-0.004855402
-0.004941081
-0.004585101
-0.002331921
-0.0001797211
4.161888e-05
0.002419239
0.002535518
0.002350898
0.001245218
0.002753797
0.005357857
0.005141616
0.005653655
0.004089994
0.0004751136
-0.002201367
-0.002424748
5.283025e-05
3.548895e-05
0.0009534875
0.002984306
0.003155664
0.002742563
-0.000816219
-0.004942121
-0.007745081
-0.006513945
-0.001791347
0.0002547708
0.0009187886
-0.0008488739
-0.0007764564
-0.001265039
0.001409398
0.004135855
0.003847192
0.006276829
0.006441046
0.007712983
0.00649102
0.004201116
0.001634793
0.002583389
0.002620105
0.001006462
0.003269838
0.004227614
0.00255277
0.001380785
0.001689841
0.002877117
0.002200852
0.001967267
0.003079063
0.002629238
0.001075773
-0.0002145321
-8.601734e-05
-0.0004950426
9.9612e-05
0.0009176465
-3.401909e-05
-0.001102985
-0.0008398306
-0.0002961765
0.0006177374
0.0005198113
-0.000792935
-0.001639541
-0.002671788
-0.001265214
-0.0001473011
-0.0005328679
-0.0008500948
-0.001691602
-0.002516789
-0.002141436
-0.001588604
-0.002840151
-0.003612299
-0.004664946
-0.004950554
-0.004676182
-0.00269943
-0.001640679
-0.002466887
-0.003015655
-0.003677644
-0.004333512
-0.005839041
-0.00397041
-0.004291719
-0.004559988
-0.0007523375
-0.0006126069
-0.001168516
-6.386609e-05
-0.0003617158
-0.001297066
-0.001708136
-0.002279346
-0.004495816
-0.005099666
-0.003575797
-0.002332427
-0.0005851782
-0.001306329
-0.00360032
-0.004777411
-0.004814142
-0.002647674
-0.001341065
6.448315e-05
0.001055911
-0.00105142
-0.001858252
-0.001198325
-0.0004802569
0.0001776307
-0.0002548618
0.001743306
0.002281853
0.00114658
0.0003366868
0.0007722136
0.00140766
0.0007589268
0.001658553
0.00162692
0.001995126
0.001234192
0.001297418
0.002480603
0.003010989
0.003530154
0.00219802
0.002688625
0.00389527
0.004662295
0.00532222
0.005584344
0.004930509
0.004873373
0.004393957
0.002446761
0.001738865
0.001064629
0.001641933
0.0009462763
-6.252027e-05
0.0005270229
0.000574946
0.001651029
0.001941712
0.001467394
0.0003769969
0.0002872192
0.0008614614
-0.0002268965
0.0005452254
0.002860607
0.002640269
0.00205783
0.002984992
0.002621853
0.001181594
0.0006011946
0.0001238154
-0.0008013441
-0.002081464
-0.001737743
-0.0007187832
-0.0003363033
0.0001695965
-0.001514444
-0.002068324
-0.002696665
-0.002822146
-0.002610007
-0.002194888
-0.001145329
-0.001626791
-0.001276952
-0.0007526939
0.0001652842
0.0002856221
0.00104958
0.001139317
0.0005313749
-0.001156748
-0.002357311
-0.002673534
-0.002253317
-0.0006988602
0.0004812563
0.001726653
0.001721529
0.001930605
0.001290021
0.0004648163
0.001234892
0.001937647
0.001210362
-0.0002758027
-0.0005257278
-0.001339713
-0.002842199
-0.002927904
-0.0005319501
0.0002003839
0.001088778
0.001338651
0.0006011648
0.001354918
0.001448731
0.002444224
0.002695117
0.00240643
0.003134682
0.001890254
0.001167047
0.001722918
0.00185549
0.002314462
0.002030873
0.001147525
0.0003702556
0.0002539465
0.0007271972
0.001102528
0.0008403581
0.0008433882
0.001520638
0.000337408
0.0002353777
-0.0005541328
-0.0002338836
-0.0004205745
-0.0008020856
-0.001314157
-0.001153028
0.0006095
-0.0005349718
-0.001136804
-0.001654996
-0.001633608
-0.0007136009
0.0003186063
0.0005552133
-0.00120126
-0.002229453
-0.0007780266
-0.00105346
9.298582e-05
-8.656826e-05
-0.0008454826
-0.001352457
-0.002437772
-0.002350086
-0.001760561
-0.001830977
-0.001746352
0.0003344123
0.0005680021
-0.0002903894
0.000412572
-0.001139655
-0.003213529
-0.002173325
-0.001518697
-0.0003112842
-0.0001819685
0.0004632016
-2.653283e-05
-0.001600301
-0.001235786
-0.001376303
-0.001947715
-0.00316383
-0.002427752
-0.001626457
-0.001333696
-0.002687728
-0.004418137
-0.004450025
-0.003942394
-0.004085777
-0.003695792
-0.003165382
-0.003766587
-0.003941189
-0.00400584
-0.004177947
-0.004644711
-0.004587904
-0.003171351
-0.001507912
-0.001486083
-0.0009390355
-0.002048266
-0.001915344
-0.001843681
-0.001965713
-0.002640674
-0.003144695
-0.002078754
-0.002108536
-0.001813299
-0.001446473
-0.00104532
-0.002462036
-0.001130237
0.0005978197
-0.0002179985
-0.0006802114
-0.0001323886
0.000663724
0.0006331329
0.001110389
0.001413445
0.002197632
0.001857777
0.0019193
0.001893133
0.0008938021
0.001546424
0.001586142
0.002085969
0.001822309
0.001351415
0.001532355
-4.468775e-05
-0.0003796982
1.579091e-05
0.001172451
0.0009877893
0.001442341
0.002267673
0.001519354
0.002141884
0.00232252
0.002144317
0.002607144
0.003220989
0.002751217
0.003871351
0.003219277
0.002031264
0.002049014
0.001286849
0.00152602
0.001198007
0.001966693
0.003193484
0.003632264
0.003389253
0.002249935
0.00204914
0.001973619
0.002991076
0.004056693
0.004846713
0.005260028
0.003860661
0.001672675
0.0002950691
0.001485996
0.002852719
0.003029077
0.002795552
0.00218994
0.001747205
0.001050355
0.001149305
0.0008052064
0.0009777572
0.00197634
0.00269523
0.003373135
0.002889043
0.00227195
0.002216466
0.003295081
0.00240276
0.003164637
0.002387568
0.0009398425
0.002049354
0.001896909
0.001614553
0.00147823
0.001634221
0.001293827
0.0009707159
0.0008678424
0.00100042
0.0007891353
-7.762792e-06
-0.0006768557
-0.0004298833
2.656517e-05
-0.0001675404
-0.0002491319
-0.0005587321
-0.0006752239
-0.0008810132
-0.0007006762
-0.0009907836
-0.001338911
-0.00156001
-0.001811848
-0.001927209
-0.001998803
-0.001477948
-0.001613861
-0.0009530896
-0.001022223
-0.001340938
-0.001011271
-0.001310048
-0.001016912
-0.000863894
-0.0006955469
-0.0008446662
-0.001296222
-0.001360275
-0.001494515
-0.001506096
-0.00100501
-0.0009307161
-0.001154478
-0.00132641
-0.0006882223
-0.0008218486
-0.000777238
-0.000713528
-0.0008829854
-0.0003658865
-3.676563e-05
-8.290985e-05
-0.0005633944
-0.0005579287
-0.0008250884
-0.0009464404
-0.001036077
-0.001164185
-0.001003627
-0.001029781
-0.0007952746
-0.0008051949
-0.0008059141
-0.0005445265
-0.0005911641
-0.0005759906
-0.0008053581
-0.0004721319
-0.0002619214
-0.0003914304
-0.0003171975
-0.0006608449
-0.0005711996
-0.0004256444
-0.0003711735
-0.0002664132
-0.0003960221
-0.0001848671
-0.0002875238
-0.000687694
-0.0007848907
-0.0007256738
-0.0005232318
-0.0004673131
-0.0003547459
-0.0003390565
-0.0004156255
-0.0003333532
-0.0003503976
-0.0003128636
-0.0003021983
-0.0002304911
-0.0001762421
-0.0002740576
-0.0001991712
-0.0002059103
-9.65199e-05
-2.344695e-05
-0.0001392835
-9.081296e-05
-4.432247e-05
-1.583569e-05
1.401753e-05
4.788652e-05
4.992765e-05
2.331616e-05
-4.722624e-05
-3.832606e-05
-2.245442e-05
5.860589e-06
9.537779e-05
6.404743e-05
8.630956e-05
5.074848e-05
6.06328e-05
5.980836e-05
4.203713e-05
7.735714e-05
7.472502e-05
0.0001239392
0.0001214961
0.000119698
0.0001208024
9.199357e-05
7.628591e-05
8.323975e-05
7.626604e-05
8.843195e-05
9.999977e-05
9.552411e-05
9.205987e-05
8.549086e-05
9.026027e-05
9.542778e-05
8.905746e-05
8.560223e-05
8.435922e-05
8.382079e-05
8.012223e-05
7.789697e-05
7.692562e-05
7.266907e-05
6.736397e-05
6.224915e-05
5.653309e-05
5.12315e-05
4.590093e-05
4.027231e-05
3.477259e-05
2.913134e-05
