0.00511933
-0.002140321
-0.002457851
0.001166919
-0.003102089
0.002351543
0.008209097
-0.0004581489
-0.004430334
-0.0110688
-0.00297948
0.01138896
0.002341256
-0.0008088039
0.003549357
-0.003232922
0.006238501
0.002445844
-0.0009500316
-0.001799986
-0.0054274
0.003289226
0.0005716543
0.000974263
-0.0008834473
0.0004738832
0.002991974
-0.003131373
-0.0060356
-0.004880226
-0.001309491
0.01088024
0.003941921
0.004160939
0.002262437
0.004181797
0.002214957
-0.01008856
-0.00409022
0.007678262
-0.0004361137
-0.002968029
-0.002375684
-0.006266237
-0.0004994305
-0.006411622
-0.004401474
-0.003140004
0.003651906
-0.004238062
0.00054751
0.005969563
0.003152057
0.002266432
-0.002583933
-0.004617056
0.007046381
-0.003430301
-0.006699662
-0.001611142
-0.006837881
-0.0002173199
0.004494822
-0.0005625944
-0.00371873
0.009095274
-0.008007321
-0.01103085
0.001895354
-0.007656178
-0.005793909
0.0025678
-0.007945589
-0.004249357
0.003161715
0.007327147
-0.004389838
-0.002006344
0.004437771
0.005526888
0.004766745
-0.001616657
0.002608961
-0.001546759
-0.001508239
0.01292962
-0.0007753357
-0.01699051
-0.003118749
-0.005594524
0.00323436
0.002642526
-0.0001361876
-0.0004067202
-0.0005344519
0.008868698
-0.006846673
-0.002767922
0.007910229
-0.003518079
-0.003167426
0.01311359
0.003303002
-0.002547943
0.007457013
-0.00681505
-0.001719352
0.004580965
0.001805325
-0.008602975
-0.005701294
0.002148407
0.003286509
-0.0002663676
-0.002525884
0.002214861
-0.01035991
-0.004033068
-0.006754641
4.446602e-05
0.009178355
0.001709703
-0.007658187
-0.002286056
-0.0006471253
-0.005070053
0.01119466
0.01008877
0.002189687
0.002767822
-0.002285462
0.005071594
0.01103431
-0.004571891
-0.003925412
-0.002681213
-0.006354433
0.004888828
-0.00475649
-0.003185888
0.007851335
-0.003713621
-0.01176366
7.22282e-05
0.003213634
-0.001352079
0.003824228
0.005008256
0.003064965
0.002139634
-0.007660715
-0.002903625
0.005369407
0.0105294
0.001235992
-0.005766494
0.0119395
0.003313175
-0.009504328
0.005337508
0.009428545
0.001989503
0.004801461
0.002201301
0.002356161
0.0006128014
-0.005160577
-0.006877415
0.0003021875
0.003680251
-0.002929525
-0.00678428
-0.003988634
-0.002174228
0.005095138
0.005115366
-0.0005723259
-0.001998457
0.007424132
0.008060442
0.001755654
0.005164325
-0.009893082
-0.01242693
-0.007747336
0.0001085381
0.003131653
0.006329188
-0.004594155
-0.005483757
0.005942119
0.002939077
0.0005990362
0.003506896
0.01171468
0.006277916
-0.0008571418
-0.00556766
-0.006657177
0.001427186
-0.003765789
-0.005864085
0.009451061
-0.0005807935
0.002418873
-0.00306072
-0.005427271
-0.002352123
0.008544386
0.01299348
0.01386543
0.007591257
-0.004040971
0.008216221
0.005912914
-2.771219e-05
-0.01455368
-0.009379364
0.008852993
0.003941548
-0.006232075
-0.003487398
-0.007613439
0.0007493988
0.006673418
0.003745878
-0.001969322
-0.003576981
-0.007649979
-0.01202184
-0.002186114
0.00973857
-0.0007369667
-0.002824022
0.01397626
0.005595809
-0.002314424
0.005687343
0.00471515
0.007461878
0.002495367
-0.01252732
-0.008963573
-0.0006394827
0.007200109
-0.0009304398
-0.001077447
-0.004256914
0.002770759
0.009057913
0.01017979
0.01693206
0.01677384
0.002078576
-0.02676511
-0.02760265
0.0007868884
0.01423955
0.02723933
0.01108853
-0.01046521
-0.02270023
-0.01536145
0.005629012
0.004087674
0.009823018
0.01737294
0.0006091261
-0.01687685
-0.009703303
0.0006281627
0.002603789
-0.01307372
-0.01181312
-0.004347847
0.006936301
0.007495151
0.009464661
0.007157311
0.004810182
0.009275634
0.01050361
0.001871239
-0.01765473
-0.01535983
-0.005908619
-0.006752264
0.01139649
0.01065281
0.01191036
0.01179704
-0.007988002
-0.0003330041
0.003068594
0.01079805
0.004251593
-0.01192877
0.004461514
0.01473078
0.008655558
0.004622379
-0.001268218
0.01117977
0.02283317
0.01731283
-0.004469361
-0.01827312
-0.01359651
-0.02220744
-0.02864068
-0.007319709
-0.009437321
-0.01434259
-0.01200178
0.003502126
0.009601636
-0.006984673
-0.007854822
-0.001684931
-0.0004865191
-0.01097425
-0.005942673
-0.009029281
-0.005193146
0.0001474884
-0.005754316
-0.001499981
0.004656655
-0.02013249
-0.004494952
0.02311024
0.006980903
0.006443282
-0.002123779
-0.02452612
-0.0139896
0.01540264
0.008165661
-0.005735997
-0.009575356
-0.007269213
0.003814029
0.02933027
0.03387021
0.01575392
0.003691325
3.949715e-06
-0.001395565
-0.01966282
-0.01838687
-0.003636725
0.005472822
-0.01423365
-0.005762622
0.02709865
0.02919366
0.02092343
-0.001965444
-0.01770411
-0.02438314
-0.002702091
0.004878481
-0.005431746
-0.004830013
-0.0025259
0.003013654
0.01551981
0.005194282
-0.01654504
-0.004010327
0.01335919
0.005022665
0.004740062
0.00410658
-0.0134997
-0.02415774
-0.007516505
0.0009127135
-0.007582927
-0.002824687
0.01283531
0.002299674
-0.002909525
0.0008236169
0.002909459
0.01790952
0.01083168
-0.007849672
-0.01185017
0.01784708
0.03950978
0.02342126
-0.01006029
-0.0009843833
0.007510123
-0.00602023
-0.004520883
0.003552364
-0.005920428
-0.01109392
0.008869469
-0.003043161
-0.01469875
0.003832558
-0.006018651
-0.01416034
0.00447909
0.01551034
-0.008673906
-0.01059155
0.002823439
-9.686755e-05
-0.007003334
-0.0176787
-0.009392266
-0.02295729
-0.02986477
-0.00305412
0.0145082
0.03536001
0.04988171
0.03138397
-0.02484868
-0.03714074
-0.014559
-0.01321672
0.004136497
0.01285338
-0.02799154
-0.04032338
0.001696497
0.01537262
-0.00191132
-0.01036512
-0.009480816
-0.01023871
0.01696873
0.007728512
-0.02915166
-0.02820412
0.02406574
0.02783665
0.0001191334
-0.003521281
-0.008181695
-0.004225149
-0.01377136
-0.007819696
-0.01088177
-0.02626442
-0.03041279
-0.006307165
0.01116642
-0.0005268875
-0.006211378
0.01577061
0.037569
0.01588377
-0.007986297
-0.0007371863
0.01572252
0.01237792
-0.01716539
-0.01813136
-0.01299977
-0.01316809
0.003011121
0.005808955
0.01212681
-0.007161416
-0.02569382
0.01337521
0.02790101
0.009056486
0.0008770812
-0.001357762
0.01389529
0.01898201
0.01656765
0.01031605
0.008819685
0.004043004
-0.01395084
-0.0155237
-0.01445476
-0.0106512
0.01270576
0.008927661
0.004444742
0.01310758
0.002239465
-0.01942127
-0.009774131
0.01349103
0.01579315
0.002824856
-0.0020681
0.005264663
0.01144279
0.03488135
0.01774636
-0.003499239
-0.008702275
-0.01214479
-0.002765903
-0.003546217
-0.00557501
-0.01698882
-0.01408592
0.0003368705
-0.005172162
0.002446206
0.008577414
0.01119778
0.02356221
0.01517066
0.004849269
0.0008253593
-0.01110763
0.002480799
0.01695867
-0.002571279
-0.008175168
0.007349223
0.009657475
0.01063463
0.01155772
0.009926732
0.006619884
-0.01436152
-0.01775507
-0.01066608
-0.008962682
-0.009833768
-0.002664193
0.0007517811
0.001315836
0.006639211
0.01456461
0.0243158
0.00917798
0.001856415
-0.001356588
0.002716269
0.007605126
-0.001913517
-0.0307173
-0.0335376
-0.017748
-0.003936184
0.004254414
-0.0001672868
-0.004523707
-0.01948507
-0.006072068
0.006580012
0.007506172
-0.007855027
0.004427813
0.01344359
-0.0004773643
0.01740324
0.01955544
0.006637141
0.006620823
0.001273986
-0.004254411
-0.01325285
-0.0244453
-0.007495961
0.01347626
0.004181006
0.001107751
0.01422903
0.01416682
0.006371985
0.01001339
0.01468092
0.01103544
0.007059487
-0.004473647
-0.01236946
-0.004202314
-0.003113967
-0.0004313598
-0.0007067524
-0.01741842
-0.01414116
-0.003356689
-0.02398516
-0.03366393
-0.01607504
-0.006121875
0.01574897
0.01815618
0.02386819
0.01932716
-0.000697467
0.002109583
0.008808953
0.001787284
-0.0114472
-0.0001996537
0.008413237
0.01201895
-0.005561759
-0.008264748
-0.005766755
-0.01212542
-0.00339727
0.005333943
0.006397816
0.004236449
-0.01351052
-0.02983764
-0.02214071
-0.009960876
-0.005862502
-0.005914507
0.009181508
0.02316164
0.04869532
0.02862989
-0.01343081
-0.0148282
-0.004167141
-0.001635485
-0.006131628
-0.01449867
-0.005437995
0.007036621
0.006212479
0.01207342
0.008745174
-0.01193939
-0.01079391
-0.008021534
0.004216444
0.002112202
-0.005100199
0.005697539
-0.006572021
0.004096177
0.01294062
-0.009319845
-0.01126394
0.009337016
-0.005722244
-0.0211895
-0.02605182
-0.003565904
0.0218821
0.01358544
0.01893332
0.00237568
-0.01742148
-0.008657617
0.002996924
-0.003495354
0.01276245
0.03277487
0.02768815
0.01090306
0.001587418
-0.002235519
-0.006979516
0.01125811
0.01455477
0.004512894
-0.002372082
-0.008909238
-0.003682734
0.00325023
0.008955114
0.009945558
-0.002524937
-0.01103171
-0.006645688
0.002127358
0.02230706
0.03317519
0.01337191
-0.006973999
-0.01883147
-0.01578675
-0.008348883
-0.003996516
0.01083431
0.006450377
0.004207424
-0.005420329
-0.02024702
-0.005147935
0.01064373
0.0003784794
-0.009320673
-0.006518705
-0.007897717
-0.01191547
-0.0201907
0.002743007
0.01961893
0.02635198
0.01662631
-0.003878718
-0.0008747896
-0.00512612
-0.008410491
-0.006382702
0.009429368
0.01881544
0.004374307
-0.02548106
-0.03296171
-0.009605724
-0.005628713
-0.008794763
-0.005662312
-0.0149606
-0.00720041
-0.00430052
-0.02146097
-0.005670317
0.01026925
0.01057222
-0.01012048
-0.01994407
-0.01532344
-0.01358227
0.002245103
0.01074888
0.01449435
0.00592026
-0.01370655
-0.01481525
-0.003440182
0.00595711
0.005167663
-0.008181044
-0.006635711
-0.009667118
0.003335876
0.0009827692
-0.01050342
0.0107881
0.00504349
-0.009198737
-0.01781056
-0.01383865
0.01202553
0.0188871
0.003306634
-0.001851471
0.0007873031
-0.004147422
-0.001402567
0.009569607
-0.004522678
-0.007199123
0.007358352
0.007798007
0.002911223
-0.001898042
0.02003301
0.01724233
-0.02023957
-0.02320162
0.002378996
0.006487592
-0.002682171
-0.005953275
-0.008728659
0.009989398
0.02508135
0.03939811
0.02017931
-0.02112964
-0.02310534
-0.001245684
0.003069973
-0.00333355
0.003509667
-0.009564656
-0.01793678
-0.01119658
0.002857016
0.01868847
-0.004031989
-0.02192173
-0.009392013
-0.001347236
0.007107582
0.02835626
0.007283097
-0.01672562
-0.005265886
-0.001002248
-0.0004412098
-0.005094411
-0.005876713
-0.02145717
-0.01421616
0.003459462
5.168096e-05
0.0127752
0.017455
0.02384228
0.0174102
0.009083975
0.004843874
0.001318793
0.01227975
0.004952111
-0.01138009
-0.01551309
-0.00385445
-0.004331771
-0.006849091
-0.002380432
-0.0002302324
-0.0005718926
-0.01690103
-0.008414593
0.01219557
0.005167806
-0.0001392136
0.008385987
0.008260566
0.008011726
0.001785687
0.01585051
0.02834861
0.01754583
0.008160848
0.002960928
0.002766148
-0.000965991
0.003947389
0.01036935
0.006050712
0.001491351
0.003191732
-0.009418487
-0.005986145
0.01377333
-0.002627205
-0.01069434
0.01080424
0.007600458
0.005054579
-0.01313912
-0.02147044
0.0106443
0.01754974
-0.003202115
0.004670286
0.01181747
-0.01410171
-0.02690573
-0.007065668
0.006044432
0.006790093
0.01037238
0.006664717
-0.005005061
-0.00479286
0.003861882
0.001637303
0.006303845
0.007829806
0.001048888
0.00257281
-0.007600628
-0.02234979
0.008234956
0.03282006
0.01618288
0.002251761
0.0001587627
-0.004436295
-0.01939251
-0.003422331
0.00827915
-0.006400647
0.0001845144
0.007929415
0.001354538
-0.01373326
-0.011529
0.008238645
0.009379047
0.003117309
-0.008336229
-0.01400433
-0.004365285
-0.002336462
0.0084307
0.005187142
-0.004478336
-0.01768321
-0.01441509
0.01796689
0.002267093
-0.003957925
0.001629677
-0.00507882
0.007958862
-0.0006305157
-0.005669273
-0.002097191
-0.01054887
-0.004980646
-0.004561384
0.009817598
0.02718722
0.002705223
-0.03088741
-0.01538745
0.01483927
0.004619932
-0.01061475
-0.0217888
-0.02103906
-0.001584559
0.02183774
0.039342
0.01738757
-0.02663355
-0.03270863
-0.01422312
0.01553746
0.026273
0.01310178
-0.0003825761
-0.005582494
0.004530848
0.002157351
0.009748233
0.005309235
-0.02338944
-0.01565066
0.0178727
0.008878384
-0.01582087
-0.006149192
-0.00380213
0.007627012
0.01005975
-0.0009857834
-0.004411921
-0.0006470593
-0.006074437
-0.01055423
-0.007084153
0.01013655
0.007014371
0.001258553
0.005485475
-0.003835243
0.007949878
0.00266632
-0.004109498
-0.007421396
-0.004055354
-0.003129152
-0.00716627
-0.0001353687
0.01011261
0.01017793
0.009676136
0.008023778
0.00410906
-0.002668799
-0.009905657
-0.0003043555
0.001046166
-0.007415712
-0.01616013
-0.01352645
0.003463732
0.02443497
0.01242043
-0.008053985
-0.02467178
-0.03264508
-0.0180519
0.007014641
0.01818368
0.007778703
-0.004844775
-0.006842914
0.008602987
0.01985669
0.007997188
0.002703429
0.00583691
-0.005888968
-0.009413028
-0.006679387
-0.01562985
-0.01537787
-0.01084086
-0.01437716
-0.009300583
-0.002920443
0.001835857
0.005431398
0.0141861
0.004503279
-0.009872562
-0.01165752
-0.0001926804
0.01190354
0.00768384
0.00171076
-0.01018852
-0.00804036
-0.003329959
-0.008510499
0.00133458
0.00471388
0.00079406
0.01176726
0.00971302
-0.006174461
-0.002980801
-0.006195801
0.000420978
-0.002033102
-0.013811
-0.01358146
-0.009425944
-0.003035605
0.009359475
0.01851401
0.01113231
0.01338043
0.008202952
-0.00567411
-0.01100867
-0.01238155
-0.004248033
0.01769016
0.03014236
0.02369192
0.006690601
-0.02143484
-0.02817088
0.001182717
0.01017099
-0.009362987
-0.02356849
9.962985e-05
0.01505593
0.007313146
0.01459394
0.006580862
-0.01213202
-0.008899602
0.01739298
0.01589565
0.00531319
0.007654128
-0.01434315
-0.02782548
-0.001371739
0.001934118
-0.01531608
-0.007185627
0.01284313
-0.01252831
-0.02224887
-0.007436398
-0.001707022
0.02327995
0.04015793
0.01879305
-0.01382345
-0.01852868
-0.01302064
0.005021155
-0.005904029
-0.002257493
0.01226632
0.02930342
0.0183813
-0.02067243
-0.03347033
-0.009624736
0.01442486
-0.0006507047
0.01514913
0.02180059
-0.003452538
-0.01634224
0.007473773
0.02101431
0.009385324
0.003640719
0.003430634
-0.007811771
0.0006624237
0.01450284
0.005600313
-0.01898165
-0.0105095
0.0165797
0.009464211
-0.01214445
-0.02476896
-0.002201425
0.01880347
0.01655134
0.01397894
0.01360259
-0.01083453
-0.0181428
0.008758712
0.001252566
4.185955e-05
0.02253391
-0.006322873
-0.03534796
-0.01549363
-0.002217274
-0.0009473408
0.004671872
-0.001166575
-0.006311422
0.008754011
0.02503834
0.0161603
0.006964008
-0.003979539
0.006151133
0.01495784
0.0009053373
0.001383749
-0.0001462187
0.0001689932
-0.002738995
0.005345557
0.01191439
0.01039462
0.008516831
0.006144343
0.003395474
-0.007246155
-0.01277656
0.0004243073
0.0130295
0.005045989
-0.00438184
-0.006730869
-0.001192239
-0.002661008
-0.008871759
-0.005104868
0.0003776624
-0.003678847
-0.007467097
0.003969172
0.002529982
-0.01938571
-0.02152972
-0.00497509
0.01856042
0.02452235
0.004709899
-0.008340971
-0.01397848
-0.009970873
0.009524415
0.02007736
0.004644793
0.004520382
0.00212137
-0.005504121
-0.006433313
-0.004953264
0.004574583
-0.006047668
-0.0128643
-0.005456012
0.006058795
-0.001355557
-0.004370649
-0.001851222
-0.0006302547
0.005558112
0.00526948
0.003787447
-0.009725486
-0.02057316
-0.002607872
0.005692914
-0.005042559
0.002812487
-0.001959046
-0.00917246
-0.01316675
-0.02766705
-0.02290974
0.002403624
0.00429167
-0.009925065
-0.003672439
0.007128366
0.02073621
0.005152677
-0.0121057
0.005648447
0.004149072
-0.01123862
-0.006409918
0.0009137067
-0.005220549
-0.004834964
-0.0047462
0.001320784
0.01391067
0.004161532
-0.01486042
-0.0175277
-0.007216496
-0.0004008323
0.004226931
-0.003188445
0.008586459
0.01590804
0.004656444
0.001863707
-0.0003976099
-0.001162587
-0.001631764
-0.008544282
-0.0004301594
0.012276
0.007088305
0.01245557
0.00825421
0.005493091
-0.003209527
-0.008442105
0.005145336
0.001866058
-0.005334101
0.00724456
0.01059222
-0.0003339973
0.004177483
0.01687548
0.0101384
-0.005922494
-0.005348214
-0.007145433
-0.01467199
-0.02116631
-0.003909933
0.0002965672
-0.008197973
0.005565927
0.01483979
0.005988246
-0.01320711
-0.02329387
-0.01418934
-0.0008966772
0.008247642
0.01536828
0.01164734
-0.003610822
-0.0008241636
0.01753279
0.01718397
0.003692451
-0.009435951
-0.01240617
-0.01566301
-0.01406364
-0.005797539
0.001107878
0.0001613354
-0.01463375
-0.01266513
0.01140995
0.01765032
-0.003588099
-0.007362082
-0.001637826
0.00174349
0.003794727
0.001386523
-0.007592521
-0.006493965
-0.007126349
-0.006197113
0.009134522
0.01456298
0.008037034
-0.005304551
-0.004953656
0.008256379
0.01639905
0.005337169
-0.01722624
-0.0226669
-0.005343207
0.01023629
0.009874201
0.006847875
-0.00788805
-0.01283504
0.006511317
0.01047505
-0.009406776
-0.01712102
-0.005702108
-0.0001798152
-0.001670022
-0.001524149
0.008057744
-0.001477203
-0.003551871
0.01526
0.01618617
-0.003681373
-0.003795601
0.01189609
0.006026002
-0.008838445
-0.01293577
-0.003718022
-0.001045611
0.00437366
-0.009967529
-0.01875074
-0.005812026
0.01743786
0.01784486
-0.0004223137
0.004934737
-0.0002121728
-0.001759502
-0.001378012
-0.006518802
-0.009920493
-0.009077963
-0.01079563
-0.002502003
0.03118045
0.03572149
0.01374662
-0.01505613
-0.01907084
-0.001865468
-0.005093759
-0.009736792
-0.002142882
0.02567763
0.03299715
0.01882936
0.00176681
0.005356198
0.008718126
-0.008895226
-0.01804666
-0.005399672
0.01240546
0.01270432
0.0007866505
-0.0112932
-0.007919035
-0.001610329
0.009285317
0.01572152
0.00416391
-0.0168593
-0.01751618
-0.004201091
0.007501375
0.00467598
-0.008427954
-0.01648085
-0.02265694
-0.009323497
0.007493247
0.001337553
-0.009340823
-0.0119714
-0.005116993
0.01411001
0.0214938
0.01222608
0.008277665
0.00858571
0.001203973
-0.003154483
-0.006410319
-0.015982
-0.001224632
0.01066653
0.003904954
-0.003794003
-0.0025904
-0.001672397
0.000446146
0.003168529
-0.002661789
-0.005152626
-0.002458804
0.004450678
0.00498924
0.004840322
0.001850704
0.005248326
0.003105307
0.009174309
0.02325847
0.02220991
0.01789633
0.01677229
0.01564723
0.01370005
0.002589196
0.003124696
0.01323086
-0.002748463
-0.01398274
-0.007461883
0.0009979971
0.007247537
0.01396118
0.01454156
0.0008215357
-0.0164083
-0.01613699
-0.002532227
0.003358272
0.01133263
0.00596131
0.002374988
0.007449487
0.01363885
0.01550442
0.01275246
0.01484652
-3.732212e-05
-0.007979044
-0.002881087
-0.004062249
0.001742568
-0.001012454
-0.002091617
0.00336028
-0.007693463
-0.004570226
0.01051149
0.007121007
0.001419204
-0.00738952
-0.02190922
-0.02627177
-0.004237731
0.004888204
-0.003468659
-0.004714084
-0.009115388
-0.009680473
-0.004410137
0.007512638
0.007320873
-0.003712472
-0.01026292
-0.01658998
-0.01635131
-0.01355549
-0.0117807
0.003040915
0.01213523
0.008992605
0.003218378
-0.005090548
-0.01321689
-0.0158536
-0.01919003
-0.02095055
-0.01122078
-0.003000608
-0.005997374
-0.002600782
0.001948411
0.003894564
0.004637116
0.008484549
0.005657101
-0.0007454463
-0.006149414
-0.008464823
-0.00219693
-0.003955418
-0.01378925
-0.009736796
0.006054836
0.01153835
0.01156078
0.01042755
0.005425461
-0.004398168
-0.003950397
-0.004321686
-0.02033774
-0.02245526
-0.01174833
-0.007231785
-0.006107755
0.009536996
0.016372
0.001460615
-0.01352422
-0.01763177
-0.0107223
-0.000616147
-0.004982779
-0.006275128
0.00331388
0.003360789
0.009537899
0.01759589
0.01818645
0.01134428
0.001559412
-0.01382322
-0.01376407
0.004239937
0.01294256
0.006694032
0.0063411
0.002699688
0.01050778
0.02149214
0.00240793
-0.005864283
0.004909964
0.009841651
-0.002882862
-0.007861495
-0.007946168
-0.009684263
0.002056945
0.004779311
0.004377417
0.009075524
0.001241909
-0.006138825
-0.003356279
0.01137863
0.01150611
0.005562558
0.005563563
0.0007420086
-0.007496546
-0.01648684
-0.01475286
-0.009952752
-0.007351766
-0.002245662
0.01031358
0.005980607
0.002716592
0.002505436
0.00230958
0.002393204
9.512821e-05
-0.005129328
-0.01115142
-0.00358304
-0.0005750769
-0.003889073
-0.008834051
-0.01051401
-0.001732844
0.003316139
-0.008137457
-0.01392597
-0.007742752
-0.001029129
-0.002658087
-0.004526744
-0.001338242
0.01168
0.023003
0.0142677
0.008696447
0.007939588
0.0004252304
-0.003478328
0.007256133
0.01939921
0.01294056
0.009092079
0.007193839
0.0032913
-0.0002236387
-0.0003338177
0.001406283
-0.01154876
-0.02406621
-0.02346443
-0.006582434
0.007050866
0.002608746
-0.007045573
-0.007430133
0.001876326
0.007463866
-0.0009725737
-0.01182437
-0.005931854
0.0116315
0.02208342
0.01991284
0.009341543
0.003321482
0.002335122
-0.002980119
-0.0058647
-0.005823921
-0.002831263
0.003554936
0.007339114
0.01288891
0.005322531
-0.01426965
-0.01226129
-0.004641914
-0.0103213
-0.005412058
0.0107845
0.01144952
0.006096535
0.004879653
0.00734089
0.003251688
0.0001692253
0.0003548426
0.00283852
0.002869097
-0.0001399261
0.00987747
0.01972045
0.020107
0.0123101
-0.001657802
-0.01709247
-0.03021071
-0.02455075
-0.007442316
0.00735174
0.01750276
0.007033452
-0.004178412
-0.006061356
0.006363239
0.01533207
0.004780151
-0.003754213
0.0001360422
0.005701137
0.007369833
-0.0009788917
-0.002428336
0.0007264985
-0.001016706
0.003326428
0.003914943
-0.003497422
-0.01330985
-0.005951592
-0.008797418
-0.008326204
0.003467011
0.005348886
0.00297838
-0.003186526
-0.004293251
0.001864462
0.005962796
0.00681957
0.005995384
0.003050618
0.001008552
0.007285605
0.01239068
0.01146143
0.006875485
-0.00684252
-0.01027077
-0.003179754
0.0002841394
-0.008234928
-0.006927314
-0.001639661
-0.005117887
-0.005525915
0.0004543171
0.00340005
0.004722962
0.003396935
-0.003914452
-0.00755588
-0.008393327
-0.01349845
-0.01384834
-0.003162851
0.001549522
-0.0007526463
-0.002066434
-0.0008496024
-0.00437271
-0.004060618
0.006838053
0.008356805
0.001090297
0.006068888
0.0102274
0.001926611
-0.003026537
-0.003564106
-0.004807514
-0.005619462
-0.007307592
-0.008441863
-0.008063469
-0.005708318
-0.0005899876
0.007959623
0.01121441
0.006385705
-5.97042e-05
-0.001602993
-0.01400826
-0.01722435
-0.003392161
-0.006805111
-0.00712338
2.372983e-05
-0.00702042
-0.008076149
0.005438821
0.005179711
-0.003910559
-0.003655589
-0.005424298
-0.01181361
-0.002654038
0.006351511
-0.002155319
-0.002617409
-0.0007110589
-0.004182149
-0.00278274
-0.00352941
0.0003445197
0.007866989
0.01134924
0.007771048
0.004995598
0.001686687
-5.040342e-05
0.003444086
-0.0008460649
0.0009236044
0.003127794
-0.002446537
-0.009332589
-0.005765679
-0.00127159
-0.0007677408
-0.002299812
-0.008477984
-0.004041014
0.002682795
-0.004161436
-0.01101179
-0.007866138
-0.00292835
0.002757099
0.007038007
0.009542077
0.003384305
-0.001986027
-0.004085218
0.0003405303
0.006303419
0.008663667
0.009938635
0.005948364
0.007397752
0.008003601
0.000338269
0.0002464373
0.003350265
0.003529754
0.0003289619
-0.006003231
-0.003252322
0.003549006
0.008354195
0.003657062
0.001327351
-0.0002006413
-0.008826813
-0.009814206
-0.007756897
-0.008483169
-0.004725521
-0.001172894
0.001129214
0.001572882
0.00231949
0.004253378
0.003847385
-0.001185327
-0.006674999
-0.004843111
-0.001336383
-0.002211576
-0.002133068
0.00748754
0.007892447
0.002901555
0.0001924028
5.56904e-05
0.000260678
-0.0004666143
-0.001375467
-0.005257619
-0.002397571
0.001502876
0.004299683
0.008488792
0.01012484
-0.0001904538
-0.006447166
-0.004367419
-0.002157111
-0.003309744
-0.003879956
0.001620871
0.004555379
0.002469446
-0.0003753662
-0.001456599
-0.004486031
-0.002116604
0.005847524
0.006264671
0.001368639
0.002201946
0.002555854
0.006218641
0.006603148
7.796151e-06
-0.004582236
-0.007616769
-0.008871401
-0.01510771
-0.01989665
-0.01680404
-0.002765811
0.005155476
0.001167244
-0.003083129
-0.007902661
-0.01116363
-0.004724406
0.007119801
0.01188623
0.009464716
0.001208804
5.171938e-06
0.01119454
0.01115575
0.0002723149
-0.004089237
-0.00417495
-0.004821662
-0.007100374
-0.005840706
-0.003567159
0.006497149
0.008363717
0.003576824
0.008783892
0.01078
0.003831728
-0.002426004
-0.005556416
-0.005520748
-0.00294528
0.001570228
0.001204016
0.003476543
0.01408859
0.01552064
0.01198529
0.004846276
-0.000187456
-0.002746668
-0.004291999
0.003286569
0.0101287
0.005584565
-0.001305566
-0.003367018
-0.00354249
-0.0005998214
-0.0009772531
0.0003823755
0.0109424
0.008592292
-0.004332159
-0.00294601
0.008022018
0.008801268
0.008264716
0.007856684
0.005989033
0.004321302
-0.002531089
-0.00249542
0.0009052289
0.002542298
0.002787067
0.002118936
0.001334525
0.002029114
0.0007622433
-0.005425107
-0.0007168181
0.006385411
0.001109941
0.00168213
0.006304739
0.006130289
0.002569439
0.001674868
0.002842738
0.0008588077
0.002632557
0.004813287
0.002603937
0.004406247
0.005238537
0.003185247
0.0009473371
-0.0001716327
0.002142717
0.001091068
0.002030458
0.002756668
0.001632599
0.0007992293
-0.0008277001
-0.003959129
-0.006009359
-0.004636468
-0.004584477
-0.006622466
-0.006076795
-0.003355464
0.0009132066
0.003594758
0.002921529
0.00274198
9.37139e-06
-0.002298917
-0.002722246
-0.002395874
-0.0002518627
0.001738129
0.0004314807
0.001364752
0.002362284
-0.003199804
-0.002325692
-0.001789199
-0.001988127
0.000870905
0.002665057
0.003713589
0.004178682
0.002619075
-0.001189633
-0.00163132
0.0007064928
0.003370706
0.003210539
0.0009206116
-0.001614115
-0.002023162
-0.003631729
-0.002571975
-0.003124842
-0.005490248
-0.002904575
0.0007133389
0.003293913
0.007760466
0.00903136
0.003828315
0.001181389
0.001522043
-0.001176902
0.000788612
0.001766766
0.000495821
0.001284256
-0.001037289
-0.002611174
-0.006390299
-0.007436844
-0.005330569
-0.001439294
-0.002653118
-0.003921003
-0.002031987
-0.003616071
-0.002767456
0.0002323402
0.003155636
-0.0009417277
-0.004226151
-0.003036855
0.0002454814
0.001960078
-0.002948185
-0.006292788
-0.006753852
-0.005261615
-0.002398498
-0.0011327
-0.0006574031
-0.003628686
-0.006215428
-0.00622565
-0.006265453
-0.005987015
-0.002347677
-0.0003678787
-0.00132364
-0.0007840821
-0.0009167037
-0.004467345
-0.004819266
-0.002806827
-0.007578408
-0.00850051
-0.00789363
-0.006175971
-0.002836511
-0.002294912
-0.004958152
-0.006947172
-0.006002672
-0.007414372
-0.009306492
-0.008479292
-0.009525832
-0.00786631
-0.005098051
-0.003297769
0.0008036322
-0.0007488266
-0.003965925
-0.002677684
-0.001078342
0.0005271193
0.0004873212
0.001158463
0.005084425
0.002962807
0.00224063
0.001848932
0.0003505352
0.002561878
0.003749141
0.001765224
-0.0002737726
-0.001612029
-0.001058186
0.0008644981
0.0009246619
0.0005350059
-0.00209151
-0.004173345
-0.002551561
0.003296083
0.002071048
-0.001311287
0.001083658
-0.001195036
-0.001961071
-0.0006289656
0.00174558
0.006034666
0.008630553
0.007613598
0.006682324
0.00718823
0.006475237
0.008114364
0.009512771
0.009849359
0.007082086
-0.0008249664
-0.005021259
-0.000505731
2.465703e-05
-0.002001075
0.0001368335
-0.0004129579
-0.003417889
-0.00274572
-0.001846091
-0.0007475621
0.001326087
0.001047617
0.001502526
-0.002225583
-0.004488973
-0.003633203
0.0009088473
0.005290758
0.005004129
0.00391476
0.003811731
0.005923122
0.006674854
0.0006384855
-0.003767922
-0.00262553
-0.001208758
0.0006619144
0.002598887
0.00423496
0.004199253
0.004246166
0.00431756
0.002524393
0.001160647
0.001765501
0.0007087755
-0.00115987
-0.001306755
-0.0009824007
-0.003462026
-0.00260217
0.001295245
0.001577781
-0.001595443
-0.003872087
-0.001692351
-0.0005305747
-0.002604238
-0.001899421
0.0009443359
0.001919453
0.001404351
0.001997988
0.002018386
-0.001018156
-0.0009875574
-0.001030399
-0.00325604
-0.003721161
-0.003605902
-0.003991462
-0.001874963
-0.0009477828
0.0008096773
0.002243797
0.002082638
0.002471259
0.00231418
0.002592641
0.002569182
0.002750744
0.0005108259
0.001589988
0.00325667
0.0009065928
0.0003863956
0.002733419
0.002970062
0.002958845
0.005469069
0.005299753
0.002410097
-0.001451618
-0.001379194
0.0008158513
0.0003517564
-2.35982e-05
0.0004139874
-0.001346527
-0.002174761
0.0009474658
0.002157192
0.0001641192
0.0001580063
-8.984638e-05
-0.001970719
-0.0004223509
0.0003008371
-0.0003305345
0.002181734
0.003959603
0.003744392
0.001481021
0.001087311
0.001044481
-0.001636069
-0.0004079787
0.001260752
0.001018003
0.001624914
0.004020905
0.002203277
0.000510089
0.002704121
0.001288374
0.0004866665
0.001601539
0.001666833
0.001840246
0.0006917401
-0.002366206
-0.002239711
-0.001330877
-0.001404302
-0.003040367
-0.003895111
-0.0002159555
0.00227082
0.002157617
0.002193333
0.00465665
0.004533247
0.002144425
-0.0009604376
-0.0033309
-0.0007829213
-0.0004677228
0.000202436
0.002491335
0.0008358946
-0.001413186
-0.004787326
-0.004559845
-0.001432505
0.0008574159
0.0004392371
0.001542899
0.00224264
-0.0003093776
-0.0004766353
-0.0009182726
-0.0005836897
-0.001080406
-0.0004163629
0.001325821
0.003534145
0.003278149
0.0003670943
0.001701279
0.002331665
0.00324867
0.002471456
0.001208723
0.002494969
0.0009711163
8.47636e-05
-0.0009545888
-0.001414581
0.0002531472
-0.0009361442
-0.001922455
-0.0002363663
0.002154543
0.002601333
0.001514043
0.001136673
0.002457604
0.004386455
0.004132507
0.001173518
-0.0006012494
-0.003361337
-0.004374164
-0.001954691
-0.002172938
-0.001201864
0.00137979
0.0009187842
0.001214619
0.001477814
0.001041289
-0.0009670549
-0.001759559
-0.002138962
-0.002844765
-0.001232108
-0.000747571
0.0006937268
0.001829025
0.001159943
-0.002088718
-0.004112358
-0.003914439
-0.002646539
-0.0007227789
0.001299922
0.0005757627
-0.0008093562
-0.0009633344
-0.0008918924
-0.0005664701
-0.0007643074
-0.0009529643
0.001144199
0.002501863
0.0007444471
-0.002322648
-0.003590463
-0.003375198
-0.002663192
0.0002071335
0.00220842
0.001841267
0.0002419537
-0.001232919
-0.002707791
-0.001591863
-0.001382714
-0.002162965
-0.003126816
-0.003205306
-0.001840496
-0.002196425
-0.0006123144
-0.0002756632
-0.0002980515
-0.002456319
-0.004345307
-0.003028434
-0.003233401
-0.001425907
0.0004825665
3.688087e-05
-0.0006699243
-0.001479749
-0.001071694
-0.0005881577
-0.001450001
-0.001462185
-0.0001606075
-0.00159977
-0.002421832
-0.001929114
-0.001249735
-0.002210516
-0.002601116
-0.002149196
-0.004159556
-0.003664795
-0.002919114
-0.003190372
-0.00207749
-0.000519888
-0.001697925
-0.002512842
-0.002517878
-0.0003309342
5.46903e-05
0.0003270952
-0.001200799
-0.002436974
-0.002351227
-0.002568421
-0.002565294
-0.001203526
0.0008130814
0.0004031097
0.001014158
-4.861241e-05
-0.001761123
-0.001721273
-0.001668162
-0.003911071
-0.00325514
-0.001372148
-0.002044256
-0.002584783
-0.00288561
-0.002604017
-0.003623943
-0.004304208
-0.003588094
-0.003764478
-0.004482483
-0.003576646
-0.00289827
-0.003452053
-0.0002318353
0.001742963
0.001481921
-0.000558
-0.002015501
-0.0009566609
-0.0009953406
-0.0019612
-0.002292619
-0.001995717
-0.003411395
-0.002583072
-0.0005827693
0.001184974
0.002456998
0.001027042
0.0001213674
9.595277e-05
-6.410139e-05
0.0005245249
0.001387532
0.001147919
0.0003768867
4.343487e-05
0.0001587836
0.0006178727
0.0003078824
-0.0006732675
7.163086e-06
0.0002041142
-0.0009290143
-0.001255322
-0.00148779
-0.0008491766
0.0004575369
-0.001165189
0.0002200654
0.00327914
0.002326556
0.002207312
0.002258408
0.002787885
0.002877743
0.003694861
0.004542579
0.003232998
0.003022978
0.003080198
0.002824278
0.001696259
0.001768781
0.002534903
0.003031745
0.003484728
0.004300832
0.004433536
0.00304338
0.002084685
0.002053171
0.001772777
0.002823603
0.004617075
0.003752119
0.004361206
0.004230399
0.003330318
0.00382187
0.003991664
0.003781402
0.002854962
0.001635473
0.0009869824
0.002237496
0.002951366
0.002197857
0.001821364
0.001628466
0.001948939
0.002606466
0.001317286
0.0007552431
0.001820111
0.002451752
0.003708234
0.003884824
0.002126553
0.002563551
0.002653084
0.001673261
0.002666066
0.004068125
0.004890127
0.002872901
0.0008111682
0.003348992
0.004034522
0.002587317
0.001017182
-0.0004777458
0.0006022629
0.001679153
0.002666725
0.002210412
0.000868932
0.001480154
0.001757036
0.001265789
0.002145114
0.002429776
0.0008647319
-0.0005551194
0.001164238
0.002161612
0.002670212
0.001375633
-0.0007441788
0.0006275247
0.001813152
0.001126828
0.0002504112
-0.0008321779
-0.0007245537
-0.0005172955
-0.001056819
-0.00149068
-0.001495999
-0.001392437
-0.002244328
-0.002714322
-0.001762695
-0.0001344585
0.0008870813
0.0006641397
0.001285421
0.001130467
-0.0005966489
-0.00175279
-0.00240049
-0.00196282
-0.00244796
-0.001979124
0.00104353
0.001476298
0.0005873555
-0.000249164
-0.001577696
-0.0002175002
-0.0003800216
-0.001252674
-0.0008383535
-0.001420047
-0.002072724
-0.00177799
-0.001414765
-0.001394343
-0.001936085
-0.002722721
-0.003226946
-0.003651328
-0.004293237
-0.005151691
-0.00490177
-0.003821152
-0.003597772
-0.003161768
-0.00238087
-0.001511096
-0.001695493
-0.00281133
-0.002669846
-0.003057732
-0.002644303
-0.002132464
-0.001976162
-0.002277186
-0.00222423
-0.001492654
-0.001257358
-0.001235073
-0.00096992
-0.0001884482
-0.0005109849
-0.0006542178
-0.0002831053
-0.0005689172
-0.001152289
-0.000566519
-0.0005631074
-0.0009663779
-0.0002243083
-0.0008146534
-0.0007672738
-0.0001986125
-0.0007944312
-0.0007982529
-0.0008854993
-0.0003830086
0.0002084698
0.0001294586
0.0002697447
0.0002468994
0.0003380184
5.935475e-05
-0.0008515515
-0.001135009
-0.0005917315
-0.0001017111
0.0005381403
0.001028352
0.000853603
0.0007150207
0.001153111
0.001247476
0.001438381
0.001246333
0.0003066041
0.0004163797
0.0005096914
0.0009676626
0.001341754
0.0009472673
0.0006052712
0.0003178651
0.0003231847
0.0006098351
0.0007652587
0.0005686277
0.000619729
0.0009395971
0.0007584161
0.0003115942
0.0001629439
0.0002035527
0.0003478139
0.0003977147
2.645371e-05
0.0002348263
0.000367012
0.0001455011
0.000207298
0.0001179763
0.000257793
0.0001661751
7.263159e-05
0.0002251196
8.637184e-05
0.000207285
0.0001602908
-8.985605e-05
-8.346371e-05
1.915991e-05
0.0001376992
0.0003697459
0.0004243801
0.0001078928
0.0001733154
4.495445e-05
1.67588e-05
2.847464e-05
0.0002463238
0.00016333
-1.516165e-05
6.629427e-05
-5.388442e-05
3.323146e-05
-0.0001106927
-4.192434e-06
-0.000131575
-0.0002723866
-0.0002216453
-0.0002193668
-0.0002002397
-0.000158498
-2.290084e-05
-4.299961e-05
-4.701783e-05
-5.299019e-05
-0.0001644196
-0.0001992685
-0.0001713688
-0.0001680067
-5.942455e-05
-0.0001197405
-0.0001591763
-3.552103e-05
-1.991083e-05
1.746948e-05
6.793596e-05
6.175351e-05
2.692451e-05
5.382524e-05
9.62559e-05
8.986461e-05
6.808269e-05
3.198475e-05
5.336123e-05
9.668701e-05
7.926484e-05
9.483344e-05
0.0001462257
0.0001910486
0.000188964
0.0001879714
0.0001817836
0.00016133
0.000194778
0.0001824595
0.0001613789
0.0001156524
9.154078e-05
8.127913e-05
9.90424e-05
9.266942e-05
6.549878e-05
6.227866e-05
5.69076e-05
6.805458e-05
5.071803e-05
2.792144e-05
2.264243e-05
1.609571e-05
9.97993e-06
6.795718e-06
1.486064e-06
-4.74604e-07
-6.036815e-06
-1.423702e-05
-2.089295e-05
-2.637483e-05
-2.88949e-05
-3.136069e-05
-3.401798e-05
-3.59275e-05
-3.71197e-05
-3.823616e-05
