-0.0003355747
0.000295665
0.0009585254
-0.0002758134
-0.001695792
0.001558891
0.003306014
0.002068618
0.0006772026
0.001939828
0.003929714
0.00184572
0.002184228
0.003502956
0.002669484
0.0008047939
0.0005251839
0.002583415
0.004193866
0.001894658
-0.002124269
-0.001711296
0.002079918
0.002159353
0.002321409
0.001570565
-0.0001574385
-0.0004778411
0.000371697
0.002234096
0.0003010752
-0.001527905
-8.778404e-05
0.001677717
0.002823059
0.003075902
-0.001001155
-0.001750971
-0.0008636859
-8.55407e-05
0.001934965
-0.0008925882
-0.003428421
0.0001771669
0.003495115
0.002327104
-0.001602046
-0.003053615
0.002305356
0.004491107
0.00113826
0.0009168127
0.002376326
-0.0004634596
-0.002287325
-0.001847809
0.0005939667
0.004080223
0.001937101
-0.001047521
0.001022977
0.001169756
0.0005107361
-0.0002768034
0.003262497
0.003687739
-0.002188579
-0.001599116
-0.001318712
0.002347072
0.002669296
-0.001429158
0.0003955275
0.003274894
0.003289081
-0.001714111
-0.002937183
-0.002121274
-0.001764365
-0.002346875
0.003242636
0.002950827
0.001130039
-7.364876e-05
-0.003527456
0.001023698
0.0004371119
-0.001154173
-0.002513918
0.002060698
0.003047974
0.006582191
0.004669609
-0.001180173
-0.001059894
0.0004241252
-0.0005714749
-0.0007469944
-9.019344e-05
0.0007379681
0.00442723
0.004273133
0.002176956
-0.00221932
-0.001902175
-0.0008628705
-0.0006936249
-0.001648419
-0.001740292
-0.004407665
-0.002594177
0.001825411
0.008429841
0.004238589
-0.005142421
0.003058309
0.00693118
0.004345412
0.0002296442
-0.006631963
-0.008992311
0.002215384
0.008333278
0.005689373
-0.0004582319
-0.01761776
-0.0153881
0.006379657
0.01103079
0.003595953
-0.007404809
-0.00570963
-0.0006627303
0.004493309
0.008963911
-0.0003640486
-0.01170549
-0.01116494
0.007514258
0.008696381
0.0002609246
-0.003592691
-0.002835906
0.0004616986
0.007962724
0.00326353
-0.01995478
-0.02600955
-0.007922968
0.01256572
0.00938531
-0.00486516
-0.01615253
-0.01222558
0.007141109
0.01882924
0.009799133
-0.004382996
-0.01997782
-0.01257879
0.01707358
0.01543746
-0.008374487
-0.01747497
0.000618763
0.01288218
0.008414535
-0.0004829673
-0.00338593
-0.003898012
-0.0001281333
0.001588486
-0.001838755
-0.002501795
-0.001366575
0.007092246
0.001935087
-0.004553171
-0.002803909
0.006108814
0.007582677
-0.001722819
-0.002623515
-0.001280211
0.007092934
0.007520279
-0.003035734
0.004504072
0.009522439
0.001797946
-0.01256267
-0.007230138
0.00324931
0.001734579
0.006274569
-0.0008644413
-0.002307771
-0.0026903
-0.0008420888
0.007306663
0.005983695
-0.002774052
-0.005920779
-0.002589486
0.0008795079
-0.003198478
0.002577757
0.01180261
0.006528167
0.005993663
0.00311928
-0.007382663
-0.008806607
-0.001788008
-0.00356793
-0.01519901
-0.007978451
-0.001780953
-0.006511733
-0.007328773
0.001077028
0.002833448
-0.00281125
-0.01214733
-0.01777265
-0.0003235231
0.0009810399
-0.001513897
-0.002932733
-0.0003399083
0.004665216
0.0006219214
-0.009812693
-0.01184353
-0.003620301
0.003969506
0.000134293
-0.00132126
0.004331568
-0.003151163
-0.009090635
-0.001681366
0.007179364
0.001789674
-0.005406435
0.004451854
0.01021485
0.003887777
-0.01035041
-0.0005012994
0.01652249
0.01205183
0.01076866
0.003520533
-0.009327393
-0.01335232
0.006229636
0.008641932
-0.002823893
-0.0009766776
0.004616999
0.003922375
0.003086992
0.005893009
-0.001569313
-0.006707055
-0.008843956
-0.007882097
0.001835441
0.006974201
0.003969281
-0.007498579
-0.006572418
-0.006894737
-0.009083656
0.001049025
0.0002065073
-0.00186205
0.003673492
0.004032535
0.001334638
-0.009868017
-0.007421034
0.00371125
-0.001314285
-0.00175696
0.003690866
0.008645011
0.005106637
0.006778424
0.00903467
0.0100251
0.01382358
0.006753972
-0.006757959
-0.005102491
0.002909618
-0.002731993
-0.004551664
0.0006258657
-0.007083284
-0.01807887
-0.0115988
-0.005569571
-0.006234601
0.00207739
0.007047862
0.005837134
0.003311627
0.00354114
-0.0003695269
-0.005815293
-0.01083164
-0.01451383
-0.009615772
-0.005689776
0.002605898
0.006464573
0.01286101
0.008022146
-0.005055258
-0.001813682
0.004585815
0.004002392
-0.006143531
-0.01883027
-0.02557653
-0.001836017
0.01743894
0.00476852
-0.0137057
-0.007504081
0.005655979
0.003045819
0.005077679
-0.0006251203
-0.003292399
-0.004285858
-0.008602478
-0.01422673
-0.0001466332
0.001578209
-0.01020889
-0.009189886
-0.005310802
0.006886381
0.002621784
-0.01137973
-0.01103597
0.0008399169
-0.004805758
-0.009410013
-0.002087408
0.008786837
0.01861252
0.004885389
-0.01667228
-0.009252779
0.02089539
0.01654716
-0.01127944
-0.01789411
2.527876e-05
0.01463375
0.0002731952
-0.01013078
-0.01062545
-0.007739838
-0.008032549
0.006849281
0.02200651
-0.005716039
-0.02947283
-0.01317014
0.01542763
0.0302809
0.01687507
0.0001440465
-0.001718442
0.00168431
0.009435322
0.001336555
0.008334809
0.008365442
-0.0001066459
0.0002136675
-0.003226759
-0.002989065
-0.01931413
0.001537764
0.01743654
0.002925033
-0.005933632
-0.02221586
-0.03578182
-0.02442102
-0.004804349
0.008975886
-0.004290197
-0.009590081
0.006204656
0.01493895
0.02337541
0.003820008
-0.01267029
-0.009276717
-0.006476778
-0.00354016
0.01046958
0.01055836
0.006417196
0.01113474
0.003686735
-0.01032191
-0.02400823
-0.01285857
-0.0005981257
-0.01154881
0.0001638951
0.0229283
0.02380758
0.001624658
-0.00898432
0.005687401
0.01106896
0.005392704
-0.002001233
-0.006372911
-0.007489768
-0.01455425
0.003055077
0.00708616
-0.0139615
-0.02502947
-0.01494265
0.001750714
-0.01114918
-0.01516692
-0.02052595
-0.007867709
0.02010482
0.03077814
0.01873403
0.0008218509
-0.009482143
-0.01101006
0.002418288
-0.001031306
-0.01575292
-0.002929434
0.01705445
0.007114599
-0.002677354
0.002119753
0.01250748
0.01314197
0.003567274
-0.002856638
-0.00695699
-0.007227242
-0.006487694
-0.006044966
-0.003558158
-0.01192007
-0.00679146
0.002548728
-0.0005632426
0.001543106
-0.0006855441
-0.006329154
0.004769515
0.009076004
-0.004978525
-0.01224291
-0.008694286
-0.002693575
-0.0134688
-0.008458514
-0.01163474
-0.006148112
0.01244654
0.0006186703
-0.01404786
0.007663913
0.03329758
0.02387488
0.0006515682
-0.00409138
0.008091552
0.007817224
0.008986198
0.01164131
-0.0008260978
-0.002637565
0.0007754081
-0.008417799
-0.01690007
-0.01444487
-0.01088502
-0.02189892
-0.01226905
0.001916142
-0.008379684
-0.009144631
0.002474244
0.008602458
0.01225819
0.01315381
0.004738862
-0.008331363
-0.01513267
-0.001643113
0.02057968
0.03392134
0.01900593
-0.01609629
-0.0243052
-0.002722961
0.006976274
-0.007576009
-0.007498433
0.005809562
0.004756979
0.006729715
0.01974089
0.03139649
0.02472982
-0.007459279
-0.0328001
-0.03124556
-0.01916667
-0.002010211
0.004748366
-0.006109477
0.0127208
0.03544238
0.03683473
0.005412672
0.0005901707
0.0005259685
-0.009562793
-0.009503576
-0.01965252
-0.0237447
-0.02725956
-0.02755326
-0.01260102
0.01739111
0.02086631
0.005011491
-0.01053835
0.005240089
0.01082669
0.01662137
0.006928365
0.018892
0.03348622
0.03275902
0.008232163
-0.02331128
-0.0180776
-0.0150155
-0.002889679
-0.01085378
0.00655972
0.0118189
-0.0136994
-0.01760798
-0.0140522
-0.0051455
0.00480568
-0.01178762
-0.0196895
-0.0007541594
0.01392268
-0.007009698
0.000939222
0.01451548
-0.01054076
-0.02234618
-0.03255121
-0.009931634
-0.004991714
-0.02681251
-0.02693995
-0.01039549
-0.01463659
-0.03161239
-0.03922357
-0.01994959
-0.004868825
-0.004287364
0.01578426
0.03576
0.03600792
0.0477594
0.02101404
-0.01599965
0.007280886
0.01652011
0.02824099
0.02453845
0.02383777
0.03254353
0.04451024
0.0226415
0.00518324
0.02684402
0.02820986
-0.001546534
-0.02329491
-0.01846515
-0.02302347
-0.03491252
-0.06019214
-0.0510641
0.002078981
0.05015776
0.04279342
0.02946413
0.03286283
0.02111657
0.0009614345
-0.0159399
-0.00973212
-0.007396258
0.005028424
0.03662809
0.02955445
0.002871311
-0.01552841
-0.03723394
-0.01694098
0.0253646
0.05745284
0.06107084
0.03407355
0.01511895
0.005526934
0.003465577
0.01128598
0.0177814
0.02531212
0.05028485
0.04905887
0.02959835
0.04248713
0.05724252
0.05738436
0.06450606
0.07821492
0.08191963
0.07409017
0.06402079
0.05576803
0.0332363
-0.008569358
-0.03583593
-0.03088989
-0.01255125
0.002618253
0.01143621
0.02716672
0.04640908
0.0540214
0.04523416
0.02839199
0.01165997
-0.01280875
-0.03710916
-0.04083516
-0.03865842
-0.02782188
-0.001466034
0.01082197
-0.008764009
-0.05275042
-0.07859614
-0.08230072
-0.07613986
-0.06164763
-0.06375081
-0.07255641
-0.08000337
-0.08067242
-0.06917798
-0.04543028
-0.013238
0.004286681
-0.01142432
-0.02888053
-0.009577993
0.04285415
0.1037156
0.1396023
0.1411252
0.08383902
0.02180472
-0.005689318
0.002607424
0.04367982
0.07527132
0.1111315
0.1383482
0.1460799
0.1487799
0.1214256
0.08930689
0.0499217
0.00532736
-0.001001678
0.003605723
-0.01853025
-0.06709749
-0.1066683
-0.1186237
-0.1104289
-0.05066097
0.01503729
0.01084617
-0.0274007
-0.04867376
-0.009957565
0.05520928
0.08565838
0.09194267
0.0793804
0.06163246
0.05467408
0.06719871
0.104337
0.1196911
0.08239996
0.008908003
-0.05523055
-0.0900992
-0.1075656
-0.115391
-0.1229338
-0.1314314
-0.1249166
-0.1137343
-0.1215311
-0.1248399
-0.09790879
-0.07731697
-0.1010095
-0.1405354
-0.1527346
-0.1162114
-0.03394526
0.0514594
0.09550511
0.08013683
0.03364324
0.006884616
-0.003118465
-0.009622946
-0.002309488
0.02136885
0.06840213
0.08241087
0.04545021
0.008353886
-0.02661472
-0.02501836
0.0151391
0.05216311
0.07160131
0.08803153
0.104729
0.0830765
0.02313931
-0.01371221
-0.01054506
-0.01159866
-0.02373966
0.003541315
0.07450379
0.1052222
0.08398379
0.071242
0.06969268
0.06571473
0.06868095
0.04195191
0.01470267
0.02491394
0.04463672
0.03920221
0.02957653
0.04359139
0.0687681
0.09631122
0.09972113
0.09433967
0.06736175
0.04440976
0.0387121
0.03725763
0.02195259
-0.0157741
-0.01506616
0.006057074
0.01949767
0.037107
0.0369918
-0.0004350066
-0.06429919
-0.1205572
-0.1543967
-0.1807218
-0.2039992
-0.2224387
-0.2300999
-0.2412117
-0.2448031
-0.2258381
-0.199112
-0.1810815
-0.1697002
-0.1490258
-0.1196314
-0.09437512
-0.07363133
-0.05098014
-0.04863307
-0.05279155
-0.05834438
-0.06686337
-0.07367692
-0.07450715
-0.05823299
-0.03611322
-0.01591105
0.002479599
0.02114769
0.0431522
0.06658472
0.09013962
0.1119748
0.1389763
0.1575302
0.1686737
0.1681423
0.1365795
0.08867016
0.03998765
0.02610244
0.02857905
0.01431338
0.007924148
0.0126417
0.02974715
0.05751771
0.07070228
0.07886029
0.08019145
0.06004649
0.02911504
0.005396009
-0.009956982
-0.02165021
-0.04645962
-0.07046936
-0.07829474
-0.08110787
-0.0897411
-0.1125992
-0.1255328
-0.1331848
-0.121262
-0.09845369
-0.09299462
-0.098729
-0.1115442
-0.1121949
-0.1065859
-0.1024426
-0.09838605
-0.08539834
-0.0673137
-0.03815185
-0.00473049
0.01882033
0.02646324
0.01664476
-8.114995e-05
-0.01222318
-0.01235268
-0.02124908
-0.03038313
-0.04544033
-0.06771811
-0.08553134
-0.07387065
-0.02450669
0.01132901
0.02098437
0.01478996
0.0076908
0.001790144
-0.01036107
-0.03325085
-0.06495037
-0.07053074
-0.06346006
-0.07037664
-0.08063372
-0.07978402
-0.06979919
-0.07460845
-0.08240223
-0.08895774
-0.08638423
-0.05361057
-0.004583211
0.03673193
0.05322741
0.06658231
0.09494753
0.1129393
0.1276967
0.1392177
0.1455703
0.1399685
0.1155936
0.09007425
0.06974058
0.0590704
0.04289936
0.01758096
-0.008372902
-0.030259
-0.04405243
-0.05350983
-0.05657693
-0.04855969
-0.03488452
-0.0237726
-0.01098074
0.01459069
0.04637495
0.0741302
0.0800136
0.06336316
0.03645355
0.01201337
-0.01168018
-0.02070408
-0.006301645
0.00127291
-0.01032853
-0.02736046
-0.03554695
-0.04078563
-0.04320096
-0.0403847
-0.03619655
-0.0208343
-0.003328003
0.01495451
0.03791576
0.05170211
0.05929708
0.0559566
0.04934295
0.0511851
0.0607558
0.06426769
0.0623746
0.05990929
0.04586392
0.02271301
0.01930013
0.0389525
0.05107523
0.05085698
0.04575395
0.04149344
0.04075601
0.04558166
0.04768391
0.0427961
0.03159448
0.02766445
0.02924446
0.03532981
0.04764124
0.06564427
0.07929495
0.0759606
0.07289043
0.07751004
0.07316282
0.06435923
0.05732126
0.05128901
0.06208573
0.07877092
0.07993986
0.06162681
0.02668266
-0.02079015
-0.05948383
-0.07798354
-0.079691
-0.06097499
-0.03173157
-0.02000664
-0.01962514
-0.0154829
-0.005931593
-0.001450709
0.007076514
0.0218747
0.0323644
0.02896986
0.01421151
0.004993789
-0.004053589
-0.01419543
-0.02161794
-0.01739716
-0.01551422
-0.0175746
-0.00865876
0.01531534
0.03661092
0.03011354
0.007357365
-0.02567429
-0.04684641
-0.03096295
-0.009279777
-0.0180589
-0.0359456
-0.04045296
-0.00777724
0.04898884
0.07056083
0.06867895
0.06878709
0.07780799
0.08082416
0.0732527
0.07719808
0.0851796
0.08687281
0.07139535
0.04222439
0.01870321
0.01129292
0.0170437
0.02205803
0.01483747
-0.004719996
-0.02623076
-0.04931538
-0.06552011
-0.07574865
-0.075002
-0.05435311
-0.02213333
0.0140675
0.04077315
0.0443146
0.03536718
0.02455009
0.01799864
0.02563233
0.04411781
0.06519409
0.06721471
0.03580382
0.005131412
-0.01076528
-0.0216711
-0.01390685
0.0006577353
0.01250505
0.003150635
-0.005957955
0.01104239
0.0326358
0.04606819
0.03370376
0.0004752304
-0.02035928
-0.02767573
-0.01590798
0.003573003
-0.003566989
-0.02686378
-0.04863261
-0.06368577
-0.07225581
-0.06833797
-0.05884687
-0.06004026
-0.06703541
-0.06010859
-0.05174866
-0.05238106
-0.05257689
-0.04854585
-0.04981778
-0.05232188
-0.05160686
-0.05853979
-0.07396831
-0.07766069
-0.06318078
-0.03989214
-0.001661518
0.01908018
0.01964323
0.01966975
0.01840495
0.01066927
0.01134961
0.03119881
0.05822167
0.07596151
0.07650007
0.06520358
0.0534797
0.05330426
0.05823086
0.05160799
0.03219943
0.008203934
-0.006415726
0.002764272
0.02168527
0.03446485
0.02964025
0.01869768
0.001365841
-0.0272013
-0.04534404
-0.06039618
-0.07249237
-0.07451503
-0.06434258
-0.03868448
-0.01579773
-0.003942272
0.0004488227
-0.002566302
-0.002862108
-0.01146785
-0.02209932
-0.0128979
-0.002398031
0.008654683
0.01903011
0.009619588
-0.009335079
-0.01823153
-0.02600393
-0.03452196
-0.03334591
-0.02778692
-0.006019106
0.001295305
0.002041936
0.01190023
-0.001572963
-0.01754311
-0.01504514
0.002502927
0.01170128
-0.001842294
0.006018835
0.03611698
0.03346599
0.011333
-0.00698621
-0.02244126
-0.04444369
-0.04444983
-0.0387001
-0.04482929
-0.02376427
-0.00472598
-0.001596633
0.007782252
0.002027398
-0.02053808
-0.04877475
-0.04890124
-0.03299538
-0.03682549
-0.04043019
-0.04443983
-0.03459786
-0.01329212
-0.0116377
-0.02839937
-0.04230097
-0.04480407
-0.02514562
-0.02224986
-0.03184196
-0.02167462
-0.006328736
0.007966546
0.02518209
0.03246385
0.01311749
-0.002749652
-0.001838812
0.02168849
0.03959661
0.04330531
0.04562476
0.03663344
0.01830402
-0.005468117
-0.0205519
-0.001079101
0.03403132
0.04964239
0.04322963
0.03515631
0.03879462
0.03343654
0.01695944
0.01111583
0.02862819
0.03855174
0.009884621
-0.01799914
-0.01227799
0.008569766
0.0159117
0.01198467
0.007074368
-0.0006225779
0.007167135
0.01653887
0.01753232
0.01295453
-0.002563773
-0.004380421
0.004651651
0.01704564
0.03345639
0.04147152
0.03853492
0.02273407
0.007357538
0.01521661
0.02942926
0.03424363
0.02809504
0.007244167
-0.002522364
0.002157365
0.007916253
0.01097622
0.00625869
-0.004256522
-0.001957474
0.01405445
0.02010098
0.01775189
0.03091495
0.05209726
0.06192492
0.05965743
0.05852826
0.0677684
0.06732569
0.04586383
0.02362882
0.01668054
0.02215587
0.03027707
0.02676211
0.008478579
0.009115022
0.02191904
0.01769519
0.006652629
-0.006843028
-0.02740117
-0.05386
-0.06816452
-0.07109807
-0.07164892
-0.06320744
-0.04793502
-0.03974344
-0.03939362
-0.0412827
-0.04702534
-0.0511523
-0.04558722
-0.03101758
-0.01853384
-0.01477212
-0.01215995
-0.006964109
-0.007648572
-0.01021799
-0.003043357
0.006135579
0.008861997
0.006993312
0.005960008
0.002837744
-0.00460728
-0.006253604
0.001250491
0.005033625
0.00248256
4.934721e-06
-0.002434951
-0.004962557
-0.01256262
-0.01740563
-0.02470378
-0.03791282
-0.03762931
-0.03414708
-0.03706025
-0.04117701
-0.03851282
-0.02497135
-0.01844136
-0.01858319
-0.01731436
-0.01646679
-0.01429118
-0.01330999
-0.01845288
-0.03065723
-0.0406441
-0.03711495
-0.0193721
-0.005804113
-0.009449645
-0.01657746
-0.01438961
-0.006406121
-0.001814134
-0.003614487
-0.00749156
-0.009063434
-0.01752949
-0.02736234
-0.03479513
-0.03875891
-0.03051328
-0.0167923
-0.006312875
-0.00692187
-0.01491669
-0.01932212
-0.02331242
-0.04068409
-0.06098725
-0.06915343
-0.05555076
-0.03756312
-0.01851774
0.01499328
0.0367845
0.02752182
0.004476907
0.0006518483
0.009641049
0.01596091
0.02641279
0.03689833
0.04541935
0.04499905
0.04647187
0.05829769
0.06220627
0.05650338
0.04872174
0.04330956
0.03678558
0.0303432
0.03210162
0.03525641
0.03838673
0.04723211
0.05602546
0.06181594
0.06503907
0.06899049
0.06450243
0.0525449
0.04846382
0.04441027
0.03824329
0.02568396
0.005891816
-0.00475807
0.0003418632
0.0134488
0.02146593
0.01884956
0.01327111
0.01202461
0.01779672
0.01748147
0.01081978
0.006711155
-0.006014434
-0.01827184
-0.01428575
0.004516858
0.01365191
0.01063468
0.007422628
0.002402117
0.003240487
0.009086035
0.009930524
0.01306491
0.02492642
0.03418591
0.0265032
0.007894244
-0.004105108
-0.01205506
-0.02378513
-0.02816509
-0.02448296
-0.02492979
-0.03434447
-0.04456392
-0.04606646
-0.04585029
-0.04731713
-0.04579842
-0.03767012
-0.02971011
-0.02471831
-0.02825167
-0.02882498
-0.02518162
-0.0188373
-0.009095355
-0.005567252
-0.007560409
-0.02289415
-0.03592472
-0.03667654
-0.02652762
-0.01872062
-0.019756
-0.01918182
-0.01579142
-0.008198619
-0.0004466996
-0.00476852
-0.02093866
-0.02184348
-0.007213702
0.008125997
0.01413269
0.008505273
0.001058171
-0.007662911
-0.01050981
0.002555284
0.01990948
0.01974416
-0.003715925
-0.04021569
-0.06702137
-0.0587319
-0.03054532
-0.01226089
0.005086169
0.03078702
0.059248
0.06888793
0.03733109
-0.01078036
-0.03552258
-0.01468407
0.02188794
0.03672172
0.03730915
0.0109645
-0.02263438
-0.04967059
-0.0686539
-0.04398835
-0.01279378
0.003237473
0.01982564
0.02729195
-0.0007295743
-0.0186276
-0.002145514
-0.01300452
-0.03047415
-0.0328692
-0.02421357
0.01318667
0.04109888
0.02656685
-0.002942861
-0.009943214
0.01172047
0.03089638
0.03890533
0.0445591
0.04568202
0.03257799
0.01461162
-0.0008180166
-0.01217275
-0.007775624
0.004978361
0.02321689
0.03972345
0.04751819
0.0472988
0.02748826
0.00222991
-0.01040187
-0.003374162
0.01905962
0.03706762
0.04341295
0.03943077
0.02758643
0.006469275
-0.006478702
-0.00362076
0.0106979
0.0144004
0.006349444
0.004967245
0.005800486
0.009523387
0.01308513
0.002550468
-0.01985087
-0.03153303
-0.02196043
-0.007657073
-0.001024114
0.001195305
-0.001884177
-0.002509538
-0.00445274
-0.0108207
-0.01476514
-0.02257233
-0.03108331
-0.04026647
-0.05520447
-0.06800966
-0.06686226
-0.0595663
-0.05019057
-0.03367891
-0.01853508
-0.009570403
-0.003690207
-0.000680292
-0.004377897
-0.01285012
-0.01976379
-0.02006581
-0.01258422
-0.009501886
-0.01813323
-0.02488472
-0.02197477
-0.01404743
-0.01036024
-0.005488828
0.002372204
0.005946176
0.004799588
0.004006939
0.006740431
0.008104063
0.007987673
0.006475923
0.007455014
0.01064444
0.01158783
0.0201547
0.02827073
0.02406516
0.01334995
-0.002710057
-0.009160649
0.00518248
0.02466029
0.0343002
0.0293898
0.01762807
0.0128717
0.01368759
0.01074069
0.008495562
0.01440023
0.02817725
0.03797628
0.04250191
0.03059023
0.00404258
-0.002123434
0.008321252
0.01953706
0.02816614
0.04097111
0.05636279
0.06519383
0.06937266
0.06549246
0.05000569
0.02490133
0.002853915
0.002606958
0.01455512
0.02498756
0.02355741
0.006089789
-0.01630341
-0.03308355
-0.04046846
-0.0360275
-0.02955164
-0.0175586
-0.003138979
0.0007960618
0.001492603
0.001060003
-0.007444876
-0.02149652
-0.01985954
-0.007621697
-0.005439017
-0.01606652
-0.02596166
-0.03185228
-0.03395972
-0.02457584
-0.01686476
-0.01749933
-0.01325115
-0.00575835
-0.004460012
-0.008019936
-0.0103681
-0.008683181
-0.002709163
-0.007555307
-0.02108165
-0.02944067
-0.0268245
-0.01504464
-0.01047925
-0.00655237
-0.004672635
-0.01070708
-0.01899062
-0.01753317
-0.006235774
0.004925959
0.005116573
7.458772e-05
0.001456562
-0.007944904
-0.02232907
-0.02037182
-0.007148664
-0.009115351
-0.0110953
-0.0008740056
-0.0003478131
-0.0102705
-0.01259011
-0.002953277
0.006674375
0.01301049
0.01354484
0.01047349
0.008863801
0.01164419
0.01169812
0.01002621
0.01149794
0.008598974
0.0004878036
-0.01167277
-0.02457488
-0.03425175
-0.04042288
-0.03694481
-0.02921538
-0.02144413
-0.01779266
-0.01441761
-0.01124758
-0.01589688
-0.01591945
-0.01865624
-0.02361561
-0.02516309
-0.02236434
-0.01511227
-0.003940344
0.0007729426
-0.0002074107
-0.0003676841
-0.003937818
-0.006951031
-0.005114145
0.00495516
0.01471031
0.01679403
0.01049744
0.004084562
0.002528927
0.005894792
0.01028372
0.0120339
0.01560071
0.02006409
0.02251909
0.02604714
0.0257257
0.02620394
0.02698717
0.02474201
0.02663704
0.03134726
0.0366246
0.04142458
0.04534839
0.04613059
0.03920669
0.02528865
0.01590248
0.01707534
0.0176158
0.0170822
0.02062758
0.02057338
0.01557932
0.010266
0.008136106
0.006837506
0.005557267
0.01036133
0.01548669
0.01263463
0.01186337
0.01256703
0.003511327
-0.007244713
-0.007230574
-0.001662535
0.001301444
-6.337273e-06
-0.004773958
-0.0124292
-0.01885126
-0.01632894
-0.01623014
-0.01995023
-0.02044201
-0.01868163
-0.01781987
-0.01726922
-0.01331788
-0.01210932
-0.01010006
-0.004363727
0.0008932093
-0.001942534
-0.007890297
-0.003821661
-0.002057205
-0.002994729
-0.003202953
-0.002864457
-0.006323421
-0.01339523
-0.01323931
-0.01356585
-0.02084472
-0.02455052
-0.02164469
-0.02125009
-0.02360032
-0.0266319
-0.02773263
-0.02384658
-0.01521038
-0.007402428
-0.005848094
-0.00680194
-0.006080946
-0.002042913
0.0052683
0.007181674
0.003673747
0.00519544
0.009810793
0.01468421
0.0187967
0.01864763
0.0177101
0.01601268
0.01181625
0.004583281
0.004034373
0.006194585
0.004198297
-0.0003143314
-0.0046964
-0.005361588
-0.01025876
-0.01746317
-0.02187991
-0.01704832
-0.006122232
0.003091278
0.00988127
0.01236992
0.01148033
0.0146279
0.02137199
0.02624438
0.02504675
0.01859816
0.01340111
0.01002578
0.01059173
0.00857606
0.004280689
0.002529199
0.001740588
0.002050517
0.004325986
0.009055576
0.01124128
0.005649493
0.003467561
0.00436501
0.002336078
0.004098487
0.005668115
0.01061802
0.01236819
0.006295979
0.004093647
0.006024355
0.004205543
8.765028e-05
0.001312518
0.004816065
0.007119072
0.00634372
-0.002067353
-0.01054473
-0.01335906
-0.01475151
-0.0159063
-0.01460596
-0.009948792
-0.006223905
-0.004443139
0.001291148
0.007400794
0.00527904
-0.0003413137
-0.005659747
-0.006441221
-0.008548696
-0.01350401
-0.0125066
-0.008392078
-0.008460574
-0.01423597
-0.01811824
-0.01615694
-0.009238431
-0.001080626
0.003624479
0.005448084
0.004827769
0.001063814
-0.0001807412
0.0008044237
-0.0007134917
-0.0006973271
-0.001531842
-0.001977738
-0.002635793
-0.004079249
0.0003616751
-0.001743761
-0.009944717
-0.01330883
-0.01167801
-0.006253804
-0.0068833
-0.009221296
-0.009129653
-0.006981688
-0.005483465
-0.006190482
-0.004697358
-0.006576355
-0.008107531
-0.007945508
-0.006652305
-0.004322781
-0.004528978
-0.003802895
-0.003569472
-0.003641029
0.001283374
0.007498077
0.01162586
0.01421956
0.01613496
0.01545651
0.01520543
0.01693927
0.01427692
0.01320678
0.01311482
0.01475482
0.01649071
0.01561641
0.01767053
0.01825381
0.02083323
0.02362482
0.0221171
0.0166171
0.01426278
0.01671777
0.01487753
0.01323721
0.01236801
0.01203125
0.0121484
0.008799577
0.004325699
0.001669461
0.001910022
0.002432104
0.004452566
0.008194787
0.007673409
0.00339231
-0.002435108
-0.007967746
-0.009266366
-0.003890103
0.004026978
0.004046199
-0.002058659
-0.007316917
-0.009537616
-0.009724436
-0.009552215
-0.01115071
-0.01435979
-0.01367451
-0.01097371
-0.01153803
-0.01465713
-0.01513623
-0.01592744
-0.01719332
-0.01501215
-0.0100424
-0.00512644
-0.0071111
-0.01333074
-0.01442265
-0.009688013
-0.005459305
-0.00230236
0.003323709
0.007427731
0.007204209
0.001014459
-0.005045529
-0.005496508
-0.00454819
-0.002994541
-0.00175599
-0.002461216
-0.002404134
-0.002442309
-0.002259912
-0.0004465197
0.002012531
0.005214688
0.005309015
-0.001528159
-0.008295183
-0.009359038
-0.007121885
0.0003120119
0.005350523
0.001803457
-0.003875036
-0.007335838
-0.007497077
-0.008928577
-0.01343878
-0.01444642
-0.007427779
0.000353872
0.001326419
0.001556634
0.003184888
0.001769974
-0.0005148489
-0.0009646773
-0.0009597412
0.0009492278
0.005400538
0.008769173
0.01037212
0.01274858
0.01244417
0.00810549
0.005256048
0.004713175
0.005869229
0.00778737
0.009416854
0.01052903
0.009589561
0.00911411
0.009887571
0.01202911
0.01317066
0.01139798
0.009220078
0.009107197
0.009793534
0.009752227
0.009978271
0.01087586
0.01180124
0.00881019
0.004922708
0.001422645
0.0005010285
0.001978331
0.0002302416
-0.003366963
-0.006423249
-0.006756967
-0.005852262
-0.006992264
-0.009056122
-0.009810163
-0.008318785
-0.007905251
-0.009093229
-0.007237661
-0.005866934
-0.005341046
-0.007806954
-0.009951896
-0.00934222
-0.009174973
-0.008370324
-0.008553785
-0.008234639
-0.008054788
-0.00965635
-0.009931798
-0.009488998
-0.008849483
-0.006950947
-0.006059062
-0.004934743
-0.004207012
-0.004185321
-0.004132764
-0.003138373
-0.002575284
-0.003920761
-0.00613145
-0.006484514
-0.005494088
-0.005624037
-0.006030342
-0.004425967
-0.001834687
-0.001131321
-0.001468665
-0.002257303
-0.002311178
-0.0012836
-0.000875846
-0.000444809
0.001045784
0.002182082
0.002000347
0.0006068517
-0.0005992407
0.0002950003
0.001150282
0.0007116834
0.001090639
0.00206599
0.003133247
0.003989103
0.005032621
0.005336514
0.005293258
0.004703507
0.004205785
0.004754147
0.004383044
0.004109381
0.004169812
0.004165291
0.004582643
0.004704486
0.004347058
0.003815752
0.003506997
0.003479984
0.003831124
0.003778986
0.003383458
0.003394961
0.003494489
0.003570191
0.00324368
0.002565419
0.001918791
0.001433871
0.001007859
0.0004857514
0.0002746709
0.0003240279
0.0004586432
0.0004602064
0.0006009723
0.0007371545
0.0006364946
0.0003084733
-0.0001606471
-0.0002940377
-0.0004033509
-0.0005101328
-0.0008050088
-0.001117151
-0.001320307
-0.001381586
-0.001222481
-0.001182103
-0.001084072
-0.001019138
-0.00108439
-0.001069064
-0.001043515
-0.001059437
-0.001045626
-0.0009987055
-0.0008720198
-0.0006646107
-0.0005445963
-0.0005034788
-0.0004336163
-0.0003788982
-0.0003181563
-0.0002411824
-0.0001796032
-0.0001333635
-6.955778e-05
1.050423e-05
7.017337e-05
0.0001182061
0.0001625694
0.0002016687
0.0002360582
0.0002599819
0.0002690634
0.0002619967
0.0002409606
